3.000000	1.000000	0.000000	0.000000	0.000000	0.321751	0.000000	0.000000	0.000000	0.000000	0.000000	3.217506	0.060000	-0.016088	0.000000	0.000000	0.000000	0.032175	0.600000	-0.160875	0.000000	0.000000	0.000000	0.321751	0.600000	0.321751	0.600000	0.321751	3.162278	0.321751	0.321751	0.116104	
3.000000	1.000000	0.000000	0.000000	0.000000	0.332757	0.000000	0.000000	0.000000	0.000000	0.000000	3.327568	0.119876	-0.029197	0.000000	0.000000	0.000000	0.062233	0.598760	-0.131097	0.000000	0.000000	0.000000	0.300582	0.594233	0.300582	0.594233	0.300582	3.110632	0.300582	0.332757	0.295067	
3.000000	1.000000	0.000000	0.000000	0.000000	0.343203	0.000000	0.000000	0.000000	0.000000	0.000000	3.432030	0.179407	-0.039563	0.000000	0.000000	0.000000	0.090330	0.595311	-0.103661	0.000000	0.000000	0.000000	0.280970	0.587711	0.280970	0.587711	0.280970	3.058490	0.280970	0.343203	0.394360	
3.000000	1.000000	0.000000	0.000000	0.000000	0.353114	0.000000	0.000000	0.000000	0.000000	0.000000	3.531145	0.238413	-0.047412	0.000000	0.000000	0.000000	0.116609	0.590059	-0.078484	0.000000	0.000000	0.000000	0.262784	0.580574	0.262784	0.580574	0.262784	3.006067	0.262784	0.353114	0.494740	
3.000000	1.000000	0.000000	0.000000	0.000000	0.362517	0.000000	0.000000	0.000000	0.000000	0.000000	3.625168	0.296748	-0.052958	0.000000	0.000000	0.000000	0.141199	0.583353	-0.055461	0.000000	0.000000	0.000000	0.245908	0.572939	0.245908	0.572939	0.245908	2.953546	0.245908	0.362517	0.599182	
3.000000	1.000000	0.000000	0.000000	0.000000	0.371435	0.000000	0.000000	0.000000	0.000000	0.000000	3.714353	0.354297	-0.056405	0.000000	0.000000	0.000000	0.164223	0.575485	-0.034473	0.000000	0.000000	0.000000	0.230236	0.564906	0.230236	0.564906	0.230236	2.901084	0.230236	0.371435	0.693459	
3.000000	1.000000	0.000000	0.000000	0.000000	0.379895	0.000000	0.000000	0.000000	0.000000	0.000000	3.798949	0.410967	-0.057945	0.000000	0.000000	0.000000	0.185790	0.566704	-0.015395	0.000000	0.000000	0.000000	0.215672	0.556563	0.215672	0.556563	0.215672	2.848813	0.215672	0.379895	0.793459	
3.000000	1.000000	0.000000	0.000000	0.000000	0.387920	0.000000	0.000000	0.000000	0.000000	0.000000	3.879199	0.466689	-0.057755	0.000000	0.000000	0.000000	0.206003	0.557219	0.001899	0.000000	0.000000	0.000000	0.202130	0.547981	0.202130	0.547981	0.202130	2.796844	0.202130	0.387920	0.893474	
3.000000	1.000000	0.000000	0.000000	0.000000	0.395534	0.000000	0.000000	0.000000	0.000000	0.000000	3.955337	0.521410	-0.056001	0.000000	0.000000	0.000000	0.224956	0.547205	0.017536	0.000000	0.000000	0.000000	0.189531	0.539222	0.189531	0.539222	0.189531	2.745270	0.189531	0.395534	0.993460	
3.000000	1.000000	0.000000	0.000000	0.000000	0.402759	0.000000	0.000000	0.000000	0.000000	0.000000	4.027589	0.575090	-0.052837	0.000000	0.000000	0.000000	0.242737	0.536807	0.031638	0.000000	0.000000	0.000000	0.177803	0.530339	0.177803	0.530339	0.177803	2.694169	0.177803	0.402759	1.093791	
3.000000	1.000000	0.000000	0.000000	0.000000	0.409617	0.000000	0.000000	0.000000	0.000000	0.000000	4.096170	0.627705	-0.048405	0.000000	0.000000	0.000000	0.259425	0.526147	0.044324	0.000000	0.000000	0.000000	0.166880	0.521376	0.166880	0.521376	0.166880	2.643606	0.166880	0.409617	1.193609	
3.000000	1.000000	0.000000	0.000000	0.000000	0.416129	0.000000	0.000000	0.000000	0.000000	0.000000	4.161286	0.679238	-0.042834	0.000000	0.000000	0.000000	0.275095	0.515325	0.055705	0.000000	0.000000	0.000000	0.156704	0.512371	0.156704	0.512371	0.156704	2.593634	0.156704	0.416129	1.293618	
3.000000	1.000000	0.000000	0.000000	0.000000	0.422313	0.000000	0.000000	0.000000	0.000000	0.000000	4.223132	0.729680	-0.036245	0.000000	0.000000	0.000000	0.289817	0.504423	0.065889	0.000000	0.000000	0.000000	0.147218	0.503355	0.147218	0.503355	0.147218	2.544296	0.147218	0.422313	1.393412	
3.000000	1.000000	0.000000	0.000000	0.000000	0.428189	0.000000	0.000000	0.000000	0.000000	0.000000	4.281894	0.779031	-0.028748	0.000000	0.000000	0.000000	0.303654	0.493510	0.074974	0.000000	0.000000	0.000000	0.138373	0.494355	0.138373	0.494355	0.138373	2.495628	0.138373	0.428189	1.493543	
3.000000	1.000000	0.000000	0.000000	0.000000	0.433775	0.000000	0.000000	0.000000	0.000000	0.000000	4.337749	0.827295	-0.020443	0.000000	0.000000	0.000000	0.316666	0.482640	0.083053	0.000000	0.000000	0.000000	0.130121	0.485393	0.130121	0.485393	0.130121	2.447657	0.130121	0.433775	1.593780	
3.000000	1.000000	0.000000	0.000000	0.000000	0.439086	0.000000	0.000000	0.000000	0.000000	0.000000	4.390862	0.874481	-0.011422	0.000000	0.000000	0.000000	0.328908	0.471858	0.090212	0.000000	0.000000	0.000000	0.122420	0.476488	0.122420	0.476488	0.122420	2.400406	0.122420	0.439086	1.693441	
3.000000	1.000000	0.000000	0.000000	0.000000	0.444139	0.000000	0.000000	0.000000	0.000000	0.000000	4.441390	0.920601	-0.001769	0.000000	0.000000	0.000000	0.340431	0.461198	0.096531	0.000000	0.000000	0.000000	0.115231	0.467656	0.115231	0.467656	0.115231	2.353892	0.115231	0.444139	1.793492	
3.000000	1.000000	0.000000	0.000000	0.000000	0.448948	0.000000	0.000000	0.000000	0.000000	0.000000	4.489483	0.965670	0.008440	0.000000	0.000000	0.000000	0.351283	0.450690	0.102082	0.000000	0.000000	0.000000	0.108517	0.458910	0.108517	0.458910	0.108517	2.308125	0.108517	0.448948	1.893942	
3.000000	1.000000	0.000000	0.000000	0.000000	0.453528	0.000000	0.000000	0.000000	0.000000	0.000000	4.535279	1.009705	0.019133	0.000000	0.000000	0.000000	0.361507	0.440354	0.106935	0.000000	0.000000	0.000000	0.102245	0.450259	0.102245	0.450259	0.102245	2.263116	0.102245	0.453528	1.993491	
3.000000	1.000000	0.000000	0.000000	0.000000	0.457891	0.000000	0.000000	0.000000	0.000000	0.000000	4.578910	1.052726	0.030248	0.000000	0.000000	0.000000	0.371146	0.430208	0.111150	0.000000	0.000000	0.000000	0.096384	0.441714	0.096384	0.441714	0.096384	2.218868	0.096384	0.457891	2.093719	
3.000000	1.000000	0.000000	0.000000	0.000000	0.462050	0.000000	0.000000	0.000000	0.000000	0.000000	4.620501	1.094752	0.041727	0.000000	0.000000	0.000000	0.380236	0.420264	0.114786	0.000000	0.000000	0.000000	0.090904	0.433280	0.090904	0.433280	0.090904	2.175384	0.090904	0.462050	2.194051	
3.000000	1.000000	0.000000	0.000000	0.000000	0.466017	0.000000	0.000000	0.000000	0.000000	0.000000	4.660169	1.135805	0.053516	0.000000	0.000000	0.000000	0.388814	0.410531	0.117894	0.000000	0.000000	0.000000	0.085781	0.424965	0.085781	0.424965	0.085781	2.132664	0.085781	0.466017	2.293516	
3.000000	1.000000	0.000000	0.000000	0.000000	0.469802	0.000000	0.000000	0.000000	0.000000	0.000000	4.698023	1.175907	0.065569	0.000000	0.000000	0.000000	0.396913	0.401014	0.120523	0.000000	0.000000	0.000000	0.080988	0.416771	0.080988	0.416771	0.080988	2.090706	0.080988	0.469802	2.393499	
3.000000	1.000000	0.000000	0.000000	0.000000	0.473417	0.000000	0.000000	0.000000	0.000000	0.000000	4.734167	1.215078	0.077840	0.000000	0.000000	0.000000	0.404563	0.391717	0.122715	0.000000	0.000000	0.000000	0.076504	0.408702	0.076504	0.408702	0.076504	2.049507	0.076504	0.473417	2.493972	
3.000000	1.000000	0.000000	0.000000	0.000000	0.476870	0.000000	0.000000	0.000000	0.000000	0.000000	4.768699	1.253342	0.090291	0.000000	0.000000	0.000000	0.411794	0.382641	0.124512	0.000000	0.000000	0.000000	0.072306	0.400762	0.072306	0.400762	0.072306	2.009061	0.072306	0.476870	2.593509	
3.000000	1.000000	0.000000	0.000000	0.000000	0.480171	0.000000	0.000000	0.000000	0.000000	0.000000	4.801710	1.290721	0.102886	0.000000	0.000000	0.000000	0.418632	0.373787	0.125950	0.000000	0.000000	0.000000	0.068377	0.392952	0.068377	0.392952	0.068377	1.969361	0.068377	0.480171	2.693539	
3.000000	1.000000	0.000000	0.000000	0.000000	0.483329	0.000000	0.000000	0.000000	0.000000	0.000000	4.833288	1.327236	0.115593	0.000000	0.000000	0.000000	0.425101	0.365153	0.127062	0.000000	0.000000	0.000000	0.064697	0.385272	0.064697	0.385272	0.064697	1.930401	0.064697	0.483329	2.793557	
3.000000	1.000000	0.000000	0.000000	0.000000	0.486351	0.000000	0.000000	0.000000	0.000000	0.000000	4.863512	1.362910	0.128381	0.000000	0.000000	0.000000	0.431226	0.356736	0.127880	0.000000	0.000000	0.000000	0.061250	0.377725	0.061250	0.377725	0.061250	1.892172	0.061250	0.486351	2.893550	
3.000000	1.000000	0.000000	0.000000	0.000000	0.489246	0.000000	0.000000	0.000000	0.000000	0.000000	4.892460	1.397763	0.141224	0.000000	0.000000	0.000000	0.437028	0.348534	0.128430	0.000000	0.000000	0.000000	0.058020	0.370309	0.058020	0.370309	0.058020	1.854666	0.058020	0.489246	2.993708	
3.000000	1.000000	0.000000	0.000000	0.000000	0.492020	0.000000	0.000000	0.000000	0.000000	0.000000	4.920203	1.431818	0.154097	0.000000	0.000000	0.000000	0.442528	0.340543	0.128738	0.000000	0.000000	0.000000	0.054992	0.363025	0.054992	0.363025	0.054992	1.817872	0.054992	0.492020	3.093613	
3.000000	1.000000	0.000000	0.000000	0.000000	0.494681	0.000000	0.000000	0.000000	0.000000	0.000000	4.946810	1.465093	0.166980	0.000000	0.000000	0.000000	0.447743	0.332758	0.128828	0.000000	0.000000	0.000000	0.052153	0.355872	0.052153	0.355872	0.052153	1.781782	0.052153	0.494681	3.194371	
3.000000	1.000000	0.000000	0.000000	0.000000	0.497234	0.000000	0.000000	0.000000	0.000000	0.000000	4.972345	1.497611	0.179852	0.000000	0.000000	0.000000	0.452692	0.325175	0.128722	0.000000	0.000000	0.000000	0.049492	0.348849	0.049492	0.348849	0.049492	1.746385	0.049492	0.497234	3.294123	
3.000000	1.000000	0.000000	0.000000	0.000000	0.499687	0.000000	0.000000	0.000000	0.000000	0.000000	4.996867	1.529390	0.192696	0.000000	0.000000	0.000000	0.457392	0.317789	0.128437	0.000000	0.000000	0.000000	0.046995	0.341956	0.046995	0.341956	0.046995	1.711670	0.046995	0.499687	3.393599	
3.000000	1.000000	0.000000	0.000000	0.000000	0.502043	0.000000	0.000000	0.000000	0.000000	0.000000	5.020433	1.560449	0.205495	0.000000	0.000000	0.000000	0.461857	0.310595	0.127993	0.000000	0.000000	0.000000	0.044652	0.335191	0.044652	0.335191	0.044652	1.677627	0.044652	0.502043	3.494000	
3.000000	1.000000	0.000000	0.000000	0.000000	0.504310	0.000000	0.000000	0.000000	0.000000	0.000000	5.043097	1.590808	0.218236	0.000000	0.000000	0.000000	0.466102	0.303588	0.127404	0.000000	0.000000	0.000000	0.042453	0.328553	0.042453	0.328553	0.042453	1.644246	0.042453	0.504310	3.593602	
3.000000	1.000000	0.000000	0.000000	0.000000	0.506491	0.000000	0.000000	0.000000	0.000000	0.000000	5.064910	1.620485	0.230904	0.000000	0.000000	0.000000	0.470141	0.296762	0.126687	0.000000	0.000000	0.000000	0.040389	0.322040	0.040389	0.322040	0.040389	1.611514	0.040389	0.506491	3.693609	
3.000000	1.000000	0.000000	0.000000	0.000000	0.508592	0.000000	0.000000	0.000000	0.000000	0.000000	5.085918	1.649496	0.243490	0.000000	0.000000	0.000000	0.473986	0.290113	0.125854	0.000000	0.000000	0.000000	0.038451	0.315651	0.038451	0.315651	0.038451	1.579421	0.038451	0.508592	3.793671	
3.000000	1.000000	0.000000	0.000000	0.000000	0.510617	0.000000	0.000000	0.000000	0.000000	0.000000	5.106168	1.677859	0.255982	0.000000	0.000000	0.000000	0.477649	0.283636	0.124918	0.000000	0.000000	0.000000	0.036631	0.309384	0.036631	0.309384	0.036631	1.547956	0.036631	0.510617	3.894735	
3.000000	1.000000	0.000000	0.000000	0.000000	0.512570	0.000000	0.000000	0.000000	0.000000	0.000000	5.125701	1.705592	0.268371	0.000000	0.000000	0.000000	0.481141	0.277324	0.123889	0.000000	0.000000	0.000000	0.034921	0.303237	0.034921	0.303237	0.034921	1.517109	0.034921	0.512570	3.993754	
3.000000	1.000000	0.000000	0.000000	0.000000	0.514456	0.000000	0.000000	0.000000	0.000000	0.000000	5.144557	1.732709	0.280648	0.000000	0.000000	0.000000	0.484473	0.271174	0.122779	0.000000	0.000000	0.000000	0.033315	0.297208	0.033315	0.297208	0.033315	1.486867	0.033315	0.514456	4.094073	
3.000000	1.000000	0.000000	0.000000	0.000000	0.516277	0.000000	0.000000	0.000000	0.000000	0.000000	5.162775	1.759227	0.292808	0.000000	0.000000	0.000000	0.487653	0.265181	0.121597	0.000000	0.000000	0.000000	0.031805	0.291297	0.031805	0.291297	0.031805	1.457221	0.031805	0.516277	4.193733	
3.000000	1.000000	0.000000	0.000000	0.000000	0.518039	0.000000	0.000000	0.000000	0.000000	0.000000	5.180390	1.785161	0.304843	0.000000	0.000000	0.000000	0.490692	0.259339	0.120350	0.000000	0.000000	0.000000	0.030386	0.285500	0.030386	0.285500	0.030386	1.428159	0.030386	0.518039	4.293728	
3.000000	1.000000	0.000000	0.000000	0.000000	0.519744	0.000000	0.000000	0.000000	0.000000	0.000000	5.197437	1.810526	0.316748	0.000000	0.000000	0.000000	0.493597	0.253645	0.119047	0.000000	0.000000	0.000000	0.029052	0.279816	0.029052	0.279816	0.029052	1.399670	0.029052	0.519744	4.393912	
3.000000	1.000000	0.000000	0.000000	0.000000	0.521395	0.000000	0.000000	0.000000	0.000000	0.000000	5.213947	1.835335	0.328517	0.000000	0.000000	0.000000	0.496377	0.248093	0.117695	0.000000	0.000000	0.000000	0.027798	0.274243	0.027798	0.274243	0.027798	1.371744	0.027798	0.521395	4.494266	
3.000000	1.000000	0.000000	0.000000	0.000000	0.522995	0.000000	0.000000	0.000000	0.000000	0.000000	5.229952	1.859603	0.340147	0.000000	0.000000	0.000000	0.499039	0.242679	0.116301	0.000000	0.000000	0.000000	0.026618	0.268779	0.026618	0.268779	0.026618	1.344371	0.026618	0.522995	4.593779	
3.000000	1.000000	0.000000	0.000000	0.000000	0.524548	0.000000	0.000000	0.000000	0.000000	0.000000	5.245479	1.883343	0.351634	0.000000	0.000000	0.000000	0.501589	0.237400	0.114870	0.000000	0.000000	0.000000	0.025509	0.263422	0.025509	0.263422	0.025509	1.317540	0.025509	0.524548	4.694168	
3.000000	1.000000	0.000000	0.000000	0.000000	0.526056	0.000000	0.000000	0.000000	0.000000	0.000000	5.260558	1.906568	0.362975	0.000000	0.000000	0.000000	0.504036	0.232251	0.113407	0.000000	0.000000	0.000000	0.024466	0.258171	0.024466	0.258171	0.024466	1.291240	0.024466	0.526056	4.793770	
3.000000	1.000000	0.000000	0.000000	0.000000	0.527521	0.000000	0.000000	0.000000	0.000000	0.000000	5.275213	1.929291	0.374167	0.000000	0.000000	0.000000	0.506385	0.227228	0.111918	0.000000	0.000000	0.000000	0.023485	0.253023	0.023485	0.253023	0.023485	1.265462	0.023485	0.527521	4.893778	
3.000000	1.000000	0.000000	0.000000	0.000000	0.528947	0.000000	0.000000	0.000000	0.000000	0.000000	5.289469	1.951524	0.385208	0.000000	0.000000	0.000000	0.508641	0.222327	0.110408	0.000000	0.000000	0.000000	0.022562	0.247976	0.022562	0.247976	0.022562	1.240195	0.022562	0.528947	4.994319	
3.000000	1.000000	0.000000	0.000000	0.000000	0.530335	0.000000	0.000000	0.000000	0.000000	0.000000	5.303351	1.973278	0.396096	0.000000	0.000000	0.000000	0.510810	0.217546	0.108879	0.000000	0.000000	0.000000	0.021694	0.243029	0.021694	0.243029	0.021694	1.215431	0.021694	0.530335	5.093804	
3.000000	1.000000	0.000000	0.000000	0.000000	0.531688	0.000000	0.000000	0.000000	0.000000	0.000000	5.316881	1.994566	0.406829	0.000000	0.000000	0.000000	0.512898	0.212879	0.107336	0.000000	0.000000	0.000000	0.020878	0.238180	0.020878	0.238180	0.020878	1.191158	0.020878	0.531688	5.193972	
3.000000	1.000000	0.000000	0.000000	0.000000	0.533008	0.000000	0.000000	0.000000	0.000000	0.000000	5.330081	2.015399	0.417408	0.000000	0.000000	0.000000	0.514909	0.208325	0.105782	0.000000	0.000000	0.000000	0.020110	0.233426	0.020110	0.233426	0.020110	1.167368	0.020110	0.533008	5.294259	
3.000000	1.000000	0.000000	0.000000	0.000000	0.534297	0.000000	0.000000	0.000000	0.000000	0.000000	5.342971	2.035787	0.427830	0.000000	0.000000	0.000000	0.516848	0.203879	0.104221	0.000000	0.000000	0.000000	0.019388	0.228767	0.019388	0.228767	0.019388	1.144051	0.019388	0.534297	5.393819	
3.000000	1.000000	0.000000	0.000000	0.000000	0.535557	0.000000	0.000000	0.000000	0.000000	0.000000	5.355571	2.055740	0.438095	0.000000	0.000000	0.000000	0.518719	0.199538	0.102654	0.000000	0.000000	0.000000	0.018709	0.224201	0.018709	0.224201	0.018709	1.121199	0.018709	0.535557	5.493785	
3.000000	1.000000	0.000000	0.000000	0.000000	0.536790	0.000000	0.000000	0.000000	0.000000	0.000000	5.367901	2.075270	0.448204	0.000000	0.000000	0.000000	0.520526	0.195300	0.101085	0.000000	0.000000	0.000000	0.018071	0.219724	0.018071	0.219724	0.018071	1.098801	0.018071	0.536790	5.593770	
3.000000	1.000000	0.000000	0.000000	0.000000	0.537998	0.000000	0.000000	0.000000	0.000000	0.000000	5.379977	2.094387	0.458155	0.000000	0.000000	0.000000	0.522273	0.191162	0.099516	0.000000	0.000000	0.000000	0.017472	0.215337	0.017472	0.215337	0.017472	1.076849	0.017472	0.537998	5.693848	
3.000000	1.000000	0.000000	0.000000	0.000000	0.539182	0.000000	0.000000	0.000000	0.000000	0.000000	5.391819	2.113099	0.467950	0.000000	0.000000	0.000000	0.523964	0.187120	0.097949	0.000000	0.000000	0.000000	0.016909	0.211037	0.016909	0.211037	0.016909	1.055335	0.016909	0.539182	5.793961	
3.000000	1.000000	0.000000	0.000000	0.000000	0.540344	0.000000	0.000000	0.000000	0.000000	0.000000	5.403442	2.131416	0.477588	0.000000	0.000000	0.000000	0.525602	0.183173	0.096385	0.000000	0.000000	0.000000	0.016380	0.206822	0.016380	0.206822	0.016380	1.034249	0.016380	0.540344	5.893857	
3.000000	1.000000	0.000000	0.000000	0.000000	0.541486	0.000000	0.000000	0.000000	0.000000	0.000000	5.414863	2.149348	0.487071	0.000000	0.000000	0.000000	0.527190	0.179317	0.094827	0.000000	0.000000	0.000000	0.015884	0.202691	0.015884	0.202691	0.015884	1.013584	0.015884	0.541486	5.993845	
3.000000	1.000000	0.000000	0.000000	0.000000	0.542610	0.000000	0.000000	0.000000	0.000000	0.000000	5.426099	2.166903	0.496399	0.000000	0.000000	0.000000	0.528732	0.175550	0.093276	0.000000	0.000000	0.000000	0.015419	0.198642	0.015419	0.198642	0.015419	0.993330	0.015419	0.542610	6.093834	
3.000000	1.000000	0.000000	0.000000	0.000000	0.543716	0.000000	0.000000	0.000000	0.000000	0.000000	5.437164	2.184090	0.505572	0.000000	0.000000	0.000000	0.530231	0.171870	0.091732	0.000000	0.000000	0.000000	0.014984	0.194674	0.014984	0.194674	0.014984	0.973481	0.014984	0.543716	6.194021	
3.000000	1.000000	0.000000	0.000000	0.000000	0.544807	0.000000	0.000000	0.000000	0.000000	0.000000	5.448074	2.200917	0.514592	0.000000	0.000000	0.000000	0.531688	0.168275	0.090199	0.000000	0.000000	0.000000	0.014577	0.190785	0.014577	0.190785	0.014577	0.954028	0.014577	0.544807	6.293856	
3.000000	1.000000	0.000000	0.000000	0.000000	0.545884	0.000000	0.000000	0.000000	0.000000	0.000000	5.458843	2.217393	0.523459	0.000000	0.000000	0.000000	0.533108	0.164761	0.088676	0.000000	0.000000	0.000000	0.014196	0.186974	0.014196	0.186974	0.014196	0.934962	0.014196	0.545884	6.393860	
3.000000	1.000000	0.000000	0.000000	0.000000	0.546948	0.000000	0.000000	0.000000	0.000000	0.000000	5.469485	2.233526	0.532176	0.000000	0.000000	0.000000	0.534492	0.161327	0.087164	0.000000	0.000000	0.000000	0.013840	0.183238	0.013840	0.183238	0.013840	0.916277	0.013840	0.546948	6.493863	
3.000000	1.000000	0.000000	0.000000	0.000000	0.548001	0.000000	0.000000	0.000000	0.000000	0.000000	5.480015	2.249323	0.540742	0.000000	0.000000	0.000000	0.535843	0.157972	0.085664	0.000000	0.000000	0.000000	0.013509	0.179577	0.013509	0.179577	0.013509	0.897965	0.013509	0.548001	6.593941	
3.000000	1.000000	0.000000	0.000000	0.000000	0.549045	0.000000	0.000000	0.000000	0.000000	0.000000	5.490447	2.264792	0.549160	0.000000	0.000000	0.000000	0.537163	0.154692	0.084178	0.000000	0.000000	0.000000	0.013202	0.175988	0.013202	0.175988	0.013202	0.880019	0.013202	0.549045	6.694197	
3.000000	1.000000	0.000000	0.000000	0.000000	0.550079	0.000000	0.000000	0.000000	0.000000	0.000000	5.500793	2.279941	0.557431	0.000000	0.000000	0.000000	0.538455	0.151486	0.082705	0.000000	0.000000	0.000000	0.012916	0.172472	0.012916	0.172472	0.012916	0.862431	0.012916	0.550079	6.793867	
3.000000	1.000000	0.000000	0.000000	0.000000	0.551107	0.000000	0.000000	0.000000	0.000000	0.000000	5.511069	2.294776	0.565555	0.000000	0.000000	0.000000	0.539720	0.148353	0.081247	0.000000	0.000000	0.000000	0.012652	0.169025	0.012652	0.169025	0.012652	0.845194	0.012652	0.551107	6.893899	
3.000000	1.000000	0.000000	0.000000	0.000000	0.552129	0.000000	0.000000	0.000000	0.000000	0.000000	5.521288	2.309305	0.573536	0.000000	0.000000	0.000000	0.540961	0.145290	0.079803	0.000000	0.000000	0.000000	0.012409	0.165647	0.012409	0.165647	0.012409	0.828301	0.012409	0.552129	6.993879	
3.000000	1.000000	0.000000	0.000000	0.000000	0.553146	0.000000	0.000000	0.000000	0.000000	0.000000	5.531463	2.323535	0.581373	0.000000	0.000000	0.000000	0.542179	0.142295	0.078374	0.000000	0.000000	0.000000	0.012185	0.162337	0.012185	0.162337	0.012185	0.811746	0.012185	0.553146	7.094285	
3.000000	1.000000	0.000000	0.000000	0.000000	0.554161	0.000000	0.000000	0.000000	0.000000	0.000000	5.541607	2.337471	0.589069	0.000000	0.000000	0.000000	0.543378	0.139368	0.076961	0.000000	0.000000	0.000000	0.011981	0.159093	0.011981	0.159093	0.011981	0.795521	0.011981	0.554161	7.193918	
3.000000	1.000000	0.000000	0.000000	0.000000	0.555174	0.000000	0.000000	0.000000	0.000000	0.000000	5.551736	2.351122	0.596625	0.000000	0.000000	0.000000	0.544557	0.136506	0.075563	0.000000	0.000000	0.000000	0.011796	0.155913	0.011796	0.155913	0.011796	0.779621	0.011796	0.555174	7.293888	
3.000000	1.000000	0.000000	0.000000	0.000000	0.556186	0.000000	0.000000	0.000000	0.000000	0.000000	5.561862	2.364493	0.604044	0.000000	0.000000	0.000000	0.545720	0.133708	0.074181	0.000000	0.000000	0.000000	0.011629	0.152797	0.011629	0.152797	0.011629	0.764038	0.011629	0.556186	7.394092	
3.000000	1.000000	0.000000	0.000000	0.000000	0.557200	0.000000	0.000000	0.000000	0.000000	0.000000	5.572000	2.377590	0.611325	0.000000	0.000000	0.000000	0.546868	0.130973	0.072816	0.000000	0.000000	0.000000	0.011480	0.149743	0.011480	0.149743	0.011480	0.748766	0.011480	0.557200	7.493895	
3.000000	1.000000	0.000000	0.000000	0.000000	0.558216	0.000000	0.000000	0.000000	0.000000	0.000000	5.582164	2.390420	0.618472	0.000000	0.000000	0.000000	0.548003	0.128299	0.071466	0.000000	0.000000	0.000000	0.011348	0.146751	0.011348	0.146751	0.011348	0.733800	0.011348	0.558216	7.594046	
3.000000	1.000000	0.000000	0.000000	0.000000	0.559237	0.000000	0.000000	0.000000	0.000000	0.000000	5.592370	2.402988	0.625485	0.000000	0.000000	0.000000	0.549126	0.125684	0.070132	0.000000	0.000000	0.000000	0.011234	0.143817	0.011234	0.143817	0.011234	0.719132	0.011234	0.559237	7.693861	
3.000000	1.000000	0.000000	0.000000	0.000000	0.560263	0.000000	0.000000	0.000000	0.000000	0.000000	5.602632	2.415301	0.632366	0.000000	0.000000	0.000000	0.550240	0.123128	0.068814	0.000000	0.000000	0.000000	0.011137	0.140943	0.011137	0.140943	0.011137	0.704758	0.011137	0.560263	7.793890	
3.000000	1.000000	0.000000	0.000000	0.000000	0.561297	0.000000	0.000000	0.000000	0.000000	0.000000	5.612966	2.427364	0.639118	0.000000	0.000000	0.000000	0.551346	0.120629	0.067513	0.000000	0.000000	0.000000	0.011057	0.138126	0.011057	0.138126	0.011057	0.690671	0.011057	0.561297	7.894726	
3.000000	1.000000	0.000000	0.000000	0.000000	0.562339	0.000000	0.000000	0.000000	0.000000	0.000000	5.623390	2.439183	0.645740	0.000000	0.000000	0.000000	0.552445	0.118186	0.066227	0.000000	0.000000	0.000000	0.010993	0.135365	0.010993	0.135365	0.010993	0.676866	0.010993	0.562339	7.993979	
3.000000	1.000000	0.000000	0.000000	0.000000	0.563392	0.000000	0.000000	0.000000	0.000000	0.000000	5.633919	2.450763	0.652236	0.000000	0.000000	0.000000	0.553540	0.115798	0.064956	0.000000	0.000000	0.000000	0.010947	0.132659	0.010947	0.132659	0.010947	0.663337	0.010947	0.563392	8.094220	
3.000000	1.000000	0.000000	0.000000	0.000000	0.564457	0.000000	0.000000	0.000000	0.000000	0.000000	5.644572	2.462109	0.658606	0.000000	0.000000	0.000000	0.554631	0.113463	0.063702	0.000000	0.000000	0.000000	0.010918	0.130008	0.010918	0.130008	0.010918	0.650078	0.010918	0.564457	8.193927	
3.000000	1.000000	0.000000	0.000000	0.000000	0.565537	0.000000	0.000000	0.000000	0.000000	0.000000	5.655368	2.473227	0.664852	0.000000	0.000000	0.000000	0.555722	0.111182	0.062462	0.000000	0.000000	0.000000	0.010905	0.127409	0.010905	0.127409	0.010905	0.637084	0.010905	0.565537	8.294005	
3.000000	1.000000	0.000000	0.000000	0.000000	0.566633	0.000000	0.000000	0.000000	0.000000	0.000000	5.666326	2.484122	0.670976	0.000000	0.000000	0.000000	0.556813	0.108951	0.061238	0.000000	0.000000	0.000000	0.010911	0.124863	0.010911	0.124863	0.010911	0.624351	0.010911	0.566633	8.393921	
3.000000	1.000000	0.000000	0.000000	0.000000	0.567747	0.000000	0.000000	0.000000	0.000000	0.000000	5.677468	2.494799	0.676979	0.000000	0.000000	0.000000	0.557906	0.106772	0.060028	0.000000	0.000000	0.000000	0.010934	0.122367	0.010934	0.122367	0.010934	0.611871	0.010934	0.567747	8.494074	
3.000000	1.000000	0.000000	0.000000	0.000000	0.568882	0.000000	0.000000	0.000000	0.000000	0.000000	5.688815	2.505264	0.682862	0.000000	0.000000	0.000000	0.559004	0.104642	0.058832	0.000000	0.000000	0.000000	0.010975	0.119921	0.010975	0.119921	0.010975	0.599642	0.010975	0.568882	8.593912	
3.000000	1.000000	0.000000	0.000000	0.000000	0.570039	0.000000	0.000000	0.000000	0.000000	0.000000	5.700392	2.515520	0.688627	0.000000	0.000000	0.000000	0.560107	0.102561	0.057650	0.000000	0.000000	0.000000	0.011035	0.117524	0.011035	0.117524	0.011035	0.587657	0.011035	0.570039	8.694296	
3.000000	1.000000	0.000000	0.000000	0.000000	0.571222	0.000000	0.000000	0.000000	0.000000	0.000000	5.712224	2.525573	0.694275	0.000000	0.000000	0.000000	0.561219	0.100529	0.056482	0.000000	0.000000	0.000000	0.011115	0.115175	0.011115	0.115175	0.011115	0.575912	0.011115	0.571222	8.794003	
3.000000	1.000000	0.000000	0.000000	0.000000	0.572434	0.000000	0.000000	0.000000	0.000000	0.000000	5.724338	2.535427	0.699808	0.000000	0.000000	0.000000	0.562340	0.098544	0.055326	0.000000	0.000000	0.000000	0.011215	0.112873	0.011215	0.112873	0.011215	0.564401	0.011215	0.572434	8.894120	
3.000000	1.000000	0.000000	0.000000	0.000000	0.573676	0.000000	0.000000	0.000000	0.000000	0.000000	5.736764	2.545087	0.705226	0.000000	0.000000	0.000000	0.563474	0.096605	0.054182	0.000000	0.000000	0.000000	0.011336	0.110617	0.011336	0.110617	0.011336	0.553122	0.011336	0.573676	8.994225	
3.000000	1.000000	0.000000	0.000000	0.000000	0.574953	0.000000	0.000000	0.000000	0.000000	0.000000	5.749533	2.554559	0.710531	0.000000	0.000000	0.000000	0.564622	0.094713	0.053050	0.000000	0.000000	0.000000	0.011479	0.108406	0.011479	0.108406	0.011479	0.542067	0.011479	0.574953	9.093988	
3.000000	1.000000	0.000000	0.000000	0.000000	0.576268	0.000000	0.000000	0.000000	0.000000	0.000000	5.762679	2.563845	0.715724	0.000000	0.000000	0.000000	0.565787	0.092866	0.051929	0.000000	0.000000	0.000000	0.011646	0.106240	0.011646	0.106240	0.011646	0.531235	0.011646	0.576268	9.194089	
3.000000	1.000000	0.000000	0.000000	0.000000	0.577624	0.000000	0.000000	0.000000	0.000000	0.000000	5.776240	2.572952	0.720806	0.000000	0.000000	0.000000	0.566970	0.091065	0.050818	0.000000	0.000000	0.000000	0.011837	0.104116	0.011837	0.104116	0.011837	0.520619	0.011837	0.577624	9.294013	
3.000000	1.000000	0.000000	0.000000	0.000000	0.579025	0.000000	0.000000	0.000000	0.000000	0.000000	5.790255	2.581883	0.725778	0.000000	0.000000	0.000000	0.568176	0.089308	0.049717	0.000000	0.000000	0.000000	0.012055	0.102036	0.012055	0.102036	0.012055	0.510215	0.012055	0.579025	9.393995	
3.000000	1.000000	0.000000	0.000000	0.000000	0.580477	0.000000	0.000000	0.000000	0.000000	0.000000	5.804768	2.590642	0.730640	0.000000	0.000000	0.000000	0.569406	0.087595	0.048623	0.000000	0.000000	0.000000	0.012301	0.099996	0.012301	0.099996	0.012301	0.500020	0.012301	0.580477	9.493997	
3.000000	1.000000	0.000000	0.000000	0.000000	0.581983	0.000000	0.000000	0.000000	0.000000	0.000000	5.819829	2.599235	0.735394	0.000000	0.000000	0.000000	0.570664	0.085926	0.047538	0.000000	0.000000	0.000000	0.012577	0.097998	0.012577	0.097998	0.012577	0.490029	0.012577	0.581983	9.594002	
3.000000	1.000000	0.000000	0.000000	0.000000	0.583549	0.000000	0.000000	0.000000	0.000000	0.000000	5.835489	2.607665	0.740040	0.000000	0.000000	0.000000	0.571952	0.084302	0.046458	0.000000	0.000000	0.000000	0.012885	0.096040	0.012885	0.096040	0.012885	0.480239	0.012885	0.583549	9.694121	
3.000000	1.000000	0.000000	0.000000	0.000000	0.585181	0.000000	0.000000	0.000000	0.000000	0.000000	5.851806	2.615937	0.744578	0.000000	0.000000	0.000000	0.573275	0.082721	0.045384	0.000000	0.000000	0.000000	0.013228	0.094121	0.013228	0.094121	0.013228	0.470645	0.013228	0.585181	9.794272	
3.000000	1.000000	0.000000	0.000000	0.000000	0.586884	0.000000	0.000000	0.000000	0.000000	0.000000	5.868844	2.624055	0.749009	0.000000	0.000000	0.000000	0.574636	0.081184	0.044313	0.000000	0.000000	0.000000	0.013609	0.092240	0.013609	0.092240	0.013609	0.461243	0.013609	0.586884	9.894000	
3.000000	1.000000	0.000000	0.000000	0.000000	0.588667	0.000000	0.000000	0.000000	0.000000	0.000000	5.886673	2.632025	0.753334	0.000000	0.000000	0.000000	0.576039	0.079692	0.043245	0.000000	0.000000	0.000000	0.014031	0.090397	0.014031	0.090397	0.014031	0.452030	0.014031	0.588667	9.994025	
3.000000	1.000000	0.000000	0.000000	0.000000	0.590537	0.000000	0.000000	0.000000	0.000000	0.000000	5.905372	2.639849	0.757551	0.000000	0.000000	0.000000	0.577489	0.078243	0.042177	0.000000	0.000000	0.000000	0.014498	0.088591	0.014498	0.088591	0.014498	0.443001	0.014498	0.590537	10.094009	
3.000000	1.000000	0.000000	0.000000	0.000000	0.592503	0.000000	0.000000	0.000000	0.000000	0.000000	5.925025	2.647533	0.761662	0.000000	0.000000	0.000000	0.578990	0.076840	0.041108	0.000000	0.000000	0.000000	0.015014	0.086821	0.015014	0.086821	0.015014	0.434155	0.015014	0.592503	10.194052	
3.000000	1.000000	0.000000	0.000000	0.000000	0.594573	0.000000	0.000000	0.000000	0.000000	0.000000	5.945729	2.655081	0.765666	0.000000	0.000000	0.000000	0.580549	0.075482	0.040036	0.000000	0.000000	0.000000	0.015583	0.085087	0.015583	0.085087	0.015583	0.425486	0.015583	0.594573	10.294057	
3.000000	1.000000	0.000000	0.000000	0.000000	0.596759	0.000000	0.000000	0.000000	0.000000	0.000000	5.967591	2.662498	0.769562	0.000000	0.000000	0.000000	0.582170	0.074171	0.038959	0.000000	0.000000	0.000000	0.016211	0.083387	0.016211	0.083387	0.016211	0.416991	0.016211	0.596759	10.394023	
3.000000	1.000000	0.000000	0.000000	0.000000	0.599073	0.000000	0.000000	0.000000	0.000000	0.000000	5.990730	2.669789	0.773349	0.000000	0.000000	0.000000	0.583860	0.072907	0.037874	0.000000	0.000000	0.000000	0.016903	0.081722	0.016903	0.081722	0.016903	0.408668	0.016903	0.599073	10.494026	
3.000000	1.000000	0.000000	0.000000	0.000000	0.601528	0.000000	0.000000	0.000000	0.000000	0.000000	6.015278	2.676958	0.777027	0.000000	0.000000	0.000000	0.585627	0.071692	0.036779	0.000000	0.000000	0.000000	0.017668	0.080090	0.017668	0.080090	0.017668	0.400512	0.017668	0.601528	10.594295	
3.000000	1.000000	0.000000	0.000000	0.000000	0.604139	0.000000	0.000000	0.000000	0.000000	0.000000	6.041385	2.684011	0.780594	0.000000	0.000000	0.000000	0.587478	0.070528	0.035670	0.000000	0.000000	0.000000	0.018512	0.078491	0.018512	0.078491	0.018512	0.392521	0.018512	0.604139	10.694225	
3.000000	1.000000	0.000000	0.000000	0.000000	0.606922	0.000000	0.000000	0.000000	0.000000	0.000000	6.069218	2.690952	0.784048	0.000000	0.000000	0.000000	0.589422	0.069415	0.034544	0.000000	0.000000	0.000000	0.019444	0.076924	0.019444	0.076924	0.019444	0.384692	0.019444	0.606922	10.794007	
3.000000	1.000000	0.000000	0.000000	0.000000	0.609897	0.000000	0.000000	0.000000	0.000000	0.000000	6.098967	2.697788	0.787388	0.000000	0.000000	0.000000	0.591470	0.068358	0.033397	0.000000	0.000000	0.000000	0.020474	0.075389	0.020474	0.075389	0.020474	0.377022	0.020474	0.609897	10.894039	
3.000000	1.000000	0.000000	0.000000	0.000000	0.613084	0.000000	0.000000	0.000000	0.000000	0.000000	6.130843	2.704524	0.790611	0.000000	0.000000	0.000000	0.593631	0.067359	0.032225	0.000000	0.000000	0.000000	0.021615	0.073884	0.021615	0.073884	0.021615	0.369507	0.021615	0.613084	10.994037	
3.000000	1.000000	0.000000	0.000000	0.000000	0.616509	0.000000	0.000000	0.000000	0.000000	0.000000	6.165088	2.711166	0.793713	0.000000	0.000000	0.000000	0.595919	0.066421	0.031023	0.000000	0.000000	0.000000	0.022878	0.072410	0.022878	0.072410	0.022878	0.362146	0.022878	0.616509	11.094040	
3.000000	1.000000	0.000000	0.000000	0.000000	0.620197	0.000000	0.000000	0.000000	0.000000	0.000000	6.201974	2.717721	0.796691	0.000000	0.000000	0.000000	0.598347	0.065547	0.029784	0.000000	0.000000	0.000000	0.024278	0.070966	0.024278	0.070966	0.024278	0.354936	0.024278	0.620197	11.194039	
3.000000	1.000000	0.000000	0.000000	0.000000	0.624181	0.000000	0.000000	0.000000	0.000000	0.000000	6.241812	2.724195	0.799542	0.000000	0.000000	0.000000	0.600930	0.064744	0.028504	0.000000	0.000000	0.000000	0.025834	0.069551	0.025834	0.069551	0.025834	0.347873	0.025834	0.624181	11.294279	
3.000000	1.000000	0.000000	0.000000	0.000000	0.628495	0.000000	0.000000	0.000000	0.000000	0.000000	6.284954	2.730597	0.802259	0.000000	0.000000	0.000000	0.603687	0.064016	0.027173	0.000000	0.000000	0.000000	0.027565	0.068166	0.027565	0.068166	0.027565	0.340957	0.027565	0.628495	11.394272	
3.000000	1.000000	0.000000	0.000000	0.000000	0.633180	0.000000	0.000000	0.000000	0.000000	0.000000	6.331802	2.736934	0.804838	0.000000	0.000000	0.000000	0.606636	0.063371	0.025785	0.000000	0.000000	0.000000	0.029494	0.066808	0.029494	0.066808	0.029494	0.334185	0.029494	0.633180	11.494074	
3.000000	1.000000	0.000000	0.000000	0.000000	0.638282	0.000000	0.000000	0.000000	0.000000	0.000000	6.382818	2.743216	0.807271	0.000000	0.000000	0.000000	0.609801	0.062816	0.024330	0.000000	0.000000	0.000000	0.031646	0.065478	0.031646	0.065478	0.031646	0.327555	0.031646	0.638282	11.594399	
3.000000	1.000000	0.000000	0.000000	0.000000	0.643853	0.000000	0.000000	0.000000	0.000000	0.000000	6.438529	2.749452	0.809550	0.000000	0.000000	0.000000	0.613206	0.062360	0.022796	0.000000	0.000000	0.000000	0.034052	0.064176	0.034052	0.064176	0.034052	0.321065	0.034052	0.643853	11.694036	
3.000000	1.000000	0.000000	0.000000	0.000000	0.649954	0.000000	0.000000	0.000000	0.000000	0.000000	6.499541	2.755653	0.811667	0.000000	0.000000	0.000000	0.616881	0.062015	0.021172	0.000000	0.000000	0.000000	0.036748	0.062901	0.036748	0.062901	0.036748	0.314715	0.036748	0.649954	11.794085	
3.000000	1.000000	0.000000	0.000000	0.000000	0.656655	0.000000	0.000000	0.000000	0.000000	0.000000	6.566551	2.761832	0.813612	0.000000	0.000000	0.000000	0.620858	0.061793	0.019444	0.000000	0.000000	0.000000	0.039774	0.061652	0.039774	0.061652	0.039774	0.308504	0.039774	0.656655	11.894091	
3.000000	1.000000	0.000000	0.000000	0.000000	0.664036	0.000000	0.000000	0.000000	0.000000	0.000000	6.640363	2.768004	0.815371	0.000000	0.000000	0.000000	0.625176	0.061711	0.017594	0.000000	0.000000	0.000000	0.043178	0.060430	0.043178	0.060430	0.043178	0.302431	0.043178	0.664036	11.994406	
3.000000	1.000000	0.000000	0.000000	0.000000	0.672191	0.000000	0.000000	0.000000	0.000000	0.000000	6.721908	2.774182	0.816932	0.000000	0.000000	0.000000	0.629877	0.061788	0.015605	0.000000	0.000000	0.000000	0.047015	0.059234	0.047015	0.059234	0.047015	0.296496	0.047015	0.672191	12.094094	
3.000000	1.000000	0.000000	0.000000	0.000000	0.681226	0.000000	0.000000	0.000000	0.000000	0.000000	6.812260	2.780387	0.818277	0.000000	0.000000	0.000000	0.635012	0.062045	0.013455	0.000000	0.000000	0.000000	0.051349	0.058064	0.051349	0.058064	0.051349	0.290702	0.051349	0.681226	12.194095	
3.000000	1.000000	0.000000	0.000000	0.000000	0.691267	0.000000	0.000000	0.000000	0.000000	0.000000	6.912668	2.786638	0.819389	0.000000	0.000000	0.000000	0.640638	0.062509	0.011120	0.000000	0.000000	0.000000	0.056254	0.056920	0.056254	0.056920	0.056254	0.285049	0.056254	0.691267	12.294124	
3.000000	1.000000	0.000000	0.000000	0.000000	0.702458	0.000000	0.000000	0.000000	0.000000	0.000000	7.024578	2.792959	0.820246	0.000000	0.000000	0.000000	0.646820	0.063212	0.008572	0.000000	0.000000	0.000000	0.061820	0.055802	0.061820	0.055802	0.061820	0.279542	0.061820	0.702458	12.394103	
3.000000	1.000000	0.000000	0.000000	0.000000	0.714967	0.000000	0.000000	0.000000	0.000000	0.000000	7.149674	2.799378	0.820824	0.000000	0.000000	0.000000	0.653635	0.064193	0.005780	0.000000	0.000000	0.000000	0.068148	0.054710	0.068148	0.054710	0.068148	0.274185	0.068148	0.714967	12.494075	
3.000000	1.000000	0.000000	0.000000	0.000000	0.728991	0.000000	0.000000	0.000000	0.000000	0.000000	7.289910	2.805928	0.821095	0.000000	0.000000	0.000000	0.661170	0.065498	0.002708	0.000000	0.000000	0.000000	0.075356	0.053644	0.075356	0.053644	0.075356	0.268985	0.075356	0.728991	12.594172	
3.000000	1.000000	0.000000	0.000000	0.000000	0.744756	0.000000	0.000000	0.000000	0.000000	0.000000	7.447558	2.812646	0.821027	0.000000	0.000000	0.000000	0.669529	0.067183	-0.000684	0.000000	0.000000	0.000000	0.083586	0.052606	0.083586	0.052606	0.083586	0.263952	0.083586	0.744756	12.694133	
3.000000	1.000000	0.000000	0.000000	0.000000	0.762526	0.000000	0.000000	0.000000	0.000000	0.000000	7.625256	2.819578	0.820583	0.000000	0.000000	0.000000	0.678828	0.069315	-0.004439	0.000000	0.000000	0.000000	0.092997	0.051596	0.092997	0.051596	0.092997	0.259100	0.092997	0.762526	12.794121	
3.000000	1.000000	0.000000	0.000000	0.000000	0.782605	0.000000	0.000000	0.000000	0.000000	0.000000	7.826054	2.826775	0.819722	0.000000	0.000000	0.000000	0.689206	0.071974	-0.008605	0.000000	0.000000	0.000000	0.103777	0.050615	0.103777	0.050615	0.103777	0.254446	0.103777	0.782605	12.894091	
3.000000	1.000000	0.000000	0.000000	0.000000	0.805347	0.000000	0.000000	0.000000	0.000000	0.000000	8.053472	2.834301	0.818399	0.000000	0.000000	0.000000	0.700820	0.075258	-0.013232	0.000000	0.000000	0.000000	0.116141	0.049666	0.116141	0.049666	0.116141	0.250014	0.116141	0.805347	12.994116	
3.000000	1.000000	0.000000	0.000000	0.000000	0.831154	0.000000	0.000000	0.000000	0.000000	0.000000	8.311537	2.842229	0.816562	0.000000	0.000000	0.000000	0.713854	0.079283	-0.018372	0.000000	0.000000	0.000000	0.130334	0.048750	0.130334	0.048750	0.130334	0.245835	0.130334	0.831154	13.094069	
3.000000	1.000000	0.000000	0.000000	0.000000	0.860482	0.000000	0.000000	0.000000	0.000000	0.000000	8.604818	2.850648	0.814155	0.000000	0.000000	0.000000	0.728516	0.084186	-0.024070	0.000000	0.000000	0.000000	0.146628	0.047871	0.146628	0.047871	0.146628	0.241953	0.146628	0.860482	13.194104	
3.000000	1.000000	0.000000	0.000000	0.000000	0.893841	0.000000	0.000000	0.000000	0.000000	0.000000	8.938415	2.859661	0.811118	0.000000	0.000000	0.000000	0.745049	0.090129	-0.030366	0.000000	0.000000	0.000000	0.165325	0.047034	0.165325	0.047034	0.165325	0.238421	0.165325	0.893841	13.294164	
3.000000	1.000000	0.000000	0.000000	0.000000	0.931790	0.000000	0.000000	0.000000	0.000000	0.000000	9.317901	2.869391	0.807390	0.000000	0.000000	0.000000	0.763723	0.097298	-0.037279	0.000000	0.000000	0.000000	0.186741	0.046244	0.186741	0.046244	0.186741	0.235311	0.186741	0.931790	13.394294	
3.000000	1.000000	0.000000	0.000000	0.000000	0.974917	0.000000	0.000000	0.000000	0.000000	0.000000	9.749171	2.879981	0.802911	0.000000	0.000000	0.000000	0.784842	0.105902	-0.044794	0.000000	0.000000	0.000000	0.211194	0.045509	0.211194	0.045509	0.211194	0.232717	0.211194	0.974917	13.494434	
3.000000	1.000000	0.000000	0.000000	0.000000	1.023815	0.000000	0.000000	0.000000	0.000000	0.000000	10.238153	2.891598	0.797626	0.000000	0.000000	0.000000	0.808740	0.116167	-0.052848	0.000000	0.000000	0.000000	0.238973	0.044840	0.238973	0.044840	0.238973	0.230757	0.238973	1.023815	13.594186	
3.000000	1.000000	0.000000	0.000000	0.000000	1.079033	0.000000	0.000000	0.000000	0.000000	0.000000	10.790335	2.904429	0.791497	0.000000	0.000000	0.000000	0.835769	0.128317	-0.061297	0.000000	0.000000	0.000000	0.270294	0.044249	0.270294	0.044249	0.270294	0.229578	0.270294	1.079033	13.694104	
3.000000	1.000000	0.000000	0.000000	0.000000	1.141008	0.000000	0.000000	0.000000	0.000000	0.000000	11.410077	2.918685	0.784507	0.000000	0.000000	0.000000	0.866293	0.142555	-0.069892	0.000000	0.000000	0.000000	0.305239	0.043752	0.305239	0.043752	0.305239	0.229363	0.305239	1.141008	13.794103	
3.000000	1.000000	0.000000	0.000000	0.000000	1.209971	0.000000	0.000000	0.000000	0.000000	0.000000	12.099709	2.934587	0.776683	0.000000	0.000000	0.000000	0.900661	0.159019	-0.078247	0.000000	0.000000	0.000000	0.343678	0.043371	0.343678	0.043371	0.343678	0.230324	0.343678	1.209971	13.894141	
3.000000	1.000000	0.000000	0.000000	0.000000	1.285851	0.000000	0.000000	0.000000	0.000000	0.000000	12.858510	2.952360	0.768101	0.000000	0.000000	0.000000	0.939180	0.177732	-0.085817	0.000000	0.000000	0.000000	0.385190	0.043130	0.385190	0.043130	0.385190	0.232700	0.385190	1.285851	13.994118	
3.000000	1.000000	0.000000	0.000000	0.000000	1.368181	0.000000	0.000000	0.000000	0.000000	0.000000	13.681807	2.972214	0.758911	0.000000	0.000000	0.000000	0.982080	0.198541	-0.091901	0.000000	0.000000	0.000000	0.429001	0.043058	0.429001	0.043058	0.429001	0.236742	0.429001	1.368181	14.094464	
3.000000	1.000000	0.000000	0.000000	0.000000	1.456051	0.000000	0.000000	0.000000	0.000000	0.000000	14.560508	2.994321	0.749343	0.000000	0.000000	0.000000	1.029477	0.221071	-0.095680	0.000000	0.000000	0.000000	0.473971	0.043186	0.473971	0.043186	0.473971	0.242685	0.473971	1.456051	14.194321	
3.000000	1.000000	0.000000	0.000000	0.000000	1.548144	0.000000	0.000000	0.000000	0.000000	0.000000	15.481444	3.018791	0.739713	0.000000	0.000000	0.000000	1.081344	0.244696	-0.096303	0.000000	0.000000	0.000000	0.518667	0.043549	0.518667	0.043549	0.518667	0.250721	0.518667	1.548144	14.294470	
3.000000	1.000000	0.000000	0.000000	0.000000	1.642864	0.000000	0.000000	0.000000	0.000000	0.000000	16.428638	3.045647	0.730412	0.000000	0.000000	0.000000	1.137496	0.268566	-0.093006	0.000000	0.000000	0.000000	0.561520	0.044179	0.561520	0.044179	0.561520	0.260965	0.561520	1.642864	14.394206	
3.000000	1.000000	0.000000	0.000000	0.000000	1.738528	0.000000	0.000000	0.000000	0.000000	0.000000	17.385284	3.074816	0.721888	0.000000	0.000000	0.000000	1.197599	0.291681	-0.085244	0.000000	0.000000	0.000000	0.601033	0.045102	0.601033	0.045102	0.601033	0.273425	0.601033	1.738528	14.494199	
3.000000	1.000000	0.000000	0.000000	0.000000	1.833587	0.000000	0.000000	0.000000	0.000000	0.000000	18.335869	3.106115	0.714609	0.000000	0.000000	0.000000	1.261198	0.313000	-0.072790	0.000000	0.000000	0.000000	0.635988	0.046338	0.635988	0.046338	0.635988	0.288000	0.635988	1.833587	14.594182	
3.000000	1.000000	0.000000	0.000000	0.000000	1.926780	0.000000	0.000000	0.000000	0.000000	0.000000	19.267801	3.139272	0.709031	0.000000	0.000000	0.000000	1.327756	0.331562	-0.055773	0.000000	0.000000	0.000000	0.665582	0.047898	0.665582	0.047898	0.665582	0.304481	0.665582	1.926780	14.694183	
3.000000	1.000000	0.000000	0.000000	0.000000	2.017217	0.000000	0.000000	0.000000	0.000000	0.000000	20.172174	3.173930	0.705567	0.000000	0.000000	0.000000	1.396702	0.346579	-0.034644	0.000000	0.000000	0.000000	0.689461	0.049780	0.689461	0.049780	0.689461	0.322582	0.689461	2.017217	14.794191	
3.000000	1.000000	0.000000	0.000000	0.000000	2.104370	0.000000	0.000000	0.000000	0.000000	0.000000	21.043699	3.209678	0.704557	0.000000	0.000000	0.000000	1.467469	0.357487	-0.010104	0.000000	0.000000	0.000000	0.707668	0.051971	0.707668	0.051971	0.707668	0.341968	0.707668	2.104370	14.894227	
3.000000	1.000000	0.000000	0.000000	0.000000	2.188008	0.000000	0.000000	0.000000	0.000000	0.000000	21.880077	3.246075	0.706256	0.000000	0.000000	0.000000	1.539523	0.363964	0.016998	0.000000	0.000000	0.000000	0.720539	0.054448	0.720539	0.054448	0.720539	0.362287	0.720539	2.188008	14.994169	
3.000000	1.000000	0.000000	0.000000	0.000000	2.268118	0.000000	0.000000	0.000000	0.000000	0.000000	22.681177	3.282666	0.710833	0.000000	0.000000	0.000000	1.612382	0.365907	0.045762	0.000000	0.000000	0.000000	0.728595	0.057181	0.728595	0.057181	0.728595	0.383195	0.728595	2.268118	15.094153	
3.000000	1.000000	0.000000	0.000000	0.000000	2.344825	0.000000	0.000000	0.000000	0.000000	0.000000	23.448247	3.319006	0.718363	0.000000	0.000000	0.000000	1.685627	0.363405	0.075307	0.000000	0.000000	0.000000	0.732442	0.060134	0.732442	0.060134	0.732442	0.404373	0.732442	2.344825	15.194303	
3.000000	1.000000	0.000000	0.000000	0.000000	2.418330	0.000000	0.000000	0.000000	0.000000	0.000000	24.183299	3.354675	0.728846	0.000000	0.000000	0.000000	1.758897	0.356690	0.104826	0.000000	0.000000	0.000000	0.732703	0.063267	0.732703	0.063267	0.732703	0.425540	0.732703	2.418330	15.294214	
3.000000	1.000000	0.000000	0.000000	0.000000	2.488867	0.000000	0.000000	0.000000	0.000000	0.000000	24.888669	3.389285	0.742207	0.000000	0.000000	0.000000	1.831894	0.346105	0.133615	0.000000	0.000000	0.000000	0.729970	0.066539	0.729970	0.066539	0.729970	0.446451	0.729970	2.488867	15.394206	
3.000000	1.000000	0.000000	0.000000	0.000000	2.556675	0.000000	0.000000	0.000000	0.000000	0.000000	25.566748	3.422492	0.758316	0.000000	0.000000	0.000000	1.904372	0.332062	0.161088	0.000000	0.000000	0.000000	0.724781	0.069909	0.724781	0.069909	0.724781	0.466905	0.724781	2.556675	15.494543	
3.000000	1.000000	0.000000	0.000000	0.000000	2.621983	0.000000	0.000000	0.000000	0.000000	0.000000	26.219826	3.453993	0.776994	0.000000	0.000000	0.000000	1.976133	0.315014	0.186778	0.000000	0.000000	0.000000	0.717611	0.073339	0.717611	0.073339	0.717611	0.486734	0.717611	2.621983	15.594215	
3.000000	1.000000	0.000000	0.000000	0.000000	2.685001	0.000000	0.000000	0.000000	0.000000	0.000000	26.850014	3.483536	0.798027	0.000000	0.000000	0.000000	2.047020	0.295433	0.210333	0.000000	0.000000	0.000000	0.708868	0.076792	0.708868	0.076792	0.708868	0.505808	0.708868	2.685001	15.694247	
3.000000	1.000000	0.000000	0.000000	0.000000	2.745922	0.000000	0.000000	0.000000	0.000000	0.000000	27.459219	3.510915	0.821177	0.000000	0.000000	0.000000	2.116910	0.273788	0.231503	0.000000	0.000000	0.000000	0.698902	0.080233	0.698902	0.080233	0.698902	0.524023	0.698902	2.745922	15.794279	
3.000000	1.000000	0.000000	0.000000	0.000000	2.804914	0.000000	0.000000	0.000000	0.000000	0.000000	28.049140	3.535968	0.846191	0.000000	0.000000	0.000000	2.185710	0.250530	0.250133	0.000000	0.000000	0.000000	0.688004	0.083633	0.688004	0.083633	0.688004	0.541306	0.688004	2.804914	15.894626	
3.000000	1.000000	0.000000	0.000000	0.000000	2.862128	0.000000	0.000000	0.000000	0.000000	0.000000	28.621283	3.558577	0.872805	0.000000	0.000000	0.000000	2.253352	0.226087	0.266144	0.000000	0.000000	0.000000	0.676418	0.086966	0.676418	0.086966	0.676418	0.557601	0.676418	2.862128	15.994227	
3.000000	1.000000	0.000000	0.000000	0.000000	2.917698	0.000000	0.000000	0.000000	0.000000	0.000000	29.176982	3.578662	0.900758	0.000000	0.000000	0.000000	2.319787	0.200853	0.279525	0.000000	0.000000	0.000000	0.664346	0.090207	0.664346	0.090207	0.664346	0.572876	0.664346	2.917698	16.094210	
3.000000	1.000000	0.000000	0.000000	0.000000	2.971742	0.000000	0.000000	0.000000	0.000000	0.000000	29.717422	3.596181	0.929789	0.000000	0.000000	0.000000	2.384982	0.175184	0.290317	0.000000	0.000000	0.000000	0.651955	0.093339	0.651955	0.093339	0.651955	0.587111	0.651955	2.971742	16.194360	
3.000000	1.000000	0.000000	0.000000	0.000000	3.024365	0.000000	0.000000	0.000000	0.000000	0.000000	30.243654	3.611120	0.959650	0.000000	0.000000	0.000000	2.448921	0.149397	0.298605	0.000000	0.000000	0.000000	0.639383	0.096344	0.639383	0.096344	0.639383	0.600301	0.639383	3.024365	16.294262	
3.000000	1.000000	0.000000	0.000000	0.000000	3.075662	0.000000	0.000000	0.000000	0.000000	0.000000	30.756621	3.623497	0.990101	0.000000	0.000000	0.000000	2.511595	0.123771	0.304507	0.000000	0.000000	0.000000	0.626741	0.099210	0.626741	0.099210	0.626741	0.612451	0.626741	3.075662	16.394238	
3.000000	1.000000	0.000000	0.000000	0.000000	3.125717	0.000000	0.000000	0.000000	0.000000	0.000000	31.257170	3.633352	1.020917	0.000000	0.000000	0.000000	2.573007	0.098543	0.308164	0.000000	0.000000	0.000000	0.614122	0.101927	0.614122	0.101927	0.614122	0.623576	0.614122	3.125717	16.494233	
3.000000	1.000000	0.000000	0.000000	0.000000	-3.108579	0.000000	0.000000	0.000000	0.000000	0.000000	-31.085786	3.640743	1.051890	0.000000	0.000000	0.000000	2.633167	0.073915	0.309734	0.000000	0.000000	0.000000	0.601600	0.104488	0.601600	0.104488	0.601600	0.633697	-5.681586	-3.108579	16.595646	
3.000000	1.000000	0.000000	0.000000	0.000000	-3.060784	0.000000	0.000000	0.000000	0.000000	0.000000	-30.607842	3.645748	1.082829	0.000000	0.000000	0.000000	2.692090	0.050053	0.309385	0.000000	0.000000	0.000000	0.589234	0.106887	0.589234	0.106887	0.589234	0.642841	-5.693951	-3.060784	16.694661	
3.000000	1.000000	0.000000	0.000000	0.000000	-3.014021	0.000000	0.000000	0.000000	0.000000	0.000000	-30.140211	3.648458	1.113558	0.000000	0.000000	0.000000	2.749798	0.027092	0.307290	0.000000	0.000000	0.000000	0.577074	0.109122	0.577074	0.109122	0.577074	0.651039	-5.706112	-3.014021	16.794612	
3.000000	1.000000	0.000000	0.000000	0.000000	-2.968230	0.000000	0.000000	0.000000	0.000000	0.000000	-29.682305	3.648971	1.143920	0.000000	0.000000	0.000000	2.806313	0.005136	0.303625	0.000000	0.000000	0.000000	0.565157	0.111192	0.565157	0.111192	0.565157	0.658326	-5.718028	-2.968230	16.894557	
3.000000	1.000000	0.000000	0.000000	0.000000	-2.923358	0.000000	0.000000	0.000000	0.000000	0.000000	-29.233575	3.647398	1.173776	0.000000	0.000000	0.000000	2.861665	-0.015737	0.298559	0.000000	0.000000	0.000000	0.553514	0.113096	0.553514	0.113096	0.553514	0.664738	-5.729671	-2.923358	16.994312	
3.000000	1.000000	0.000000	0.000000	0.000000	-2.879351	0.000000	0.000000	0.000000	0.000000	0.000000	-28.793513	3.643851	1.203002	0.000000	0.000000	0.000000	2.915882	-0.035470	0.292261	0.000000	0.000000	0.000000	0.542169	0.114837	0.542169	0.114837	0.542169	0.670315	-5.741016	-2.879351	17.094306	
3.000000	1.000000	0.000000	0.000000	0.000000	-2.836164	0.000000	0.000000	0.000000	0.000000	0.000000	-28.361641	3.638447	1.231491	0.000000	0.000000	0.000000	2.968996	-0.054030	0.284888	0.000000	0.000000	0.000000	0.531139	0.116418	0.531139	0.116418	0.531139	0.675095	-5.752046	-2.836164	17.194318	
3.000000	1.000000	0.000000	0.000000	0.000000	-2.793751	0.000000	0.000000	0.000000	0.000000	0.000000	-27.937510	3.631308	1.259150	0.000000	0.000000	0.000000	3.021040	-0.071400	0.276591	0.000000	0.000000	0.000000	0.520439	0.117841	0.520439	0.117841	0.520439	0.679120	-5.762747	-2.793751	17.294657	
3.000000	1.000000	0.000000	0.000000	0.000000	-2.752069	0.000000	0.000000	0.000000	0.000000	0.000000	-27.520694	3.622550	1.285901	0.000000	0.000000	0.000000	3.072047	-0.087576	0.267512	0.000000	0.000000	0.000000	0.510076	0.119112	0.510076	0.119112	0.510076	0.682428	-5.773109	-2.752069	17.394487	
3.000000	1.000000	0.000000	0.000000	0.000000	-2.711079	0.000000	0.000000	0.000000	0.000000	0.000000	-27.110792	3.612293	1.311679	0.000000	0.000000	0.000000	3.122053	-0.102571	0.257780	0.000000	0.000000	0.000000	0.500059	0.120236	0.500059	0.120236	0.500059	0.685061	-5.783126	-2.711079	17.494324	
3.000000	1.000000	0.000000	0.000000	0.000000	-2.670742	0.000000	0.000000	0.000000	0.000000	0.000000	-26.707419	3.600652	1.336431	0.000000	0.000000	0.000000	-3.112093	-0.116403	0.247517	0.000000	0.000000	0.000000	0.490390	0.121217	0.490390	0.121217	0.490390	0.687056	-5.792795	-2.670742	17.595482	
3.000000	1.000000	0.000000	0.000000	0.000000	-2.631021	0.000000	0.000000	0.000000	0.000000	0.000000	-26.310210	3.587742	1.360114	0.000000	0.000000	0.000000	-3.063986	-0.129104	0.236831	0.000000	0.000000	0.000000	0.481072	0.122063	0.481072	0.122063	0.481072	0.688454	0.481072	-2.631021	17.694612	
3.000000	1.000000	0.000000	0.000000	0.000000	-2.591881	0.000000	0.000000	0.000000	0.000000	0.000000	-25.918814	3.573671	1.382697	0.000000	0.000000	0.000000	-3.016775	-0.140710	0.225823	0.000000	0.000000	0.000000	0.472105	0.122778	0.472105	0.122778	0.472105	0.689292	0.472105	-2.591881	17.794283	
3.000000	1.000000	0.000000	0.000000	0.000000	-2.553289	0.000000	0.000000	0.000000	0.000000	0.000000	-25.532894	3.558545	1.404155	0.000000	0.000000	0.000000	-2.970427	-0.151261	0.214581	0.000000	0.000000	0.000000	0.463486	0.123370	0.463486	0.123370	0.463486	0.689605	0.463486	-2.553289	17.894348	
3.000000	1.000000	0.000000	0.000000	0.000000	-2.515213	0.000000	0.000000	0.000000	0.000000	0.000000	-25.152127	3.542465	1.424473	0.000000	0.000000	0.000000	-2.924905	-0.160803	0.203186	0.000000	0.000000	0.000000	0.455214	0.123845	0.455214	0.123845	0.455214	0.689430	0.455214	-2.515213	17.994295	
3.000000	1.000000	0.000000	0.000000	0.000000	-2.477620	0.000000	0.000000	0.000000	0.000000	0.000000	-24.776199	3.525526	1.443644	0.000000	0.000000	0.000000	-2.880177	-0.169385	0.191709	0.000000	0.000000	0.000000	0.447286	0.124208	0.447286	0.124208	0.447286	0.688800	0.447286	-2.477620	18.094425	
3.000000	1.000000	0.000000	0.000000	0.000000	-2.440481	0.000000	0.000000	0.000000	0.000000	0.000000	-24.404809	3.507820	1.461665	0.000000	0.000000	0.000000	-2.836207	-0.177057	0.180211	0.000000	0.000000	0.000000	0.439696	0.124466	0.439696	0.124466	0.439696	0.687748	0.439696	-2.440481	18.194340	
3.000000	1.000000	0.000000	0.000000	0.000000	-2.403766	0.000000	0.000000	0.000000	0.000000	0.000000	-24.037664	3.489434	1.478540	0.000000	0.000000	0.000000	-2.792963	-0.183868	0.168746	0.000000	0.000000	0.000000	0.432441	0.124626	0.432441	0.124626	0.432441	0.686306	0.432441	-2.403766	18.294339	
3.000000	1.000000	0.000000	0.000000	0.000000	-2.367448	0.000000	0.000000	0.000000	0.000000	0.000000	-23.674481	3.470446	1.494276	0.000000	0.000000	0.000000	-2.750412	-0.189872	0.157362	0.000000	0.000000	0.000000	0.425515	0.124693	0.425515	0.124693	0.425515	0.684504	0.425515	-2.367448	18.394347	
3.000000	1.000000	0.000000	0.000000	0.000000	-2.331498	0.000000	0.000000	0.000000	0.000000	0.000000	-23.314984	3.450935	1.508886	0.000000	0.000000	0.000000	-2.708520	-0.195117	0.146099	0.000000	0.000000	0.000000	0.418913	0.124673	0.418913	0.124673	0.418913	0.682370	0.418913	-2.331498	18.494339	
3.000000	1.000000	0.000000	0.000000	0.000000	-2.295891	0.000000	0.000000	0.000000	0.000000	0.000000	-22.958905	3.430969	1.522385	0.000000	0.000000	0.000000	-2.667257	-0.199655	0.134990	0.000000	0.000000	0.000000	0.412630	0.124573	0.412630	0.124573	0.412630	0.679932	0.412630	-2.295891	18.594339	
3.000000	1.000000	0.000000	0.000000	0.000000	-2.260598	0.000000	0.000000	0.000000	0.000000	0.000000	-22.605983	3.410616	1.534791	0.000000	0.000000	0.000000	-2.626591	-0.203534	0.124063	0.000000	0.000000	0.000000	0.406659	0.124397	0.406659	0.124397	0.406659	0.677215	0.406659	-2.260598	18.694401	
3.000000	1.000000	0.000000	0.000000	0.000000	-2.225596	0.000000	0.000000	0.000000	0.000000	0.000000	-22.255961	3.389936	1.546125	0.000000	0.000000	0.000000	-2.586492	-0.206801	0.113342	0.000000	0.000000	0.000000	0.400995	0.124152	0.400995	0.124152	0.400995	0.674246	0.400995	-2.225596	18.794421	
3.000000	1.000000	0.000000	0.000000	0.000000	-2.190859	0.000000	0.000000	0.000000	0.000000	0.000000	-21.908593	3.368986	1.556410	0.000000	0.000000	0.000000	-2.546929	-0.209502	0.102845	0.000000	0.000000	0.000000	0.395633	0.123842	0.395633	0.123842	0.395633	0.671046	0.395633	-2.190859	18.894519	
3.000000	1.000000	0.000000	0.000000	0.000000	-2.156363	0.000000	0.000000	0.000000	0.000000	0.000000	-21.563633	3.347818	1.565669	0.000000	0.000000	0.000000	-2.507872	-0.211680	0.092587	0.000000	0.000000	0.000000	0.390565	0.123472	0.390565	0.123472	0.390565	0.667639	0.390565	-2.156363	18.994380	
3.000000	1.000000	0.000000	0.000000	0.000000	-2.122084	0.000000	0.000000	0.000000	0.000000	0.000000	-21.220842	3.326480	1.573926	0.000000	0.000000	0.000000	-2.469293	-0.213377	0.082577	0.000000	0.000000	0.000000	0.385788	0.123048	0.385788	0.123048	0.385788	0.664047	0.385788	-2.122084	19.094390	
3.000000	1.000000	0.000000	0.000000	0.000000	-2.087999	0.000000	0.000000	0.000000	0.000000	0.000000	-20.879988	3.305017	1.581209	0.000000	0.000000	0.000000	-2.431164	-0.214633	0.072824	0.000000	0.000000	0.000000	0.381295	0.122574	0.381295	0.122574	0.381295	0.660288	0.381295	-2.087999	19.194313	
3.000000	1.000000	0.000000	0.000000	0.000000	-2.054084	0.000000	0.000000	0.000000	0.000000	0.000000	-20.540841	3.283468	1.587542	0.000000	0.000000	0.000000	-2.393456	-0.215485	0.063330	0.000000	0.000000	0.000000	0.377080	0.122054	0.377080	0.122054	0.377080	0.656383	0.377080	-2.054084	19.294354	
3.000000	1.000000	0.000000	0.000000	0.000000	-2.020317	0.000000	0.000000	0.000000	0.000000	0.000000	-20.203174	3.261871	1.592952	0.000000	0.000000	0.000000	-2.356142	-0.215967	0.054100	0.000000	0.000000	0.000000	0.373139	0.121492	0.373139	0.121492	0.373139	0.652349	0.373139	-2.020317	19.394356	
3.000000	1.000000	0.000000	0.000000	0.000000	-1.986677	0.000000	0.000000	0.000000	0.000000	0.000000	-19.866766	3.240260	1.597465	0.000000	0.000000	0.000000	-2.319196	-0.216112	0.045130	0.000000	0.000000	0.000000	0.369465	0.120893	0.369465	0.120893	0.369465	0.648204	0.369465	-1.986677	19.494328	
3.000000	1.000000	0.000000	0.000000	0.000000	-1.953140	0.000000	0.000000	0.000000	0.000000	0.000000	-19.531399	3.218665	1.601107	0.000000	0.000000	0.000000	-2.282590	-0.215952	0.036420	0.000000	0.000000	0.000000	0.366056	0.120260	0.366056	0.120260	0.366056	0.643964	0.366056	-1.953140	19.594337	
3.000000	1.000000	0.000000	0.000000	0.000000	-1.919686	0.000000	0.000000	0.000000	0.000000	0.000000	-19.196859	3.197114	1.603903	0.000000	0.000000	0.000000	-2.246300	-0.215514	0.027966	0.000000	0.000000	0.000000	0.362904	0.119597	0.362904	0.119597	0.362904	0.639643	0.362904	-1.919686	19.694367	
3.000000	1.000000	0.000000	0.000000	0.000000	-1.886293	0.000000	0.000000	0.000000	0.000000	0.000000	-18.862933	3.175631	1.605879	0.000000	0.000000	0.000000	-2.210299	-0.214824	0.019760	0.000000	0.000000	0.000000	0.360006	0.118907	0.360006	0.118907	0.360006	0.635258	0.360006	-1.886293	19.794348	
3.000000	1.000000	0.000000	0.000000	0.000000	-1.852941	0.000000	0.000000	0.000000	0.000000	0.000000	-18.529413	3.154240	1.607059	0.000000	0.000000	0.000000	-2.174563	-0.213908	0.011797	0.000000	0.000000	0.000000	0.357358	0.118194	0.357358	0.118194	0.357358	0.630822	0.357358	-1.852941	19.894387	
3.000000	1.000000	0.000000	0.000000	0.000000	-1.819609	0.000000	0.000000	0.000000	0.000000	0.000000	-18.196094	3.132962	1.607466	0.000000	0.000000	0.000000	-2.139068	-0.212787	0.004068	0.000000	0.000000	0.000000	0.354954	0.117460	0.354954	0.117460	0.354954	0.626347	0.354954	-1.819609	19.994378	
3.000000	1.000000	0.000000	0.000000	0.000000	-1.786277	0.000000	0.000000	0.000000	0.000000	0.000000	-17.862773	3.111813	1.607122	0.000000	0.000000	0.000000	-2.103789	-0.211482	-0.003435	0.000000	0.000000	0.000000	0.352790	0.116710	0.352790	0.116710	0.352790	0.621847	0.352790	-1.786277	20.094415	
3.000000	1.000000	0.000000	0.000000	0.000000	-1.752925	0.000000	0.000000	0.000000	0.000000	0.000000	-17.529250	3.090812	1.606050	0.000000	0.000000	0.000000	-2.068702	-0.210011	-0.010723	0.000000	0.000000	0.000000	0.350864	0.115945	0.350864	0.115945	0.350864	0.617333	0.350864	-1.752925	20.194369	
3.000000	1.000000	0.000000	0.000000	0.000000	-1.719533	0.000000	0.000000	0.000000	0.000000	0.000000	-17.195327	3.069973	1.604270	0.000000	0.000000	0.000000	-2.033785	-0.208390	-0.017805	0.000000	0.000000	0.000000	0.349170	0.115167	0.349170	0.115167	0.349170	0.612816	0.349170	-1.719533	20.294323	
3.000000	1.000000	0.000000	0.000000	0.000000	-1.686081	0.000000	0.000000	0.000000	0.000000	0.000000	-16.860811	3.049310	1.601800	0.000000	0.000000	0.000000	-1.999015	-0.206635	-0.024692	0.000000	0.000000	0.000000	0.347704	0.114381	0.347704	0.114381	0.347704	0.608308	0.347704	-1.686081	20.394404	
3.000000	1.000000	0.000000	0.000000	0.000000	-1.652551	0.000000	0.000000	0.000000	0.000000	0.000000	-16.525510	3.028834	1.598661	0.000000	0.000000	0.000000	-1.964369	-0.204758	-0.031397	0.000000	0.000000	0.000000	0.346464	0.113588	0.346464	0.113588	0.346464	0.603817	0.346464	-1.652551	20.494309	
3.000000	1.000000	0.000000	0.000000	0.000000	-1.618924	0.000000	0.000000	0.000000	0.000000	0.000000	-16.189235	3.008557	1.594868	0.000000	0.000000	0.000000	-1.929824	-0.202771	-0.037929	0.000000	0.000000	0.000000	0.345445	0.112790	0.345445	0.112790	0.345445	0.599355	0.345445	-1.618924	20.594365	
3.000000	1.000000	0.000000	0.000000	0.000000	-1.585180	0.000000	0.000000	0.000000	0.000000	0.000000	-15.851802	2.988489	1.590438	0.000000	0.000000	0.000000	-1.895360	-0.200683	-0.044301	0.000000	0.000000	0.000000	0.344644	0.111989	0.344644	0.111989	0.344644	0.594929	0.344644	-1.585180	20.694361	
3.000000	1.000000	0.000000	0.000000	0.000000	-1.551303	0.000000	0.000000	0.000000	0.000000	0.000000	-15.513026	2.968638	1.585385	0.000000	0.000000	0.000000	-1.860954	-0.198504	-0.050524	0.000000	0.000000	0.000000	0.344057	0.111188	0.344057	0.111188	0.344057	0.590550	0.344057	-1.551303	20.794314	
3.000000	1.000000	0.000000	0.000000	0.000000	-1.517273	0.000000	0.000000	0.000000	0.000000	0.000000	-15.172730	2.949014	1.579724	0.000000	0.000000	0.000000	-1.826586	-0.196240	-0.056610	0.000000	0.000000	0.000000	0.343681	0.110389	0.343681	0.110389	0.343681	0.586225	0.343681	-1.517273	20.894399	
3.000000	1.000000	0.000000	0.000000	0.000000	-1.483074	0.000000	0.000000	0.000000	0.000000	0.000000	-14.830739	2.929625	1.573467	0.000000	0.000000	0.000000	-1.792235	-0.193896	-0.062571	0.000000	0.000000	0.000000	0.343512	0.109593	0.343512	0.109593	0.343512	0.581962	0.343512	-1.483074	20.994360	
3.000000	1.000000	0.000000	0.000000	0.000000	-1.448688	0.000000	0.000000	0.000000	0.000000	0.000000	-14.486880	2.910477	1.566626	0.000000	0.000000	0.000000	-1.757880	-0.191475	-0.068418	0.000000	0.000000	0.000000	0.343547	0.108802	0.343547	0.108802	0.343547	0.577769	0.343547	-1.448688	21.094380	
3.000000	1.000000	0.000000	0.000000	0.000000	-1.414099	0.000000	0.000000	0.000000	0.000000	0.000000	-14.140987	2.891579	1.559209	0.000000	0.000000	0.000000	-1.723502	-0.188982	-0.074162	0.000000	0.000000	0.000000	0.343781	0.108018	0.343781	0.108018	0.343781	0.573654	0.343781	-1.414099	21.194376	
3.000000	1.000000	0.000000	0.000000	0.000000	-1.379290	0.000000	0.000000	0.000000	0.000000	0.000000	-13.792897	2.872937	1.551228	0.000000	0.000000	0.000000	-1.689081	-0.186416	-0.079814	0.000000	0.000000	0.000000	0.344212	0.107242	0.344212	0.107242	0.344212	0.569623	0.344212	-1.379290	21.294776	
3.000000	1.000000	0.000000	0.000000	0.000000	-1.344245	0.000000	0.000000	0.000000	0.000000	0.000000	-13.442452	2.854560	1.542689	0.000000	0.000000	0.000000	-1.654597	-0.183778	-0.085386	0.000000	0.000000	0.000000	0.344835	0.106476	0.344835	0.106476	0.344835	0.565683	0.344835	-1.344245	21.394427	
3.000000	1.000000	0.000000	0.000000	0.000000	-1.308950	0.000000	0.000000	0.000000	0.000000	0.000000	-13.089501	2.836453	1.533601	0.000000	0.000000	0.000000	-1.620032	-0.181066	-0.090885	0.000000	0.000000	0.000000	0.345647	0.105722	0.345647	0.105722	0.345647	0.561840	0.345647	-1.308950	21.494420	
3.000000	1.000000	0.000000	0.000000	0.000000	-1.273390	0.000000	0.000000	0.000000	0.000000	0.000000	-12.733897	2.818625	1.523968	0.000000	0.000000	0.000000	-1.585368	-0.178278	-0.096324	0.000000	0.000000	0.000000	0.346643	0.104981	0.346643	0.104981	0.346643	0.558102	0.346643	-1.273390	21.594386	
3.000000	1.000000	0.000000	0.000000	0.000000	-1.237550	0.000000	0.000000	0.000000	0.000000	0.000000	-12.375500	2.801084	1.513798	0.000000	0.000000	0.000000	-1.550586	-0.175410	-0.101709	0.000000	0.000000	0.000000	0.347818	0.104254	0.347818	0.104254	0.347818	0.554472	0.347818	-1.237550	21.694509	
3.000000	1.000000	0.000000	0.000000	0.000000	-1.201418	0.000000	0.000000	0.000000	0.000000	0.000000	-12.014179	2.783839	1.503093	0.000000	0.000000	0.000000	-1.515669	-0.172456	-0.107049	0.000000	0.000000	0.000000	0.349168	0.103542	0.349168	0.103542	0.349168	0.550959	0.349168	-1.201418	21.794706	
3.000000	1.000000	0.000000	0.000000	0.000000	-1.164981	0.000000	0.000000	0.000000	0.000000	0.000000	-11.649807	2.766897	1.491857	0.000000	0.000000	0.000000	-1.480601	-0.169411	-0.112353	0.000000	0.000000	0.000000	0.350689	0.102848	0.350689	0.102848	0.350689	0.547565	0.350689	-1.164981	21.894398	
3.000000	1.000000	0.000000	0.000000	0.000000	-1.128227	0.000000	0.000000	0.000000	0.000000	0.000000	-11.282270	2.750271	1.480095	0.000000	0.000000	0.000000	-1.445363	-0.166268	-0.117625	0.000000	0.000000	0.000000	0.352374	0.102171	0.352374	0.102171	0.352374	0.544298	0.352374	-1.128227	21.994681	
3.000000	1.000000	0.000000	0.000000	0.000000	-1.091146	0.000000	0.000000	0.000000	0.000000	0.000000	-10.911458	2.733969	1.467808	0.000000	0.000000	0.000000	-1.409941	-0.163018	-0.122873	0.000000	0.000000	0.000000	0.354217	0.101513	0.354217	0.101513	0.354217	0.541161	0.354217	-1.091146	22.094432	
3.000000	1.000000	0.000000	0.000000	0.000000	-1.053727	0.000000	0.000000	0.000000	0.000000	0.000000	-10.537274	2.718004	1.454998	0.000000	0.000000	0.000000	-1.374320	-0.159651	-0.128099	0.000000	0.000000	0.000000	0.356214	0.100875	0.356214	0.100875	0.356214	0.538160	0.356214	-1.053727	22.194454	
3.000000	1.000000	0.000000	0.000000	0.000000	-1.015963	0.000000	0.000000	0.000000	0.000000	0.000000	-10.159630	2.702388	1.441667	0.000000	0.000000	0.000000	-1.338484	-0.156159	-0.133308	0.000000	0.000000	0.000000	0.358357	0.100259	0.358357	0.100259	0.358357	0.535299	0.358357	-1.015963	22.294434	
3.000000	1.000000	0.000000	0.000000	0.000000	-0.977845	0.000000	0.000000	0.000000	0.000000	0.000000	-9.778449	2.687135	1.427817	0.000000	0.000000	0.000000	-1.302420	-0.152530	-0.138502	0.000000	0.000000	0.000000	0.360639	0.099664	0.360639	0.099664	0.360639	0.532581	0.360639	-0.977845	22.394447	
3.000000	1.000000	0.000000	0.000000	0.000000	-0.939367	0.000000	0.000000	0.000000	0.000000	0.000000	-9.393666	2.672260	1.413449	0.000000	0.000000	0.000000	-1.266115	-0.148753	-0.143680	0.000000	0.000000	0.000000	0.363054	0.099093	0.363054	0.099093	0.363054	0.530011	0.363054	-0.939367	22.494451	
3.000000	1.000000	0.000000	0.000000	0.000000	-0.900523	0.000000	0.000000	0.000000	0.000000	0.000000	-9.005229	2.657778	1.398564	0.000000	0.000000	0.000000	-1.229556	-0.144815	-0.148843	0.000000	0.000000	0.000000	0.365592	0.098545	0.365592	0.098545	0.365592	0.527592	0.365592	-0.900523	22.594817	
3.000000	1.000000	0.000000	0.000000	0.000000	-0.861310	0.000000	0.000000	0.000000	0.000000	0.000000	-8.613096	2.643708	1.383166	0.000000	0.000000	0.000000	-1.192731	-0.140703	-0.153988	0.000000	0.000000	0.000000	0.368246	0.098022	0.368246	0.098022	0.368246	0.525328	0.368246	-0.861310	22.694445	
3.000000	1.000000	0.000000	0.000000	0.000000	-0.821724	0.000000	0.000000	0.000000	0.000000	0.000000	-8.217241	2.630067	1.367254	0.000000	0.000000	0.000000	-1.155630	-0.136405	-0.159111	0.000000	0.000000	0.000000	0.371007	0.097524	0.371007	0.097524	0.371007	0.523221	0.371007	-0.821724	22.794629	
3.000000	1.000000	0.000000	0.000000	0.000000	-0.781765	0.000000	0.000000	0.000000	0.000000	0.000000	-7.817651	2.616877	1.350834	0.000000	0.000000	0.000000	-1.118244	-0.131907	-0.164206	0.000000	0.000000	0.000000	0.373865	0.097053	0.373865	0.097053	0.373865	0.521273	0.373865	-0.781765	22.894517	
3.000000	1.000000	0.000000	0.000000	0.000000	-0.741433	0.000000	0.000000	0.000000	0.000000	0.000000	-7.414326	2.604157	1.333907	0.000000	0.000000	0.000000	-1.080563	-0.127196	-0.169266	0.000000	0.000000	0.000000	0.376811	0.096608	0.376811	0.096608	0.376811	0.519488	0.376811	-0.741433	22.994452	
3.000000	1.000000	0.000000	0.000000	0.000000	-0.700728	0.000000	0.000000	0.000000	0.000000	0.000000	-7.007284	2.591931	1.316479	0.000000	0.000000	0.000000	-1.042579	-0.122259	-0.174281	0.000000	0.000000	0.000000	0.379834	0.096191	0.379834	0.096191	0.379834	0.517867	0.379834	-0.700728	23.094422	
3.000000	1.000000	0.000000	0.000000	0.000000	-0.659655	0.000000	0.000000	0.000000	0.000000	0.000000	-6.596554	2.580223	1.298555	0.000000	0.000000	0.000000	-1.004287	-0.117083	-0.179241	0.000000	0.000000	0.000000	0.382924	0.095802	0.382924	0.095802	0.382924	0.516410	0.382924	-0.659655	23.194398	
3.000000	1.000000	0.000000	0.000000	0.000000	-0.618218	0.000000	0.000000	0.000000	0.000000	0.000000	-6.182181	2.569057	1.280142	0.000000	0.000000	0.000000	-0.965680	-0.111656	-0.184131	0.000000	0.000000	0.000000	0.386069	0.095441	0.386069	0.095441	0.386069	0.515120	0.386069	-0.618218	23.294446	
3.000000	1.000000	0.000000	0.000000	0.000000	-0.576423	0.000000	0.000000	0.000000	0.000000	0.000000	-5.764226	2.558460	1.261248	0.000000	0.000000	0.000000	-0.926754	-0.105966	-0.188937	0.000000	0.000000	0.000000	0.389258	0.095109	0.389258	0.095109	0.389258	0.513996	0.389258	-0.576423	23.394464	
3.000000	1.000000	0.000000	0.000000	0.000000	-0.534276	0.000000	0.000000	0.000000	0.000000	0.000000	-5.342762	2.548460	1.241884	0.000000	0.000000	0.000000	-0.887507	-0.100003	-0.193642	0.000000	0.000000	0.000000	0.392478	0.094806	0.392478	0.094806	0.392478	0.513038	0.392478	-0.534276	23.494421	
3.000000	1.000000	0.000000	0.000000	0.000000	-0.491788	0.000000	0.000000	0.000000	0.000000	0.000000	-4.917880	2.539084	1.222061	0.000000	0.000000	0.000000	-0.847935	-0.093757	-0.198228	0.000000	0.000000	0.000000	0.395719	0.094532	0.395719	0.094532	0.395719	0.512246	0.395719	-0.491788	23.594398	
3.000000	1.000000	0.000000	0.000000	0.000000	-0.448968	0.000000	0.000000	0.000000	0.000000	0.000000	-4.489681	2.530362	1.201794	0.000000	0.000000	0.000000	-0.808038	-0.087221	-0.202673	0.000000	0.000000	0.000000	0.398967	0.094288	0.398967	0.094288	0.398967	0.511619	0.398967	-0.448968	23.694451	
3.000000	1.000000	0.000000	0.000000	0.000000	-0.405828	0.000000	0.000000	0.000000	0.000000	0.000000	-4.058281	2.522323	1.181098	0.000000	0.000000	0.000000	-0.767817	-0.080389	-0.206956	0.000000	0.000000	0.000000	0.402210	0.094073	0.402210	0.094073	0.402210	0.511156	0.402210	-0.405828	23.794780	
3.000000	1.000000	0.000000	0.000000	0.000000	-0.362381	0.000000	0.000000	0.000000	0.000000	0.000000	-3.623810	2.514998	1.159993	0.000000	0.000000	0.000000	-0.727273	-0.073256	-0.211052	0.000000	0.000000	0.000000	0.405436	0.093888	0.405436	0.093888	0.405436	0.510854	0.405436	-0.362381	23.894657	
3.000000	1.000000	0.000000	0.000000	0.000000	-0.318641	0.000000	0.000000	0.000000	0.000000	0.000000	-3.186407	2.508416	1.138499	0.000000	0.000000	0.000000	-0.686410	-0.065820	-0.214939	0.000000	0.000000	0.000000	0.408633	0.093732	0.408633	0.093732	0.408633	0.510710	0.408633	-0.318641	23.994506	
3.000000	1.000000	0.000000	0.000000	0.000000	-0.274622	0.000000	0.000000	0.000000	0.000000	0.000000	-2.746223	2.502608	1.116641	0.000000	0.000000	0.000000	-0.645231	-0.058082	-0.218588	0.000000	0.000000	0.000000	0.411788	0.093606	0.411788	0.093606	0.411788	0.510722	0.411788	-0.274622	24.094726	
3.000000	1.000000	0.000000	0.000000	0.000000	-0.230342	0.000000	0.000000	0.000000	0.000000	0.000000	-2.303419	2.497603	1.094443	0.000000	0.000000	0.000000	-0.603742	-0.050044	-0.221975	0.000000	0.000000	0.000000	0.414889	0.093509	0.414889	0.093509	0.414889	0.510886	0.414889	-0.230342	24.194445	
3.000000	1.000000	0.000000	0.000000	0.000000	-0.185816	0.000000	0.000000	0.000000	0.000000	0.000000	-1.858165	2.493432	1.071936	0.000000	0.000000	0.000000	-0.561950	-0.041713	-0.225070	0.000000	0.000000	0.000000	0.417926	0.093440	0.417926	0.093440	0.417926	0.511197	0.417926	-0.185816	24.294520	
3.000000	1.000000	0.000000	0.000000	0.000000	-0.141064	0.000000	0.000000	0.000000	0.000000	0.000000	-1.410635	2.490122	1.049151	0.000000	0.000000	0.000000	-0.519861	-0.033096	-0.227847	0.000000	0.000000	0.000000	0.420886	0.093399	0.420886	0.093399	0.420886	0.511650	0.420886	-0.141064	24.394512	
3.000000	1.000000	0.000000	0.000000	0.000000	-0.096101	0.000000	0.000000	0.000000	0.000000	0.000000	-0.961013	2.487702	1.026123	0.000000	0.000000	0.000000	-0.477485	-0.024204	-0.230279	0.000000	0.000000	0.000000	0.423760	0.093387	0.423760	0.093387	0.423760	0.512241	0.423760	-0.096101	24.494514	
3.000000	1.000000	0.000000	0.000000	0.000000	-0.050949	0.000000	0.000000	0.000000	0.000000	0.000000	-0.509485	2.486197	1.002890	0.000000	0.000000	0.000000	-0.434832	-0.015053	-0.232337	0.000000	0.000000	0.000000	0.426537	0.093401	0.426537	0.093401	0.426537	0.512964	0.426537	-0.050949	24.594903	
3.000000	1.000000	0.000000	0.000000	0.000000	-0.005624	0.000000	0.000000	0.000000	0.000000	0.000000	-0.056241	2.485631	0.979490	0.000000	0.000000	0.000000	-0.391911	-0.005658	-0.233996	0.000000	0.000000	0.000000	0.429207	0.093441	0.429207	0.093441	0.429207	0.513811	0.429207	-0.005624	24.694472	
3.000000	1.000000	0.000000	0.000000	0.000000	0.039853	0.000000	0.000000	0.000000	0.000000	0.000000	0.398527	2.486027	0.955967	0.000000	0.000000	0.000000	-0.348734	0.003960	-0.235229	0.000000	0.000000	0.000000	0.431763	0.093507	0.431763	0.093507	0.431763	0.514778	0.431763	0.039853	24.794505	
3.000000	1.000000	0.000000	0.000000	0.000000	0.085463	0.000000	0.000000	0.000000	0.000000	0.000000	0.854627	2.487405	0.932366	0.000000	0.000000	0.000000	-0.305315	0.013779	-0.236014	0.000000	0.000000	0.000000	0.434197	0.093598	0.434197	0.093598	0.434197	0.515856	0.434197	0.085463	24.894813	
3.000000	1.000000	0.000000	0.000000	0.000000	0.131187	0.000000	0.000000	0.000000	0.000000	0.000000	1.311868	2.489782	0.908733	0.000000	0.000000	0.000000	-0.261665	0.023773	-0.236326	0.000000	0.000000	0.000000	0.436502	0.093712	0.436502	0.093712	0.436502	0.517038	0.436502	0.131187	24.994470	
3.000000	1.000000	0.000000	0.000000	0.000000	0.177006	0.000000	0.000000	0.000000	0.000000	0.000000	1.770060	2.493174	0.885119	0.000000	0.000000	0.000000	-0.217798	0.033914	-0.236147	0.000000	0.000000	0.000000	0.438671	0.093848	0.438671	0.093848	0.438671	0.518316	0.438671	0.177006	25.094521	
3.000000	1.000000	0.000000	0.000000	0.000000	0.222902	0.000000	0.000000	0.000000	0.000000	0.000000	2.229018	2.497591	0.861573	0.000000	0.000000	0.000000	-0.173728	0.044172	-0.235457	0.000000	0.000000	0.000000	0.440699	0.094006	0.440699	0.094006	0.440699	0.519683	0.440699	0.222902	25.194518	
3.000000	1.000000	0.000000	0.000000	0.000000	0.268856	0.000000	0.000000	0.000000	0.000000	0.000000	2.688558	2.503042	0.838149	0.000000	0.000000	0.000000	-0.129469	0.054515	-0.234241	0.000000	0.000000	0.000000	0.442583	0.094184	0.442583	0.094184	0.442583	0.521131	0.442583	0.268856	25.294480	
