3.000000	0.000000	0.000000	0.000000	0.000000	0.000000	0.000000	0.000000	0.000000	0.000000	0.000000	0.000000	0.060000	0.000000	0.000000	0.000000	0.000000	0.000000	0.600000	0.000000	0.000000	0.000000	0.000000	0.000000	0.600000	0.000000	0.600000	0.000000	3.000000	0.000000	0.000000	0.122618	
3.000000	0.000000	0.000000	0.000000	0.000000	0.000000	0.000000	0.000000	0.000000	0.000000	0.000000	0.000000	0.118800	0.000000	0.000000	0.000000	0.000000	0.000000	0.588000	0.000000	0.000000	0.000000	0.000000	0.000000	0.588000	0.000000	0.588000	0.000000	2.940000	0.000000	0.000000	0.296606	
3.000000	0.000000	0.000000	0.000000	0.000000	0.000000	0.000000	0.000000	0.000000	0.000000	0.000000	0.000000	0.176424	0.000000	0.000000	0.000000	0.000000	0.000000	0.576240	0.000000	0.000000	0.000000	0.000000	0.000000	0.576240	0.000000	0.576240	0.000000	2.881200	0.000000	0.000000	0.394900	
3.000000	0.000000	0.000000	0.000000	0.000000	0.000000	0.000000	0.000000	0.000000	0.000000	0.000000	0.000000	0.232896	0.000000	0.000000	0.000000	0.000000	0.000000	0.564715	0.000000	0.000000	0.000000	0.000000	0.000000	0.564715	0.000000	0.564715	0.000000	2.823576	0.000000	0.000000	0.495095	
3.000000	0.000000	0.000000	0.000000	0.000000	0.000000	0.000000	0.000000	0.000000	0.000000	0.000000	0.000000	0.288238	0.000000	0.000000	0.000000	0.000000	0.000000	0.553421	0.000000	0.000000	0.000000	0.000000	0.000000	0.553421	0.000000	0.553421	0.000000	2.767104	0.000000	0.000000	0.601262	
3.000000	0.000000	0.000000	0.000000	0.000000	0.000000	0.000000	0.000000	0.000000	0.000000	0.000000	0.000000	0.342473	0.000000	0.000000	0.000000	0.000000	0.000000	0.542352	0.000000	0.000000	0.000000	0.000000	0.000000	0.542352	0.000000	0.542352	0.000000	2.711762	0.000000	0.000000	0.693967	
3.000000	0.000000	0.000000	0.000000	0.000000	0.000000	0.000000	0.000000	0.000000	0.000000	0.000000	0.000000	0.395623	0.000000	0.000000	0.000000	0.000000	0.000000	0.531505	0.000000	0.000000	0.000000	0.000000	0.000000	0.531505	0.000000	0.531505	0.000000	2.657527	0.000000	0.000000	0.794168	
3.000000	0.000000	0.000000	0.000000	0.000000	0.000000	0.000000	0.000000	0.000000	0.000000	0.000000	0.000000	0.447711	0.000000	0.000000	0.000000	0.000000	0.000000	0.520875	0.000000	0.000000	0.000000	0.000000	0.000000	0.520875	0.000000	0.520875	0.000000	2.604377	0.000000	0.000000	0.894049	
3.000000	0.000000	0.000000	0.000000	0.000000	0.000000	0.000000	0.000000	0.000000	0.000000	0.000000	0.000000	0.498757	0.000000	0.000000	0.000000	0.000000	0.000000	0.510458	0.000000	0.000000	0.000000	0.000000	0.000000	0.510458	0.000000	0.510458	0.000000	2.552289	0.000000	0.000000	0.993998	
3.000000	0.000000	0.000000	0.000000	0.000000	0.000000	0.000000	0.000000	0.000000	0.000000	0.000000	0.000000	0.548782	0.000000	0.000000	0.000000	0.000000	0.000000	0.500249	0.000000	0.000000	0.000000	0.000000	0.000000	0.500249	0.000000	0.500249	0.000000	2.501243	0.000000	0.000000	1.094012	
3.000000	0.000000	0.000000	0.000000	0.000000	0.000000	0.000000	0.000000	0.000000	0.000000	0.000000	0.000000	0.597806	0.000000	0.000000	0.000000	0.000000	0.000000	0.490244	0.000000	0.000000	0.000000	0.000000	0.000000	0.490244	0.000000	0.490244	0.000000	2.451218	0.000000	0.000000	1.194173	
3.000000	0.000000	0.000000	0.000000	0.000000	0.000000	0.000000	0.000000	0.000000	0.000000	0.000000	0.000000	0.645850	0.000000	0.000000	0.000000	0.000000	0.000000	0.480439	0.000000	0.000000	0.000000	0.000000	0.000000	0.480439	0.000000	0.480439	0.000000	2.402194	0.000000	0.000000	1.294019	
3.000000	0.000000	0.000000	0.000000	0.000000	0.000000	0.000000	0.000000	0.000000	0.000000	0.000000	0.000000	0.692933	0.000000	0.000000	0.000000	0.000000	0.000000	0.470830	0.000000	0.000000	0.000000	0.000000	0.000000	0.470830	0.000000	0.470830	0.000000	2.354150	0.000000	0.000000	1.394017	
3.000000	0.000000	0.000000	0.000000	0.000000	0.000000	0.000000	0.000000	0.000000	0.000000	0.000000	0.000000	0.739074	0.000000	0.000000	0.000000	0.000000	0.000000	0.461413	0.000000	0.000000	0.000000	0.000000	0.000000	0.461413	0.000000	0.461413	0.000000	2.307067	0.000000	0.000000	1.494016	
3.000000	0.000000	0.000000	0.000000	0.000000	0.000000	0.000000	0.000000	0.000000	0.000000	0.000000	0.000000	0.784293	0.000000	0.000000	0.000000	0.000000	0.000000	0.452185	0.000000	0.000000	0.000000	0.000000	0.000000	0.452185	0.000000	0.452185	0.000000	2.260926	0.000000	0.000000	1.594117	
3.000000	0.000000	0.000000	0.000000	0.000000	0.000000	0.000000	0.000000	0.000000	0.000000	0.000000	0.000000	0.828607	0.000000	0.000000	0.000000	0.000000	0.000000	0.443141	0.000000	0.000000	0.000000	0.000000	0.000000	0.443141	0.000000	0.443141	0.000000	2.215707	0.000000	0.000000	1.693980	
3.000000	0.000000	0.000000	0.000000	0.000000	0.000000	0.000000	0.000000	0.000000	0.000000	0.000000	0.000000	0.872035	0.000000	0.000000	0.000000	0.000000	0.000000	0.434279	0.000000	0.000000	0.000000	0.000000	0.000000	0.434279	0.000000	0.434279	0.000000	2.171393	0.000000	0.000000	1.794514	
3.000000	0.000000	0.000000	0.000000	0.000000	0.000000	0.000000	0.000000	0.000000	0.000000	0.000000	0.000000	0.914594	0.000000	0.000000	0.000000	0.000000	0.000000	0.425593	0.000000	0.000000	0.000000	0.000000	0.000000	0.425593	0.000000	0.425593	0.000000	2.127965	0.000000	0.000000	1.894183	
3.000000	0.000000	0.000000	0.000000	0.000000	0.000000	0.000000	0.000000	0.000000	0.000000	0.000000	0.000000	0.956302	0.000000	0.000000	0.000000	0.000000	0.000000	0.417081	0.000000	0.000000	0.000000	0.000000	0.000000	0.417081	0.000000	0.417081	0.000000	2.085406	0.000000	0.000000	1.994171	
3.000000	0.000000	0.000000	0.000000	0.000000	0.000000	0.000000	0.000000	0.000000	0.000000	0.000000	0.000000	0.997176	0.000000	0.000000	0.000000	0.000000	0.000000	0.408740	0.000000	0.000000	0.000000	0.000000	0.000000	0.408740	0.000000	0.408740	0.000000	2.043698	0.000000	0.000000	2.094406	
3.000000	0.000000	0.000000	0.000000	0.000000	0.000000	0.000000	0.000000	0.000000	0.000000	0.000000	0.000000	1.037233	0.000000	0.000000	0.000000	0.000000	0.000000	0.400565	0.000000	0.000000	0.000000	0.000000	0.000000	0.400565	0.000000	0.400565	0.000000	2.002824	0.000000	0.000000	2.194201	
3.000000	0.000000	0.000000	0.000000	0.000000	0.000000	0.000000	0.000000	0.000000	0.000000	0.000000	0.000000	1.076488	0.000000	0.000000	0.000000	0.000000	0.000000	0.392553	0.000000	0.000000	0.000000	0.000000	0.000000	0.392553	0.000000	0.392553	0.000000	1.962767	0.000000	0.000000	2.294077	
3.000000	0.000000	0.000000	0.000000	0.000000	0.000000	0.000000	0.000000	0.000000	0.000000	0.000000	0.000000	1.114958	0.000000	0.000000	0.000000	0.000000	0.000000	0.384702	0.000000	0.000000	0.000000	0.000000	0.000000	0.384702	0.000000	0.384702	0.000000	1.923512	0.000000	0.000000	2.394268	
3.000000	0.000000	0.000000	0.000000	0.000000	0.000000	0.000000	0.000000	0.000000	0.000000	0.000000	0.000000	1.152659	0.000000	0.000000	0.000000	0.000000	0.000000	0.377008	0.000000	0.000000	0.000000	0.000000	0.000000	0.377008	0.000000	0.377008	0.000000	1.885042	0.000000	0.000000	2.494079	
3.000000	0.000000	0.000000	0.000000	0.000000	0.000000	0.000000	0.000000	0.000000	0.000000	0.000000	0.000000	1.189606	0.000000	0.000000	0.000000	0.000000	0.000000	0.369468	0.000000	0.000000	0.000000	0.000000	0.000000	0.369468	0.000000	0.369468	0.000000	1.847341	0.000000	0.000000	2.594342	
3.000000	0.000000	0.000000	0.000000	0.000000	0.000000	0.000000	0.000000	0.000000	0.000000	0.000000	0.000000	1.225814	0.000000	0.000000	0.000000	0.000000	0.000000	0.362079	0.000000	0.000000	0.000000	0.000000	0.000000	0.362079	0.000000	0.362079	0.000000	1.810394	0.000000	0.000000	2.694163	
3.000000	0.000000	0.000000	0.000000	0.000000	0.000000	0.000000	0.000000	0.000000	0.000000	0.000000	0.000000	1.261297	0.000000	0.000000	0.000000	0.000000	0.000000	0.354837	0.000000	0.000000	0.000000	0.000000	0.000000	0.354837	0.000000	0.354837	0.000000	1.774186	0.000000	0.000000	2.794165	
3.000000	0.000000	0.000000	0.000000	0.000000	0.000000	0.000000	0.000000	0.000000	0.000000	0.000000	0.000000	1.296071	0.000000	0.000000	0.000000	0.000000	0.000000	0.347741	0.000000	0.000000	0.000000	0.000000	0.000000	0.347741	0.000000	0.347741	0.000000	1.738703	0.000000	0.000000	2.894109	
3.000000	0.000000	0.000000	0.000000	0.000000	0.000000	0.000000	0.000000	0.000000	0.000000	0.000000	0.000000	1.330150	0.000000	0.000000	0.000000	0.000000	0.000000	0.340786	0.000000	0.000000	0.000000	0.000000	0.000000	0.340786	0.000000	0.340786	0.000000	1.703929	0.000000	0.000000	2.994118	
3.000000	0.000000	0.000000	0.000000	0.000000	0.000000	0.000000	0.000000	0.000000	0.000000	0.000000	0.000000	1.363547	0.000000	0.000000	0.000000	0.000000	0.000000	0.333970	0.000000	0.000000	0.000000	0.000000	0.000000	0.333970	0.000000	0.333970	0.000000	1.669850	0.000000	0.000000	3.094115	
3.000000	0.000000	0.000000	0.000000	0.000000	0.000000	0.000000	0.000000	0.000000	0.000000	0.000000	0.000000	1.396276	0.000000	0.000000	0.000000	0.000000	0.000000	0.327291	0.000000	0.000000	0.000000	0.000000	0.000000	0.327291	0.000000	0.327291	0.000000	1.636453	0.000000	0.000000	3.194123	
3.000000	0.000000	0.000000	0.000000	0.000000	0.000000	0.000000	0.000000	0.000000	0.000000	0.000000	0.000000	1.428351	0.000000	0.000000	0.000000	0.000000	0.000000	0.320745	0.000000	0.000000	0.000000	0.000000	0.000000	0.320745	0.000000	0.320745	0.000000	1.603724	0.000000	0.000000	3.294680	
3.000000	0.000000	0.000000	0.000000	0.000000	0.000000	0.000000	0.000000	0.000000	0.000000	0.000000	0.000000	1.459784	0.000000	0.000000	0.000000	0.000000	0.000000	0.314330	0.000000	0.000000	0.000000	0.000000	0.000000	0.314330	0.000000	0.314330	0.000000	1.571649	0.000000	0.000000	3.394173	
3.000000	0.000000	0.000000	0.000000	0.000000	0.000000	0.000000	0.000000	0.000000	0.000000	0.000000	0.000000	1.490588	0.000000	0.000000	0.000000	0.000000	0.000000	0.308043	0.000000	0.000000	0.000000	0.000000	0.000000	0.308043	0.000000	0.308043	0.000000	1.540216	0.000000	0.000000	3.494183	
3.000000	0.000000	0.000000	0.000000	0.000000	0.000000	0.000000	0.000000	0.000000	0.000000	0.000000	0.000000	1.520776	0.000000	0.000000	0.000000	0.000000	0.000000	0.301882	0.000000	0.000000	0.000000	0.000000	0.000000	0.301882	0.000000	0.301882	0.000000	1.509412	0.000000	0.000000	3.594143	
3.000000	0.000000	0.000000	0.000000	0.000000	0.000000	0.000000	0.000000	0.000000	0.000000	0.000000	0.000000	1.550361	0.000000	0.000000	0.000000	0.000000	0.000000	0.295845	0.000000	0.000000	0.000000	0.000000	0.000000	0.295845	0.000000	0.295845	0.000000	1.479224	0.000000	0.000000	3.694158	
3.000000	0.000000	0.000000	0.000000	0.000000	0.000000	0.000000	0.000000	0.000000	0.000000	0.000000	0.000000	1.579353	0.000000	0.000000	0.000000	0.000000	0.000000	0.289928	0.000000	0.000000	0.000000	0.000000	0.000000	0.289928	0.000000	0.289928	0.000000	1.449639	0.000000	0.000000	3.794157	
3.000000	0.000000	0.000000	0.000000	0.000000	0.000000	0.000000	0.000000	0.000000	0.000000	0.000000	0.000000	1.607766	0.000000	0.000000	0.000000	0.000000	0.000000	0.284129	0.000000	0.000000	0.000000	0.000000	0.000000	0.284129	0.000000	0.284129	0.000000	1.420647	0.000000	0.000000	3.894776	
3.000000	0.000000	0.000000	0.000000	0.000000	0.000000	0.000000	0.000000	0.000000	0.000000	0.000000	0.000000	1.635611	0.000000	0.000000	0.000000	0.000000	0.000000	0.278447	0.000000	0.000000	0.000000	0.000000	0.000000	0.278447	0.000000	0.278447	0.000000	1.392234	0.000000	0.000000	3.994183	
3.000000	0.000000	0.000000	0.000000	0.000000	0.000000	0.000000	0.000000	0.000000	0.000000	0.000000	0.000000	1.662899	0.000000	0.000000	0.000000	0.000000	0.000000	0.272878	0.000000	0.000000	0.000000	0.000000	0.000000	0.272878	0.000000	0.272878	0.000000	1.364389	0.000000	0.000000	4.094191	
3.000000	0.000000	0.000000	0.000000	0.000000	0.000000	0.000000	0.000000	0.000000	0.000000	0.000000	0.000000	1.689641	0.000000	0.000000	0.000000	0.000000	0.000000	0.267420	0.000000	0.000000	0.000000	0.000000	0.000000	0.267420	0.000000	0.267420	0.000000	1.337101	0.000000	0.000000	4.194648	
3.000000	0.000000	0.000000	0.000000	0.000000	0.000000	0.000000	0.000000	0.000000	0.000000	0.000000	0.000000	1.715848	0.000000	0.000000	0.000000	0.000000	0.000000	0.262072	0.000000	0.000000	0.000000	0.000000	0.000000	0.262072	0.000000	0.262072	0.000000	1.310359	0.000000	0.000000	4.294225	
3.000000	0.000000	0.000000	0.000000	0.000000	0.000000	0.000000	0.000000	0.000000	0.000000	0.000000	0.000000	1.741531	0.000000	0.000000	0.000000	0.000000	0.000000	0.256830	0.000000	0.000000	0.000000	0.000000	0.000000	0.256830	0.000000	0.256830	0.000000	1.284152	0.000000	0.000000	4.394215	
3.000000	0.000000	0.000000	0.000000	0.000000	0.000000	0.000000	0.000000	0.000000	0.000000	0.000000	0.000000	1.766700	0.000000	0.000000	0.000000	0.000000	0.000000	0.251694	0.000000	0.000000	0.000000	0.000000	0.000000	0.251694	0.000000	0.251694	0.000000	1.258469	0.000000	0.000000	4.494226	
3.000000	0.000000	0.000000	0.000000	0.000000	0.000000	0.000000	0.000000	0.000000	0.000000	0.000000	0.000000	1.791366	0.000000	0.000000	0.000000	0.000000	0.000000	0.246660	0.000000	0.000000	0.000000	0.000000	0.000000	0.246660	0.000000	0.246660	0.000000	1.233300	0.000000	0.000000	4.594228	
3.000000	0.000000	0.000000	0.000000	0.000000	0.000000	0.000000	0.000000	0.000000	0.000000	0.000000	0.000000	1.815539	0.000000	0.000000	0.000000	0.000000	0.000000	0.241727	0.000000	0.000000	0.000000	0.000000	0.000000	0.241727	0.000000	0.241727	0.000000	1.208634	0.000000	0.000000	4.694690	
3.000000	0.000000	0.000000	0.000000	0.000000	0.000000	0.000000	0.000000	0.000000	0.000000	0.000000	0.000000	1.839228	0.000000	0.000000	0.000000	0.000000	0.000000	0.236892	0.000000	0.000000	0.000000	0.000000	0.000000	0.236892	0.000000	0.236892	0.000000	1.184461	0.000000	0.000000	4.794267	
3.000000	0.000000	0.000000	0.000000	0.000000	0.000000	0.000000	0.000000	0.000000	0.000000	0.000000	0.000000	1.862444	0.000000	0.000000	0.000000	0.000000	0.000000	0.232154	0.000000	0.000000	0.000000	0.000000	0.000000	0.232154	0.000000	0.232154	0.000000	1.160772	0.000000	0.000000	4.894242	
3.000000	0.000000	0.000000	0.000000	0.000000	0.000000	0.000000	0.000000	0.000000	0.000000	0.000000	0.000000	1.885195	0.000000	0.000000	0.000000	0.000000	0.000000	0.227511	0.000000	0.000000	0.000000	0.000000	0.000000	0.227511	0.000000	0.227511	0.000000	1.137556	0.000000	0.000000	4.994196	
3.000000	0.000000	0.000000	0.000000	0.000000	0.000000	0.000000	0.000000	0.000000	0.000000	0.000000	0.000000	1.907491	0.000000	0.000000	0.000000	0.000000	0.000000	0.222961	0.000000	0.000000	0.000000	0.000000	0.000000	0.222961	0.000000	0.222961	0.000000	1.114805	0.000000	0.000000	5.094407	
3.000000	0.000000	0.000000	0.000000	0.000000	0.000000	0.000000	0.000000	0.000000	0.000000	0.000000	0.000000	1.929341	0.000000	0.000000	0.000000	0.000000	0.000000	0.218502	0.000000	0.000000	0.000000	0.000000	0.000000	0.218502	0.000000	0.218502	0.000000	1.092509	0.000000	0.000000	5.194255	
3.000000	0.000000	0.000000	0.000000	0.000000	0.000000	0.000000	0.000000	0.000000	0.000000	0.000000	0.000000	1.950754	0.000000	0.000000	0.000000	0.000000	0.000000	0.214132	0.000000	0.000000	0.000000	0.000000	0.000000	0.214132	0.000000	0.214132	0.000000	1.070659	0.000000	0.000000	5.294268	
3.000000	0.000000	0.000000	0.000000	0.000000	0.000000	0.000000	0.000000	0.000000	0.000000	0.000000	0.000000	1.971739	0.000000	0.000000	0.000000	0.000000	0.000000	0.209849	0.000000	0.000000	0.000000	0.000000	0.000000	0.209849	0.000000	0.209849	0.000000	1.049246	0.000000	0.000000	5.394702	
3.000000	0.000000	0.000000	0.000000	0.000000	0.000000	0.000000	0.000000	0.000000	0.000000	0.000000	0.000000	1.992304	0.000000	0.000000	0.000000	0.000000	0.000000	0.205652	0.000000	0.000000	0.000000	0.000000	0.000000	0.205652	0.000000	0.205652	0.000000	1.028261	0.000000	0.000000	5.494373	
3.000000	0.000000	0.000000	0.000000	0.000000	0.000000	0.000000	0.000000	0.000000	0.000000	0.000000	0.000000	2.012458	0.000000	0.000000	0.000000	0.000000	0.000000	0.201539	0.000000	0.000000	0.000000	0.000000	0.000000	0.201539	0.000000	0.201539	0.000000	1.007696	0.000000	0.000000	5.594285	
3.000000	0.000000	0.000000	0.000000	0.000000	0.000000	0.000000	0.000000	0.000000	0.000000	0.000000	0.000000	2.032209	0.000000	0.000000	0.000000	0.000000	0.000000	0.197508	0.000000	0.000000	0.000000	0.000000	0.000000	0.197508	0.000000	0.197508	0.000000	0.987542	0.000000	0.000000	5.695104	
3.000000	0.000000	0.000000	0.000000	0.000000	0.000000	0.000000	0.000000	0.000000	0.000000	0.000000	0.000000	2.051565	0.000000	0.000000	0.000000	0.000000	0.000000	0.193558	0.000000	0.000000	0.000000	0.000000	0.000000	0.193558	0.000000	0.193558	0.000000	0.967791	0.000000	0.000000	5.794245	
3.000000	0.000000	0.000000	0.000000	0.000000	0.000000	0.000000	0.000000	0.000000	0.000000	0.000000	0.000000	2.070534	0.000000	0.000000	0.000000	0.000000	0.000000	0.189687	0.000000	0.000000	0.000000	0.000000	0.000000	0.189687	0.000000	0.189687	0.000000	0.948435	0.000000	0.000000	5.894399	
3.000000	0.000000	0.000000	0.000000	0.000000	0.000000	0.000000	0.000000	0.000000	0.000000	0.000000	0.000000	2.089123	0.000000	0.000000	0.000000	0.000000	0.000000	0.185893	0.000000	0.000000	0.000000	0.000000	0.000000	0.185893	0.000000	0.185893	0.000000	0.929466	0.000000	0.000000	5.994265	
3.000000	0.000000	0.000000	0.000000	0.000000	0.000000	0.000000	0.000000	0.000000	0.000000	0.000000	0.000000	2.107341	0.000000	0.000000	0.000000	0.000000	0.000000	0.182175	0.000000	0.000000	0.000000	0.000000	0.000000	0.182175	0.000000	0.182175	0.000000	0.910877	0.000000	0.000000	6.094383	
3.000000	0.000000	0.000000	0.000000	0.000000	0.000000	0.000000	0.000000	0.000000	0.000000	0.000000	0.000000	2.125194	0.000000	0.000000	0.000000	0.000000	0.000000	0.178532	0.000000	0.000000	0.000000	0.000000	0.000000	0.178532	0.000000	0.178532	0.000000	0.892659	0.000000	0.000000	6.194423	
3.000000	0.000000	0.000000	0.000000	0.000000	0.000000	0.000000	0.000000	0.000000	0.000000	0.000000	0.000000	2.142690	0.000000	0.000000	0.000000	0.000000	0.000000	0.174961	0.000000	0.000000	0.000000	0.000000	0.000000	0.174961	0.000000	0.174961	0.000000	0.874806	0.000000	0.000000	6.294304	
3.000000	0.000000	0.000000	0.000000	0.000000	0.000000	0.000000	0.000000	0.000000	0.000000	0.000000	0.000000	2.159836	0.000000	0.000000	0.000000	0.000000	0.000000	0.171462	0.000000	0.000000	0.000000	0.000000	0.000000	0.171462	0.000000	0.171462	0.000000	0.857310	0.000000	0.000000	6.394322	
3.000000	0.000000	0.000000	0.000000	0.000000	0.000000	0.000000	0.000000	0.000000	0.000000	0.000000	0.000000	2.176639	0.000000	0.000000	0.000000	0.000000	0.000000	0.168033	0.000000	0.000000	0.000000	0.000000	0.000000	0.168033	0.000000	0.168033	0.000000	0.840164	0.000000	0.000000	6.494323	
3.000000	0.000000	0.000000	0.000000	0.000000	0.000000	0.000000	0.000000	0.000000	0.000000	0.000000	0.000000	2.193107	0.000000	0.000000	0.000000	0.000000	0.000000	0.164672	0.000000	0.000000	0.000000	0.000000	0.000000	0.164672	0.000000	0.164672	0.000000	0.823361	0.000000	0.000000	6.594615	
3.000000	0.000000	0.000000	0.000000	0.000000	0.000000	0.000000	0.000000	0.000000	0.000000	0.000000	0.000000	2.209244	0.000000	0.000000	0.000000	0.000000	0.000000	0.161379	0.000000	0.000000	0.000000	0.000000	0.000000	0.161379	0.000000	0.161379	0.000000	0.806893	0.000000	0.000000	6.694363	
3.000000	0.000000	0.000000	0.000000	0.000000	0.000000	0.000000	0.000000	0.000000	0.000000	0.000000	0.000000	2.225060	0.000000	0.000000	0.000000	0.000000	0.000000	0.158151	0.000000	0.000000	0.000000	0.000000	0.000000	0.158151	0.000000	0.158151	0.000000	0.790756	0.000000	0.000000	6.794333	
3.000000	0.000000	0.000000	0.000000	0.000000	0.000000	0.000000	0.000000	0.000000	0.000000	0.000000	0.000000	2.240558	0.000000	0.000000	0.000000	0.000000	0.000000	0.154988	0.000000	0.000000	0.000000	0.000000	0.000000	0.154988	0.000000	0.154988	0.000000	0.774940	0.000000	0.000000	6.894484	
3.000000	0.000000	0.000000	0.000000	0.000000	0.000000	0.000000	0.000000	0.000000	0.000000	0.000000	0.000000	2.255747	0.000000	0.000000	0.000000	0.000000	0.000000	0.151888	0.000000	0.000000	0.000000	0.000000	0.000000	0.151888	0.000000	0.151888	0.000000	0.759442	0.000000	0.000000	6.994360	
3.000000	0.000000	0.000000	0.000000	0.000000	0.000000	0.000000	0.000000	0.000000	0.000000	0.000000	0.000000	2.270632	0.000000	0.000000	0.000000	0.000000	0.000000	0.148851	0.000000	0.000000	0.000000	0.000000	0.000000	0.148851	0.000000	0.148851	0.000000	0.744253	0.000000	0.000000	7.094391	
3.000000	0.000000	0.000000	0.000000	0.000000	0.000000	0.000000	0.000000	0.000000	0.000000	0.000000	0.000000	2.285220	0.000000	0.000000	0.000000	0.000000	0.000000	0.145874	0.000000	0.000000	0.000000	0.000000	0.000000	0.145874	0.000000	0.145874	0.000000	0.729368	0.000000	0.000000	7.194337	
3.000000	0.000000	0.000000	0.000000	0.000000	0.000000	0.000000	0.000000	0.000000	0.000000	0.000000	0.000000	2.299515	0.000000	0.000000	0.000000	0.000000	0.000000	0.142956	0.000000	0.000000	0.000000	0.000000	0.000000	0.142956	0.000000	0.142956	0.000000	0.714780	0.000000	0.000000	7.294348	
3.000000	0.000000	0.000000	0.000000	0.000000	0.000000	0.000000	0.000000	0.000000	0.000000	0.000000	0.000000	2.313525	0.000000	0.000000	0.000000	0.000000	0.000000	0.140097	0.000000	0.000000	0.000000	0.000000	0.000000	0.140097	0.000000	0.140097	0.000000	0.700485	0.000000	0.000000	7.394357	
3.000000	0.000000	0.000000	0.000000	0.000000	0.000000	0.000000	0.000000	0.000000	0.000000	0.000000	0.000000	2.327254	0.000000	0.000000	0.000000	0.000000	0.000000	0.137295	0.000000	0.000000	0.000000	0.000000	0.000000	0.137295	0.000000	0.137295	0.000000	0.686475	0.000000	0.000000	7.494896	
3.000000	0.000000	0.000000	0.000000	0.000000	0.000000	0.000000	0.000000	0.000000	0.000000	0.000000	0.000000	2.340709	0.000000	0.000000	0.000000	0.000000	0.000000	0.134549	0.000000	0.000000	0.000000	0.000000	0.000000	0.134549	0.000000	0.134549	0.000000	0.672746	0.000000	0.000000	7.594370	
3.000000	0.000000	0.000000	0.000000	0.000000	0.000000	0.000000	0.000000	0.000000	0.000000	0.000000	0.000000	2.353895	0.000000	0.000000	0.000000	0.000000	0.000000	0.131858	0.000000	0.000000	0.000000	0.000000	0.000000	0.131858	0.000000	0.131858	0.000000	0.659291	0.000000	0.000000	7.694530	
3.000000	0.000000	0.000000	0.000000	0.000000	0.000000	0.000000	0.000000	0.000000	0.000000	0.000000	0.000000	2.366817	0.000000	0.000000	0.000000	0.000000	0.000000	0.129221	0.000000	0.000000	0.000000	0.000000	0.000000	0.129221	0.000000	0.129221	0.000000	0.646105	0.000000	0.000000	7.794457	
3.000000	0.000000	0.000000	0.000000	0.000000	0.000000	0.000000	0.000000	0.000000	0.000000	0.000000	0.000000	2.379481	0.000000	0.000000	0.000000	0.000000	0.000000	0.126637	0.000000	0.000000	0.000000	0.000000	0.000000	0.126637	0.000000	0.126637	0.000000	0.633183	0.000000	0.000000	7.894357	
3.000000	0.000000	0.000000	0.000000	0.000000	0.000000	0.000000	0.000000	0.000000	0.000000	0.000000	0.000000	2.391891	0.000000	0.000000	0.000000	0.000000	0.000000	0.124104	0.000000	0.000000	0.000000	0.000000	0.000000	0.124104	0.000000	0.124104	0.000000	0.620519	0.000000	0.000000	7.994395	
3.000000	0.000000	0.000000	0.000000	0.000000	0.000000	0.000000	0.000000	0.000000	0.000000	0.000000	0.000000	2.404053	0.000000	0.000000	0.000000	0.000000	0.000000	0.121622	0.000000	0.000000	0.000000	0.000000	0.000000	0.121622	0.000000	0.121622	0.000000	0.608109	0.000000	0.000000	8.094414	
3.000000	0.000000	0.000000	0.000000	0.000000	0.000000	0.000000	0.000000	0.000000	0.000000	0.000000	0.000000	2.415972	0.000000	0.000000	0.000000	0.000000	0.000000	0.119189	0.000000	0.000000	0.000000	0.000000	0.000000	0.119189	0.000000	0.119189	0.000000	0.595947	0.000000	0.000000	8.194504	
3.000000	0.000000	0.000000	0.000000	0.000000	0.000000	0.000000	0.000000	0.000000	0.000000	0.000000	0.000000	2.427653	0.000000	0.000000	0.000000	0.000000	0.000000	0.116806	0.000000	0.000000	0.000000	0.000000	0.000000	0.116806	0.000000	0.116806	0.000000	0.584028	0.000000	0.000000	8.294564	
3.000000	0.000000	0.000000	0.000000	0.000000	0.000000	0.000000	0.000000	0.000000	0.000000	0.000000	0.000000	2.439100	0.000000	0.000000	0.000000	0.000000	0.000000	0.114469	0.000000	0.000000	0.000000	0.000000	0.000000	0.114469	0.000000	0.114469	0.000000	0.572347	0.000000	0.000000	8.394535	
3.000000	0.000000	0.000000	0.000000	0.000000	0.000000	0.000000	0.000000	0.000000	0.000000	0.000000	0.000000	2.450318	0.000000	0.000000	0.000000	0.000000	0.000000	0.112180	0.000000	0.000000	0.000000	0.000000	0.000000	0.112180	0.000000	0.112180	0.000000	0.560900	0.000000	0.000000	8.494345	
3.000000	0.000000	0.000000	0.000000	0.000000	0.000000	0.000000	0.000000	0.000000	0.000000	0.000000	0.000000	2.461312	0.000000	0.000000	0.000000	0.000000	0.000000	0.109936	0.000000	0.000000	0.000000	0.000000	0.000000	0.109936	0.000000	0.109936	0.000000	0.549682	0.000000	0.000000	8.594393	
3.000000	0.000000	0.000000	0.000000	0.000000	0.000000	0.000000	0.000000	0.000000	0.000000	0.000000	0.000000	2.472085	0.000000	0.000000	0.000000	0.000000	0.000000	0.107738	0.000000	0.000000	0.000000	0.000000	0.000000	0.107738	0.000000	0.107738	0.000000	0.538688	0.000000	0.000000	8.694399	
3.000000	0.000000	0.000000	0.000000	0.000000	0.000000	0.000000	0.000000	0.000000	0.000000	0.000000	0.000000	2.482644	0.000000	0.000000	0.000000	0.000000	0.000000	0.105583	0.000000	0.000000	0.000000	0.000000	0.000000	0.105583	0.000000	0.105583	0.000000	0.527915	0.000000	0.000000	8.794457	
3.000000	0.000000	0.000000	0.000000	0.000000	0.000000	0.000000	0.000000	0.000000	0.000000	0.000000	0.000000	2.492991	0.000000	0.000000	0.000000	0.000000	0.000000	0.103471	0.000000	0.000000	0.000000	0.000000	0.000000	0.103471	0.000000	0.103471	0.000000	0.517356	0.000000	0.000000	8.894420	
3.000000	0.000000	0.000000	0.000000	0.000000	0.000000	0.000000	0.000000	0.000000	0.000000	0.000000	0.000000	2.503131	0.000000	0.000000	0.000000	0.000000	0.000000	0.101402	0.000000	0.000000	0.000000	0.000000	0.000000	0.101402	0.000000	0.101402	0.000000	0.507009	0.000000	0.000000	8.994423	
3.000000	0.000000	0.000000	0.000000	0.000000	0.000000	0.000000	0.000000	0.000000	0.000000	0.000000	0.000000	2.513068	0.000000	0.000000	0.000000	0.000000	0.000000	0.099374	0.000000	0.000000	0.000000	0.000000	0.000000	0.099374	0.000000	0.099374	0.000000	0.496869	0.000000	0.000000	9.094472	
3.000000	0.000000	0.000000	0.000000	0.000000	0.000000	0.000000	0.000000	0.000000	0.000000	0.000000	0.000000	2.522807	0.000000	0.000000	0.000000	0.000000	0.000000	0.097386	0.000000	0.000000	0.000000	0.000000	0.000000	0.097386	0.000000	0.097386	0.000000	0.486932	0.000000	0.000000	9.194440	
3.000000	0.000000	0.000000	0.000000	0.000000	0.000000	0.000000	0.000000	0.000000	0.000000	0.000000	0.000000	2.532351	0.000000	0.000000	0.000000	0.000000	0.000000	0.095439	0.000000	0.000000	0.000000	0.000000	0.000000	0.095439	0.000000	0.095439	0.000000	0.477193	0.000000	0.000000	9.294429	
3.000000	0.000000	0.000000	0.000000	0.000000	0.000000	0.000000	0.000000	0.000000	0.000000	0.000000	0.000000	2.541704	0.000000	0.000000	0.000000	0.000000	0.000000	0.093530	0.000000	0.000000	0.000000	0.000000	0.000000	0.093530	0.000000	0.093530	0.000000	0.467649	0.000000	0.000000	9.394445	
3.000000	0.000000	0.000000	0.000000	0.000000	0.000000	0.000000	0.000000	0.000000	0.000000	0.000000	0.000000	2.550870	0.000000	0.000000	0.000000	0.000000	0.000000	0.091659	0.000000	0.000000	0.000000	0.000000	0.000000	0.091659	0.000000	0.091659	0.000000	0.458296	0.000000	0.000000	9.494778	
3.000000	0.000000	0.000000	0.000000	0.000000	0.000000	0.000000	0.000000	0.000000	0.000000	0.000000	0.000000	2.559852	0.000000	0.000000	0.000000	0.000000	0.000000	0.089826	0.000000	0.000000	0.000000	0.000000	0.000000	0.089826	0.000000	0.089826	0.000000	0.449130	0.000000	0.000000	9.594478	
3.000000	0.000000	0.000000	0.000000	0.000000	0.000000	0.000000	0.000000	0.000000	0.000000	0.000000	0.000000	2.568655	0.000000	0.000000	0.000000	0.000000	0.000000	0.088030	0.000000	0.000000	0.000000	0.000000	0.000000	0.088030	0.000000	0.088030	0.000000	0.440148	0.000000	0.000000	9.694714	
3.000000	0.000000	0.000000	0.000000	0.000000	0.000000	0.000000	0.000000	0.000000	0.000000	0.000000	0.000000	2.577282	0.000000	0.000000	0.000000	0.000000	0.000000	0.086269	0.000000	0.000000	0.000000	0.000000	0.000000	0.086269	0.000000	0.086269	0.000000	0.431345	0.000000	0.000000	9.794454	
3.000000	0.000000	0.000000	0.000000	0.000000	0.000000	0.000000	0.000000	0.000000	0.000000	0.000000	0.000000	2.585736	0.000000	0.000000	0.000000	0.000000	0.000000	0.084544	0.000000	0.000000	0.000000	0.000000	0.000000	0.084544	0.000000	0.084544	0.000000	0.422718	0.000000	0.000000	9.894463	
3.000000	0.000000	0.000000	0.000000	0.000000	0.000000	0.000000	0.000000	0.000000	0.000000	0.000000	0.000000	2.594022	0.000000	0.000000	0.000000	0.000000	0.000000	0.082853	0.000000	0.000000	0.000000	0.000000	0.000000	0.082853	0.000000	0.082853	0.000000	0.414264	0.000000	0.000000	9.994477	
3.000000	0.000000	0.000000	0.000000	0.000000	0.000000	0.000000	0.000000	0.000000	0.000000	0.000000	0.000000	2.602141	0.000000	0.000000	0.000000	0.000000	0.000000	0.081196	0.000000	0.000000	0.000000	0.000000	0.000000	0.081196	0.000000	0.081196	0.000000	0.405978	0.000000	0.000000	10.094782	
3.000000	0.000000	0.000000	0.000000	0.000000	0.000000	0.000000	0.000000	0.000000	0.000000	0.000000	0.000000	2.610099	0.000000	0.000000	0.000000	0.000000	0.000000	0.079572	0.000000	0.000000	0.000000	0.000000	0.000000	0.079572	0.000000	0.079572	0.000000	0.397859	0.000000	0.000000	10.194864	
3.000000	0.000000	0.000000	0.000000	0.000000	0.000000	0.000000	0.000000	0.000000	0.000000	0.000000	0.000000	2.617897	0.000000	0.000000	0.000000	0.000000	0.000000	0.077980	0.000000	0.000000	0.000000	0.000000	0.000000	0.077980	0.000000	0.077980	0.000000	0.389901	0.000000	0.000000	10.294845	
3.000000	0.000000	0.000000	0.000000	0.000000	0.000000	0.000000	0.000000	0.000000	0.000000	0.000000	0.000000	2.625539	0.000000	0.000000	0.000000	0.000000	0.000000	0.076421	0.000000	0.000000	0.000000	0.000000	0.000000	0.076421	0.000000	0.076421	0.000000	0.382103	0.000000	0.000000	10.394573	
3.000000	0.000000	0.000000	0.000000	0.000000	0.000000	0.000000	0.000000	0.000000	0.000000	0.000000	0.000000	2.633028	0.000000	0.000000	0.000000	0.000000	0.000000	0.074892	0.000000	0.000000	0.000000	0.000000	0.000000	0.074892	0.000000	0.074892	0.000000	0.374461	0.000000	0.000000	10.494632	
3.000000	0.000000	0.000000	0.000000	0.000000	0.000000	0.000000	0.000000	0.000000	0.000000	0.000000	0.000000	2.640367	0.000000	0.000000	0.000000	0.000000	0.000000	0.073394	0.000000	0.000000	0.000000	0.000000	0.000000	0.073394	0.000000	0.073394	0.000000	0.366972	0.000000	0.000000	10.594631	
3.000000	0.000000	0.000000	0.000000	0.000000	0.000000	0.000000	0.000000	0.000000	0.000000	0.000000	0.000000	2.647560	0.000000	0.000000	0.000000	0.000000	0.000000	0.071927	0.000000	0.000000	0.000000	0.000000	0.000000	0.071927	0.000000	0.071927	0.000000	0.359633	0.000000	0.000000	10.694512	
3.000000	0.000000	0.000000	0.000000	0.000000	0.000000	0.000000	0.000000	0.000000	0.000000	0.000000	0.000000	2.654609	0.000000	0.000000	0.000000	0.000000	0.000000	0.070488	0.000000	0.000000	0.000000	0.000000	0.000000	0.070488	0.000000	0.070488	0.000000	0.352440	0.000000	0.000000	10.794530	
3.000000	0.000000	0.000000	0.000000	0.000000	0.000000	0.000000	0.000000	0.000000	0.000000	0.000000	0.000000	2.661517	0.000000	0.000000	0.000000	0.000000	0.000000	0.069078	0.000000	0.000000	0.000000	0.000000	0.000000	0.069078	0.000000	0.069078	0.000000	0.345391	0.000000	0.000000	10.894531	
3.000000	0.000000	0.000000	0.000000	0.000000	0.000000	0.000000	0.000000	0.000000	0.000000	0.000000	0.000000	2.668286	0.000000	0.000000	0.000000	0.000000	0.000000	0.067697	0.000000	0.000000	0.000000	0.000000	0.000000	0.067697	0.000000	0.067697	0.000000	0.338483	0.000000	0.000000	10.994567	
3.000000	0.000000	0.000000	0.000000	0.000000	0.000000	0.000000	0.000000	0.000000	0.000000	0.000000	0.000000	2.674921	0.000000	0.000000	0.000000	0.000000	0.000000	0.066343	0.000000	0.000000	0.000000	0.000000	0.000000	0.066343	0.000000	0.066343	0.000000	0.331714	0.000000	0.000000	11.094525	
3.000000	0.000000	0.000000	0.000000	0.000000	0.000000	0.000000	0.000000	0.000000	0.000000	0.000000	0.000000	2.681422	0.000000	0.000000	0.000000	0.000000	0.000000	0.065016	0.000000	0.000000	0.000000	0.000000	0.000000	0.065016	0.000000	0.065016	0.000000	0.325079	0.000000	0.000000	11.194547	
3.000000	0.000000	0.000000	0.000000	0.000000	0.000000	0.000000	0.000000	0.000000	0.000000	0.000000	0.000000	2.687794	0.000000	0.000000	0.000000	0.000000	0.000000	0.063716	0.000000	0.000000	0.000000	0.000000	0.000000	0.063716	0.000000	0.063716	0.000000	0.318578	0.000000	0.000000	11.294519	
3.000000	0.000000	0.000000	0.000000	0.000000	0.000000	0.000000	0.000000	0.000000	0.000000	0.000000	0.000000	2.694038	0.000000	0.000000	0.000000	0.000000	0.000000	0.062441	0.000000	0.000000	0.000000	0.000000	0.000000	0.062441	0.000000	0.062441	0.000000	0.312206	0.000000	0.000000	11.394543	
3.000000	0.000000	0.000000	0.000000	0.000000	0.000000	0.000000	0.000000	0.000000	0.000000	0.000000	0.000000	2.700157	0.000000	0.000000	0.000000	0.000000	0.000000	0.061192	0.000000	0.000000	0.000000	0.000000	0.000000	0.061192	0.000000	0.061192	0.000000	0.305962	0.000000	0.000000	11.494559	
3.000000	0.000000	0.000000	0.000000	0.000000	0.000000	0.000000	0.000000	0.000000	0.000000	0.000000	0.000000	2.706154	0.000000	0.000000	0.000000	0.000000	0.000000	0.059969	0.000000	0.000000	0.000000	0.000000	0.000000	0.059969	0.000000	0.059969	0.000000	0.299843	0.000000	0.000000	11.594557	
3.000000	0.000000	0.000000	0.000000	0.000000	0.000000	0.000000	0.000000	0.000000	0.000000	0.000000	0.000000	2.712031	0.000000	0.000000	0.000000	0.000000	0.000000	0.058769	0.000000	0.000000	0.000000	0.000000	0.000000	0.058769	0.000000	0.058769	0.000000	0.293846	0.000000	0.000000	11.694735	
3.000000	0.000000	0.000000	0.000000	0.000000	0.000000	0.000000	0.000000	0.000000	0.000000	0.000000	0.000000	2.717790	0.000000	0.000000	0.000000	0.000000	0.000000	0.057594	0.000000	0.000000	0.000000	0.000000	0.000000	0.057594	0.000000	0.057594	0.000000	0.287969	0.000000	0.000000	11.794570	
3.000000	0.000000	0.000000	0.000000	0.000000	0.000000	0.000000	0.000000	0.000000	0.000000	0.000000	0.000000	2.723434	0.000000	0.000000	0.000000	0.000000	0.000000	0.056442	0.000000	0.000000	0.000000	0.000000	0.000000	0.056442	0.000000	0.056442	0.000000	0.282210	0.000000	0.000000	11.894877	
3.000000	0.000000	0.000000	0.000000	0.000000	0.000000	0.000000	0.000000	0.000000	0.000000	0.000000	0.000000	2.728966	0.000000	0.000000	0.000000	0.000000	0.000000	0.055313	0.000000	0.000000	0.000000	0.000000	0.000000	0.055313	0.000000	0.055313	0.000000	0.276566	0.000000	0.000000	11.994578	
3.000000	0.000000	0.000000	0.000000	0.000000	0.000000	0.000000	0.000000	0.000000	0.000000	0.000000	0.000000	2.734386	0.000000	0.000000	0.000000	0.000000	0.000000	0.054207	0.000000	0.000000	0.000000	0.000000	0.000000	0.054207	0.000000	0.054207	0.000000	0.271034	0.000000	0.000000	12.094549	
3.000000	0.000000	0.000000	0.000000	0.000000	0.000000	0.000000	0.000000	0.000000	0.000000	0.000000	0.000000	2.739699	0.000000	0.000000	0.000000	0.000000	0.000000	0.053123	0.000000	0.000000	0.000000	0.000000	0.000000	0.053123	0.000000	0.053123	0.000000	0.265614	0.000000	0.000000	12.194589	
3.000000	0.000000	0.000000	0.000000	0.000000	0.000000	0.000000	0.000000	0.000000	0.000000	0.000000	0.000000	2.744905	0.000000	0.000000	0.000000	0.000000	0.000000	0.052060	0.000000	0.000000	0.000000	0.000000	0.000000	0.052060	0.000000	0.052060	0.000000	0.260301	0.000000	0.000000	12.294512	
3.000000	0.000000	0.000000	0.000000	0.000000	0.000000	0.000000	0.000000	0.000000	0.000000	0.000000	0.000000	2.750007	0.000000	0.000000	0.000000	0.000000	0.000000	0.051019	0.000000	0.000000	0.000000	0.000000	0.000000	0.051019	0.000000	0.051019	0.000000	0.255095	0.000000	0.000000	12.394871	
3.000000	0.000000	0.000000	0.000000	0.000000	0.000000	0.000000	0.000000	0.000000	0.000000	0.000000	0.000000	2.755006	0.000000	0.000000	0.000000	0.000000	0.000000	0.049999	0.000000	0.000000	0.000000	0.000000	0.000000	0.049999	0.000000	0.049999	0.000000	0.249993	0.000000	0.000000	12.495113	
3.000000	0.000000	0.000000	0.000000	0.000000	0.000000	0.000000	0.000000	0.000000	0.000000	0.000000	0.000000	2.759906	0.000000	0.000000	0.000000	0.000000	0.000000	0.048999	0.000000	0.000000	0.000000	0.000000	0.000000	0.048999	0.000000	0.048999	0.000000	0.244994	0.000000	0.000000	12.594561	
3.000000	0.000000	0.000000	0.000000	0.000000	0.000000	0.000000	0.000000	0.000000	0.000000	0.000000	0.000000	2.764708	0.000000	0.000000	0.000000	0.000000	0.000000	0.048019	0.000000	0.000000	0.000000	0.000000	0.000000	0.048019	0.000000	0.048019	0.000000	0.240094	0.000000	0.000000	12.695017	
3.000000	0.000000	0.000000	0.000000	0.000000	0.000000	0.000000	0.000000	0.000000	0.000000	0.000000	0.000000	2.769414	0.000000	0.000000	0.000000	0.000000	0.000000	0.047058	0.000000	0.000000	0.000000	0.000000	0.000000	0.047058	0.000000	0.047058	0.000000	0.235292	0.000000	0.000000	12.794707	
3.000000	0.000000	0.000000	0.000000	0.000000	0.000000	0.000000	0.000000	0.000000	0.000000	0.000000	0.000000	2.774026	0.000000	0.000000	0.000000	0.000000	0.000000	0.046117	0.000000	0.000000	0.000000	0.000000	0.000000	0.046117	0.000000	0.046117	0.000000	0.230586	0.000000	0.000000	12.894562	
3.000000	0.000000	0.000000	0.000000	0.000000	0.000000	0.000000	0.000000	0.000000	0.000000	0.000000	0.000000	2.778545	0.000000	0.000000	0.000000	0.000000	0.000000	0.045195	0.000000	0.000000	0.000000	0.000000	0.000000	0.045195	0.000000	0.045195	0.000000	0.225974	0.000000	0.000000	12.994616	
3.000000	0.000000	0.000000	0.000000	0.000000	0.000000	0.000000	0.000000	0.000000	0.000000	0.000000	0.000000	2.782974	0.000000	0.000000	0.000000	0.000000	0.000000	0.044291	0.000000	0.000000	0.000000	0.000000	0.000000	0.044291	0.000000	0.044291	0.000000	0.221455	0.000000	0.000000	13.094684	
3.000000	0.000000	0.000000	0.000000	0.000000	0.000000	0.000000	0.000000	0.000000	0.000000	0.000000	0.000000	2.787315	0.000000	0.000000	0.000000	0.000000	0.000000	0.043405	0.000000	0.000000	0.000000	0.000000	0.000000	0.043405	0.000000	0.043405	0.000000	0.217026	0.000000	0.000000	13.194629	
3.000000	0.000000	0.000000	0.000000	0.000000	0.000000	0.000000	0.000000	0.000000	0.000000	0.000000	0.000000	2.791569	0.000000	0.000000	0.000000	0.000000	0.000000	0.042537	0.000000	0.000000	0.000000	0.000000	0.000000	0.042537	0.000000	0.042537	0.000000	0.212685	0.000000	0.000000	13.294637	
3.000000	0.000000	0.000000	0.000000	0.000000	0.000000	0.000000	0.000000	0.000000	0.000000	0.000000	0.000000	2.795737	0.000000	0.000000	0.000000	0.000000	0.000000	0.041686	0.000000	0.000000	0.000000	0.000000	0.000000	0.041686	0.000000	0.041686	0.000000	0.208431	0.000000	0.000000	13.394942	
3.000000	0.000000	0.000000	0.000000	0.000000	0.000000	0.000000	0.000000	0.000000	0.000000	0.000000	0.000000	2.799822	0.000000	0.000000	0.000000	0.000000	0.000000	0.040853	0.000000	0.000000	0.000000	0.000000	0.000000	0.040853	0.000000	0.040853	0.000000	0.204263	0.000000	0.000000	13.494634	
3.000000	0.000000	0.000000	0.000000	0.000000	0.000000	0.000000	0.000000	0.000000	0.000000	0.000000	0.000000	2.803826	0.000000	0.000000	0.000000	0.000000	0.000000	0.040036	0.000000	0.000000	0.000000	0.000000	0.000000	0.040036	0.000000	0.040036	0.000000	0.200178	0.000000	0.000000	13.594624	
3.000000	0.000000	0.000000	0.000000	0.000000	0.000000	0.000000	0.000000	0.000000	0.000000	0.000000	0.000000	2.807749	0.000000	0.000000	0.000000	0.000000	0.000000	0.039235	0.000000	0.000000	0.000000	0.000000	0.000000	0.039235	0.000000	0.039235	0.000000	0.196174	0.000000	0.000000	13.694624	
3.000000	0.000000	0.000000	0.000000	0.000000	0.000000	0.000000	0.000000	0.000000	0.000000	0.000000	0.000000	2.811594	0.000000	0.000000	0.000000	0.000000	0.000000	0.038450	0.000000	0.000000	0.000000	0.000000	0.000000	0.038450	0.000000	0.038450	0.000000	0.192251	0.000000	0.000000	13.794646	
3.000000	0.000000	0.000000	0.000000	0.000000	0.000000	0.000000	0.000000	0.000000	0.000000	0.000000	0.000000	2.815363	0.000000	0.000000	0.000000	0.000000	0.000000	0.037681	0.000000	0.000000	0.000000	0.000000	0.000000	0.037681	0.000000	0.037681	0.000000	0.188406	0.000000	0.000000	13.894643	
3.000000	0.000000	0.000000	0.000000	0.000000	0.000000	0.000000	0.000000	0.000000	0.000000	0.000000	0.000000	2.819055	0.000000	0.000000	0.000000	0.000000	0.000000	0.036927	0.000000	0.000000	0.000000	0.000000	0.000000	0.036927	0.000000	0.036927	0.000000	0.184637	0.000000	0.000000	13.994612	
3.000000	0.000000	0.000000	0.000000	0.000000	0.000000	0.000000	0.000000	0.000000	0.000000	0.000000	0.000000	2.822674	0.000000	0.000000	0.000000	0.000000	0.000000	0.036189	0.000000	0.000000	0.000000	0.000000	0.000000	0.036189	0.000000	0.036189	0.000000	0.180945	0.000000	0.000000	14.094618	
3.000000	0.000000	0.000000	0.000000	0.000000	0.000000	0.000000	0.000000	0.000000	0.000000	0.000000	0.000000	2.826221	0.000000	0.000000	0.000000	0.000000	0.000000	0.035465	0.000000	0.000000	0.000000	0.000000	0.000000	0.035465	0.000000	0.035465	0.000000	0.177326	0.000000	0.000000	14.194655	
3.000000	0.000000	0.000000	0.000000	0.000000	0.000000	0.000000	0.000000	0.000000	0.000000	0.000000	0.000000	2.829696	0.000000	0.000000	0.000000	0.000000	0.000000	0.034756	0.000000	0.000000	0.000000	0.000000	0.000000	0.034756	0.000000	0.034756	0.000000	0.173779	0.000000	0.000000	14.294636	
3.000000	0.000000	0.000000	0.000000	0.000000	0.000000	0.000000	0.000000	0.000000	0.000000	0.000000	0.000000	2.833102	0.000000	0.000000	0.000000	0.000000	0.000000	0.034061	0.000000	0.000000	0.000000	0.000000	0.000000	0.034061	0.000000	0.034061	0.000000	0.170304	0.000000	0.000000	14.394631	
3.000000	0.000000	0.000000	0.000000	0.000000	0.000000	0.000000	0.000000	0.000000	0.000000	0.000000	0.000000	2.836440	0.000000	0.000000	0.000000	0.000000	0.000000	0.033380	0.000000	0.000000	0.000000	0.000000	0.000000	0.033380	0.000000	0.033380	0.000000	0.166898	0.000000	0.000000	14.494655	
3.000000	0.000000	0.000000	0.000000	0.000000	0.000000	0.000000	0.000000	0.000000	0.000000	0.000000	0.000000	2.839712	0.000000	0.000000	0.000000	0.000000	0.000000	0.032712	0.000000	0.000000	0.000000	0.000000	0.000000	0.032712	0.000000	0.032712	0.000000	0.163560	0.000000	0.000000	14.594600	
3.000000	0.000000	0.000000	0.000000	0.000000	0.000000	0.000000	0.000000	0.000000	0.000000	0.000000	0.000000	2.842917	0.000000	0.000000	0.000000	0.000000	0.000000	0.032058	0.000000	0.000000	0.000000	0.000000	0.000000	0.032058	0.000000	0.032058	0.000000	0.160288	0.000000	0.000000	14.694638	
3.000000	0.000000	0.000000	0.000000	0.000000	0.000000	0.000000	0.000000	0.000000	0.000000	0.000000	0.000000	2.846059	0.000000	0.000000	0.000000	0.000000	0.000000	0.031417	0.000000	0.000000	0.000000	0.000000	0.000000	0.031417	0.000000	0.031417	0.000000	0.157083	0.000000	0.000000	14.794622	
3.000000	0.000000	0.000000	0.000000	0.000000	0.000000	0.000000	0.000000	0.000000	0.000000	0.000000	0.000000	2.849138	0.000000	0.000000	0.000000	0.000000	0.000000	0.030788	0.000000	0.000000	0.000000	0.000000	0.000000	0.030788	0.000000	0.030788	0.000000	0.153941	0.000000	0.000000	14.894948	
3.000000	0.000000	0.000000	0.000000	0.000000	0.000000	0.000000	0.000000	0.000000	0.000000	0.000000	0.000000	2.852155	0.000000	0.000000	0.000000	0.000000	0.000000	0.030172	0.000000	0.000000	0.000000	0.000000	0.000000	0.030172	0.000000	0.030172	0.000000	0.150862	0.000000	0.000000	14.994647	
3.000000	0.000000	0.000000	0.000000	0.000000	0.000000	0.000000	0.000000	0.000000	0.000000	0.000000	0.000000	2.855112	0.000000	0.000000	0.000000	0.000000	0.000000	0.029569	0.000000	0.000000	0.000000	0.000000	0.000000	0.029569	0.000000	0.029569	0.000000	0.147845	0.000000	0.000000	15.094623	
3.000000	0.000000	0.000000	0.000000	0.000000	0.000000	0.000000	0.000000	0.000000	0.000000	0.000000	0.000000	2.858010	0.000000	0.000000	0.000000	0.000000	0.000000	0.028978	0.000000	0.000000	0.000000	0.000000	0.000000	0.028978	0.000000	0.028978	0.000000	0.144888	0.000000	0.000000	15.194697	
3.000000	0.000000	0.000000	0.000000	0.000000	0.000000	0.000000	0.000000	0.000000	0.000000	0.000000	0.000000	2.860850	0.000000	0.000000	0.000000	0.000000	0.000000	0.028398	0.000000	0.000000	0.000000	0.000000	0.000000	0.028398	0.000000	0.028398	0.000000	0.141990	0.000000	0.000000	15.294688	
3.000000	0.000000	0.000000	0.000000	0.000000	0.000000	0.000000	0.000000	0.000000	0.000000	0.000000	0.000000	2.863633	0.000000	0.000000	0.000000	0.000000	0.000000	0.027830	0.000000	0.000000	0.000000	0.000000	0.000000	0.027830	0.000000	0.027830	0.000000	0.139150	0.000000	0.000000	15.394680	
3.000000	0.000000	0.000000	0.000000	0.000000	0.000000	0.000000	0.000000	0.000000	0.000000	0.000000	0.000000	2.866360	0.000000	0.000000	0.000000	0.000000	0.000000	0.027273	0.000000	0.000000	0.000000	0.000000	0.000000	0.027273	0.000000	0.027273	0.000000	0.136367	0.000000	0.000000	15.494698	
3.000000	0.000000	0.000000	0.000000	0.000000	0.000000	0.000000	0.000000	0.000000	0.000000	0.000000	0.000000	2.869033	0.000000	0.000000	0.000000	0.000000	0.000000	0.026728	0.000000	0.000000	0.000000	0.000000	0.000000	0.026728	0.000000	0.026728	0.000000	0.133640	0.000000	0.000000	15.594692	
3.000000	0.000000	0.000000	0.000000	0.000000	0.000000	0.000000	0.000000	0.000000	0.000000	0.000000	0.000000	2.871652	0.000000	0.000000	0.000000	0.000000	0.000000	0.026193	0.000000	0.000000	0.000000	0.000000	0.000000	0.026193	0.000000	0.026193	0.000000	0.130967	0.000000	0.000000	15.694717	
3.000000	0.000000	0.000000	0.000000	0.000000	0.000000	0.000000	0.000000	0.000000	0.000000	0.000000	0.000000	2.874219	0.000000	0.000000	0.000000	0.000000	0.000000	0.025670	0.000000	0.000000	0.000000	0.000000	0.000000	0.025670	0.000000	0.025670	0.000000	0.128348	0.000000	0.000000	15.794998	
3.000000	0.000000	0.000000	0.000000	0.000000	0.000000	0.000000	0.000000	0.000000	0.000000	0.000000	0.000000	2.876735	0.000000	0.000000	0.000000	0.000000	0.000000	0.025156	0.000000	0.000000	0.000000	0.000000	0.000000	0.025156	0.000000	0.025156	0.000000	0.125781	0.000000	0.000000	15.894663	
3.000000	0.000000	0.000000	0.000000	0.000000	0.000000	0.000000	0.000000	0.000000	0.000000	0.000000	0.000000	2.879200	0.000000	0.000000	0.000000	0.000000	0.000000	0.024653	0.000000	0.000000	0.000000	0.000000	0.000000	0.024653	0.000000	0.024653	0.000000	0.123265	0.000000	0.000000	15.994707	
3.000000	0.000000	0.000000	0.000000	0.000000	0.000000	0.000000	0.000000	0.000000	0.000000	0.000000	0.000000	2.881616	0.000000	0.000000	0.000000	0.000000	0.000000	0.024160	0.000000	0.000000	0.000000	0.000000	0.000000	0.024160	0.000000	0.024160	0.000000	0.120800	0.000000	0.000000	16.094683	
3.000000	0.000000	0.000000	0.000000	0.000000	0.000000	0.000000	0.000000	0.000000	0.000000	0.000000	0.000000	2.883984	0.000000	0.000000	0.000000	0.000000	0.000000	0.023677	0.000000	0.000000	0.000000	0.000000	0.000000	0.023677	0.000000	0.023677	0.000000	0.118384	0.000000	0.000000	16.194964	
3.000000	0.000000	0.000000	0.000000	0.000000	0.000000	0.000000	0.000000	0.000000	0.000000	0.000000	0.000000	2.886304	0.000000	0.000000	0.000000	0.000000	0.000000	0.023203	0.000000	0.000000	0.000000	0.000000	0.000000	0.023203	0.000000	0.023203	0.000000	0.116016	0.000000	0.000000	16.294624	
3.000000	0.000000	0.000000	0.000000	0.000000	0.000000	0.000000	0.000000	0.000000	0.000000	0.000000	0.000000	2.888578	0.000000	0.000000	0.000000	0.000000	0.000000	0.022739	0.000000	0.000000	0.000000	0.000000	0.000000	0.022739	0.000000	0.022739	0.000000	0.113696	0.000000	0.000000	16.394807	
3.000000	0.000000	0.000000	0.000000	0.000000	0.000000	0.000000	0.000000	0.000000	0.000000	0.000000	0.000000	2.890806	0.000000	0.000000	0.000000	0.000000	0.000000	0.022284	0.000000	0.000000	0.000000	0.000000	0.000000	0.022284	0.000000	0.022284	0.000000	0.111422	0.000000	0.000000	16.494804	
3.000000	0.000000	0.000000	0.000000	0.000000	0.000000	0.000000	0.000000	0.000000	0.000000	0.000000	0.000000	2.892990	0.000000	0.000000	0.000000	0.000000	0.000000	0.021839	0.000000	0.000000	0.000000	0.000000	0.000000	0.021839	0.000000	0.021839	0.000000	0.109194	0.000000	0.000000	16.594692	
3.000000	0.000000	0.000000	0.000000	0.000000	0.000000	0.000000	0.000000	0.000000	0.000000	0.000000	0.000000	2.895130	0.000000	0.000000	0.000000	0.000000	0.000000	0.021402	0.000000	0.000000	0.000000	0.000000	0.000000	0.021402	0.000000	0.021402	0.000000	0.107010	0.000000	0.000000	16.694693	
3.000000	0.000000	0.000000	0.000000	0.000000	0.000000	0.000000	0.000000	0.000000	0.000000	0.000000	0.000000	2.897228	0.000000	0.000000	0.000000	0.000000	0.000000	0.020974	0.000000	0.000000	0.000000	0.000000	0.000000	0.020974	0.000000	0.020974	0.000000	0.104870	0.000000	0.000000	16.794980	
3.000000	0.000000	0.000000	0.000000	0.000000	0.000000	0.000000	0.000000	0.000000	0.000000	0.000000	0.000000	2.899283	0.000000	0.000000	0.000000	0.000000	0.000000	0.020554	0.000000	0.000000	0.000000	0.000000	0.000000	0.020554	0.000000	0.020554	0.000000	0.102772	0.000000	0.000000	16.894695	
3.000000	0.000000	0.000000	0.000000	0.000000	0.000000	0.000000	0.000000	0.000000	0.000000	0.000000	0.000000	2.901298	0.000000	0.000000	0.000000	0.000000	0.000000	0.020143	0.000000	0.000000	0.000000	0.000000	0.000000	0.020143	0.000000	0.020143	0.000000	0.100717	0.000000	0.000000	16.994696	
3.000000	0.000000	0.000000	0.000000	0.000000	0.000000	0.000000	0.000000	0.000000	0.000000	0.000000	0.000000	2.903272	0.000000	0.000000	0.000000	0.000000	0.000000	0.019740	0.000000	0.000000	0.000000	0.000000	0.000000	0.019740	0.000000	0.019740	0.000000	0.098702	0.000000	0.000000	17.094689	
