2.000000	3.000000	0.000000	0.000000	0.000000	0.982794	0.000000	0.000000	0.000000	0.000000	0.000000	9.827937	0.040000	-0.046176	0.000000	0.000000	0.000000	0.098279	0.400000	-0.461762	0.000000	0.000000	0.000000	0.982794	0.231932	0.982794	0.231932	0.982794	3.605551	0.982794	0.982794	0.101785	
2.000000	3.000000	0.000000	0.000000	0.000000	0.999054	0.000000	0.000000	0.000000	0.000000	0.000000	9.990539	0.088924	-0.083880	0.000000	0.000000	0.000000	0.188357	0.489244	-0.377040	0.000000	0.000000	0.000000	0.900775	0.295846	0.900775	0.295846	0.900775	3.622263	0.900775	0.999054	0.310772	
2.000000	3.000000	0.000000	0.000000	0.000000	1.016018	0.000000	0.000000	0.000000	0.000000	0.000000	10.160185	0.144432	-0.112887	0.000000	0.000000	0.000000	0.271123	0.555075	-0.290069	0.000000	0.000000	0.000000	0.827662	0.349405	0.827662	0.349405	0.827662	3.628020	0.827662	1.016018	0.410643	
2.000000	3.000000	0.000000	0.000000	0.000000	1.033255	0.000000	0.000000	0.000000	0.000000	0.000000	10.332551	0.204536	-0.133346	0.000000	0.000000	0.000000	0.347336	0.601040	-0.204592	0.000000	0.000000	0.000000	0.762132	0.393960	0.762132	0.393960	0.762132	3.623976	0.762132	1.033255	0.511959	
2.000000	3.000000	0.000000	0.000000	0.000000	1.050453	0.000000	0.000000	0.000000	0.000000	0.000000	10.504528	0.267587	-0.145655	0.000000	0.000000	0.000000	0.417648	0.630513	-0.123084	0.000000	0.000000	0.000000	0.703117	0.430723	0.703117	0.430723	0.703117	3.611309	0.703117	1.050453	0.615594	
2.000000	3.000000	0.000000	0.000000	0.000000	1.067391	0.000000	0.000000	0.000000	0.000000	0.000000	10.673913	0.332242	-0.150362	0.000000	0.000000	0.000000	0.482622	0.646553	-0.047077	0.000000	0.000000	0.000000	0.649743	0.460771	0.649743	0.460771	0.649743	3.591155	0.649743	1.067391	0.710383	
2.000000	3.000000	0.000000	0.000000	0.000000	1.083917	0.000000	0.000000	0.000000	0.000000	0.000000	10.839172	0.397427	-0.148104	0.000000	0.000000	0.000000	0.542752	0.651843	0.022586	0.000000	0.000000	0.000000	0.601295	0.485045	0.601295	0.485045	0.601295	3.564575	0.601295	1.083917	0.810464	
2.000000	3.000000	0.000000	0.000000	0.000000	1.099927	0.000000	0.000000	0.000000	0.000000	0.000000	10.999271	0.462295	-0.139549	0.000000	0.000000	0.000000	0.598469	0.648685	0.085550	0.000000	0.000000	0.000000	0.557175	0.504367	0.557175	0.504367	0.557175	3.532534	0.557175	1.099927	0.910205	
2.000000	3.000000	0.000000	0.000000	0.000000	1.115354	0.000000	0.000000	0.000000	0.000000	0.000000	11.153538	0.526197	-0.125369	0.000000	0.000000	0.000000	0.650158	0.639017	0.141797	0.000000	0.000000	0.000000	0.516885	0.519448	0.516885	0.519448	0.516885	3.495898	0.516885	1.115354	1.010419	
2.000000	3.000000	0.000000	0.000000	0.000000	1.130157	0.000000	0.000000	0.000000	0.000000	0.000000	11.301574	0.588642	-0.106216	0.000000	0.000000	0.000000	0.698158	0.624447	0.191534	0.000000	0.000000	0.000000	0.480000	0.530906	0.480000	0.530906	0.480000	3.455434	0.480000	1.130157	1.110292	
2.000000	3.000000	0.000000	0.000000	0.000000	1.144318	0.000000	0.000000	0.000000	0.000000	0.000000	11.443177	0.649271	-0.082704	0.000000	0.000000	0.000000	0.742774	0.606291	0.235112	0.000000	0.000000	0.000000	0.446160	0.539270	0.446160	0.539270	0.446160	3.411819	0.446160	1.144318	1.210203	
2.000000	3.000000	0.000000	0.000000	0.000000	1.157829	0.000000	0.000000	0.000000	0.000000	0.000000	11.578290	0.707833	-0.055409	0.000000	0.000000	0.000000	0.784279	0.585618	0.272960	0.000000	0.000000	0.000000	0.415055	0.544997	0.415055	0.544997	0.415055	3.365641	0.415055	1.157829	1.310451	
2.000000	3.000000	0.000000	0.000000	0.000000	1.170696	0.000000	0.000000	0.000000	0.000000	0.000000	11.706960	0.764161	-0.024853	0.000000	0.000000	0.000000	0.822921	0.563282	0.305550	0.000000	0.000000	0.000000	0.386417	0.548480	0.386417	0.548480	0.386417	3.317411	0.386417	1.170696	1.410137	
2.000000	3.000000	0.000000	0.000000	0.000000	1.182931	0.000000	0.000000	0.000000	0.000000	0.000000	11.829311	0.818157	0.008483	0.000000	0.000000	0.000000	0.858922	0.539962	0.333365	0.000000	0.000000	0.000000	0.360010	0.550055	0.360010	0.550055	0.360010	3.267574	0.360010	1.182931	1.510177	
2.000000	3.000000	0.000000	0.000000	0.000000	1.194552	0.000000	0.000000	0.000000	0.000000	0.000000	11.945517	0.869776	0.044171	0.000000	0.000000	0.000000	0.892485	0.516188	0.356877	0.000000	0.000000	0.000000	0.335630	0.550011	0.335630	0.550011	0.335630	3.216509	0.335630	1.194552	1.610219	
2.000000	3.000000	0.000000	0.000000	0.000000	1.205579	0.000000	0.000000	0.000000	0.000000	0.000000	12.055789	0.919013	0.081825	0.000000	0.000000	0.000000	0.923794	0.492372	0.376540	0.000000	0.000000	0.000000	0.313094	0.548598	0.313094	0.548598	0.313094	3.164543	0.313094	1.205579	1.710257	
2.000000	3.000000	0.000000	0.000000	0.000000	1.216036	0.000000	0.000000	0.000000	0.000000	0.000000	12.160360	0.965896	0.121102	0.000000	0.000000	0.000000	0.953018	0.468826	0.392778	0.000000	0.000000	0.000000	0.292242	0.546026	0.292242	0.546026	0.292242	3.111958	0.292242	1.216036	1.810185	
2.000000	3.000000	0.000000	0.000000	0.000000	1.225948	0.000000	0.000000	0.000000	0.000000	0.000000	12.259478	1.010474	0.161701	0.000000	0.000000	0.000000	0.980311	0.445785	0.405981	0.000000	0.000000	0.000000	0.272929	0.542479	0.272929	0.542479	0.272929	3.058990	0.272929	1.225948	1.910222	
2.000000	3.000000	0.000000	0.000000	0.000000	1.235340	0.000000	0.000000	0.000000	0.000000	0.000000	12.353395	1.052816	0.203351	0.000000	0.000000	0.000000	1.005814	0.423418	0.416508	0.000000	0.000000	0.000000	0.255028	0.538113	0.255028	0.538113	0.255028	3.005845	0.255028	1.235340	2.010233	
2.000000	3.000000	0.000000	0.000000	0.000000	1.244237	0.000000	0.000000	0.000000	0.000000	0.000000	12.442367	1.093000	0.245820	0.000000	0.000000	0.000000	1.029656	0.401844	0.424682	0.000000	0.000000	0.000000	0.238422	0.533061	0.238422	0.533061	0.238422	2.952694	0.238422	1.244237	2.110526	
2.000000	3.000000	0.000000	0.000000	0.000000	1.252664	0.000000	0.000000	0.000000	0.000000	0.000000	12.526644	1.131115	0.288899	0.000000	0.000000	0.000000	1.051957	0.381144	0.430794	0.000000	0.000000	0.000000	0.223008	0.527439	0.223008	0.527439	0.223008	2.899682	0.223008	1.252664	2.210206	
2.000000	3.000000	0.000000	0.000000	0.000000	1.260647	0.000000	0.000000	0.000000	0.000000	0.000000	12.606475	1.167251	0.332409	0.000000	0.000000	0.000000	1.072826	0.361365	0.435103	0.000000	0.000000	0.000000	0.208690	0.521345	0.208690	0.521345	0.208690	2.846933	0.208690	1.260647	2.310267	
2.000000	3.000000	0.000000	0.000000	0.000000	1.268210	0.000000	0.000000	0.000000	0.000000	0.000000	12.682098	1.201504	0.376194	0.000000	0.000000	0.000000	1.092365	0.342532	0.437842	0.000000	0.000000	0.000000	0.195383	0.514863	0.195383	0.514863	0.195383	2.794550	0.195383	1.268210	2.410370	
2.000000	3.000000	0.000000	0.000000	0.000000	1.275374	0.000000	0.000000	0.000000	0.000000	0.000000	12.753744	1.233969	0.420115	0.000000	0.000000	0.000000	1.110666	0.324648	0.439216	0.000000	0.000000	0.000000	0.183010	0.508067	0.183010	0.508067	0.183010	2.742618	0.183010	1.275374	2.510197	
2.000000	3.000000	0.000000	0.000000	0.000000	1.282164	0.000000	0.000000	0.000000	0.000000	0.000000	12.821636	1.264740	0.464056	0.000000	0.000000	0.000000	1.127815	0.307705	0.439405	0.000000	0.000000	0.000000	0.171498	0.501018	0.171498	0.501018	0.171498	2.691210	0.171498	1.282164	2.610278	
2.000000	3.000000	0.000000	0.000000	0.000000	1.288598	0.000000	0.000000	0.000000	0.000000	0.000000	12.885984	1.293908	0.507913	0.000000	0.000000	0.000000	1.143894	0.291684	0.438571	0.000000	0.000000	0.000000	0.160783	0.493770	0.160783	0.493770	0.160783	2.640383	0.160783	1.288598	2.710252	
2.000000	3.000000	0.000000	0.000000	0.000000	1.294699	0.000000	0.000000	0.000000	0.000000	0.000000	12.946992	1.321564	0.551598	0.000000	0.000000	0.000000	1.158974	0.276557	0.436855	0.000000	0.000000	0.000000	0.150805	0.486368	0.150805	0.486368	0.150805	2.590186	0.150805	1.294699	2.810208	
2.000000	3.000000	0.000000	0.000000	0.000000	1.300485	0.000000	0.000000	0.000000	0.000000	0.000000	13.004849	1.347793	0.595036	0.000000	0.000000	0.000000	1.173125	0.262291	0.434380	0.000000	0.000000	0.000000	0.141511	0.478853	0.141511	0.478853	0.141511	2.540659	0.141511	1.300485	2.910274	
2.000000	3.000000	0.000000	0.000000	0.000000	1.305974	0.000000	0.000000	0.000000	0.000000	0.000000	13.059738	1.372678	0.638162	0.000000	0.000000	0.000000	1.186410	0.248850	0.431255	0.000000	0.000000	0.000000	0.132848	0.471257	0.132848	0.471257	0.132848	2.491832	0.132848	1.305974	3.010292	
2.000000	3.000000	0.000000	0.000000	0.000000	1.311183	0.000000	0.000000	0.000000	0.000000	0.000000	13.111830	1.396298	0.680919	0.000000	0.000000	0.000000	1.198887	0.236196	0.427576	0.000000	0.000000	0.000000	0.124773	0.463609	0.124773	0.463609	0.124773	2.443729	0.124773	1.311183	3.110274	
2.000000	3.000000	0.000000	0.000000	0.000000	1.316129	0.000000	0.000000	0.000000	0.000000	0.000000	13.161289	1.418727	0.723262	0.000000	0.000000	0.000000	1.210612	0.224289	0.423426	0.000000	0.000000	0.000000	0.117241	0.455934	0.117241	0.455934	0.117241	2.396370	0.117241	1.316129	3.210253	
2.000000	3.000000	0.000000	0.000000	0.000000	1.320827	0.000000	0.000000	0.000000	0.000000	0.000000	13.208266	1.440036	0.765150	0.000000	0.000000	0.000000	1.221633	0.213090	0.418878	0.000000	0.000000	0.000000	0.110215	0.448255	0.110215	0.448255	0.110215	2.349769	0.110215	1.320827	3.310310	
2.000000	3.000000	0.000000	0.000000	0.000000	1.325291	0.000000	0.000000	0.000000	0.000000	0.000000	13.252906	1.460292	0.806549	0.000000	0.000000	0.000000	1.231999	0.202559	0.413997	0.000000	0.000000	0.000000	0.103657	0.440587	0.103657	0.440587	0.103657	2.303935	0.103657	1.325291	3.410280	
2.000000	3.000000	0.000000	0.000000	0.000000	1.329534	0.000000	0.000000	0.000000	0.000000	0.000000	13.295345	1.479557	0.847433	0.000000	0.000000	0.000000	1.241752	0.192657	0.408838	0.000000	0.000000	0.000000	0.097536	0.432948	0.097536	0.432948	0.097536	2.258874	0.097536	1.329534	3.510301	
2.000000	3.000000	0.000000	0.000000	0.000000	1.333571	0.000000	0.000000	0.000000	0.000000	0.000000	13.335711	1.497892	0.887778	0.000000	0.000000	0.000000	1.250934	0.183347	0.403450	0.000000	0.000000	0.000000	0.091819	0.425350	0.091819	0.425350	0.091819	2.214589	0.091819	1.333571	3.610461	
2.000000	3.000000	0.000000	0.000000	0.000000	1.337412	0.000000	0.000000	0.000000	0.000000	0.000000	13.374124	1.515351	0.927566	0.000000	0.000000	0.000000	1.259582	0.174593	0.397876	0.000000	0.000000	0.000000	0.086478	0.417805	0.086478	0.417805	0.086478	2.171081	0.086478	1.337412	3.710294	
2.000000	3.000000	0.000000	0.000000	0.000000	1.341070	0.000000	0.000000	0.000000	0.000000	0.000000	13.410699	1.531987	0.966781	0.000000	0.000000	0.000000	1.267731	0.166361	0.392153	0.000000	0.000000	0.000000	0.081488	0.410322	0.081488	0.410322	0.081488	2.128349	0.081488	1.341070	3.810212	
2.000000	3.000000	0.000000	0.000000	0.000000	1.344554	0.000000	0.000000	0.000000	0.000000	0.000000	13.445541	1.547849	1.005412	0.000000	0.000000	0.000000	1.275413	0.158618	0.386313	0.000000	0.000000	0.000000	0.076823	0.402909	0.076823	0.402909	0.076823	2.086388	0.076823	1.344554	3.910280	
2.000000	3.000000	0.000000	0.000000	0.000000	1.347875	0.000000	0.000000	0.000000	0.000000	0.000000	13.478750	1.562982	1.043451	0.000000	0.000000	0.000000	1.282659	0.151333	0.380386	0.000000	0.000000	0.000000	0.072462	0.395574	0.072462	0.395574	0.072462	2.045194	0.072462	1.347875	4.010363	
2.000000	3.000000	0.000000	0.000000	0.000000	1.351042	0.000000	0.000000	0.000000	0.000000	0.000000	13.510421	1.577430	1.080890	0.000000	0.000000	0.000000	1.289498	0.144476	0.374394	0.000000	0.000000	0.000000	0.068383	0.388321	0.068383	0.388321	0.068383	2.004761	0.068383	1.351042	4.110383	
2.000000	3.000000	0.000000	0.000000	0.000000	1.354064	0.000000	0.000000	0.000000	0.000000	0.000000	13.540642	1.591232	1.117727	0.000000	0.000000	0.000000	1.295954	0.138019	0.368361	0.000000	0.000000	0.000000	0.064567	0.381156	0.064567	0.381156	0.064567	1.965082	0.064567	1.354064	4.210270	
2.000000	3.000000	0.000000	0.000000	0.000000	1.356950	0.000000	0.000000	0.000000	0.000000	0.000000	13.569497	1.604426	1.153957	0.000000	0.000000	0.000000	1.302054	0.131938	0.362304	0.000000	0.000000	0.000000	0.060995	0.374082	0.060995	0.374082	0.060995	1.926148	0.060995	1.356950	4.310265	
2.000000	3.000000	0.000000	0.000000	0.000000	1.359706	0.000000	0.000000	0.000000	0.000000	0.000000	13.597063	1.617046	1.189581	0.000000	0.000000	0.000000	1.307819	0.126206	0.356239	0.000000	0.000000	0.000000	0.057652	0.367103	0.057652	0.367103	0.057652	1.887950	0.057652	1.359706	4.410281	
2.000000	3.000000	0.000000	0.000000	0.000000	1.362342	0.000000	0.000000	0.000000	0.000000	0.000000	13.623415	1.629127	1.224599	0.000000	0.000000	0.000000	1.313271	0.120802	0.350182	0.000000	0.000000	0.000000	0.054522	0.360222	0.054522	0.360222	0.054522	1.850479	0.054522	1.362342	4.510278	
2.000000	3.000000	0.000000	0.000000	0.000000	1.364862	0.000000	0.000000	0.000000	0.000000	0.000000	13.648622	1.640697	1.259013	0.000000	0.000000	0.000000	1.318430	0.115704	0.344142	0.000000	0.000000	0.000000	0.051591	0.353440	0.051591	0.353440	0.051591	1.813724	0.051591	1.364862	4.610529	
2.000000	3.000000	0.000000	0.000000	0.000000	1.367275	0.000000	0.000000	0.000000	0.000000	0.000000	13.672748	1.651786	1.292827	0.000000	0.000000	0.000000	1.323315	0.110892	0.338133	0.000000	0.000000	0.000000	0.048844	0.346758	0.048844	0.346758	0.048844	1.777676	0.048844	1.367275	4.710367	
2.000000	3.000000	0.000000	0.000000	0.000000	1.369586	0.000000	0.000000	0.000000	0.000000	0.000000	13.695855	1.662421	1.326043	0.000000	0.000000	0.000000	1.327942	0.106347	0.332161	0.000000	0.000000	0.000000	0.046271	0.340179	0.046271	0.340179	0.046271	1.742324	0.046271	1.369586	4.810289	
2.000000	3.000000	0.000000	0.000000	0.000000	1.371800	0.000000	0.000000	0.000000	0.000000	0.000000	13.718001	1.672626	1.358666	0.000000	0.000000	0.000000	1.332328	0.102052	0.326235	0.000000	0.000000	0.000000	0.043858	0.333703	0.043858	0.333703	0.043858	1.707657	0.043858	1.371800	4.910263	
2.000000	3.000000	0.000000	0.000000	0.000000	1.373924	0.000000	0.000000	0.000000	0.000000	0.000000	13.739240	1.682425	1.390702	0.000000	0.000000	0.000000	1.336487	0.097991	0.320362	0.000000	0.000000	0.000000	0.041596	0.327330	0.041596	0.327330	0.041596	1.673664	0.041596	1.373924	5.010314	
2.000000	3.000000	0.000000	0.000000	0.000000	1.375962	0.000000	0.000000	0.000000	0.000000	0.000000	13.759623	1.691840	1.422157	0.000000	0.000000	0.000000	1.340435	0.094149	0.314547	0.000000	0.000000	0.000000	0.039475	0.321060	0.039475	0.321060	0.039475	1.640333	0.039475	1.375962	5.110538	
2.000000	3.000000	0.000000	0.000000	0.000000	1.377920	0.000000	0.000000	0.000000	0.000000	0.000000	13.779198	1.700891	1.453037	0.000000	0.000000	0.000000	1.344183	0.090510	0.308796	0.000000	0.000000	0.000000	0.037485	0.314895	0.037485	0.314895	0.037485	1.607654	0.037485	1.377920	5.210323	
2.000000	3.000000	0.000000	0.000000	0.000000	1.379801	0.000000	0.000000	0.000000	0.000000	0.000000	13.798010	1.709598	1.483348	0.000000	0.000000	0.000000	1.347745	0.087063	0.303111	0.000000	0.000000	0.000000	0.035618	0.308832	0.035618	0.308832	0.035618	1.575615	0.035618	1.379801	5.310315	
2.000000	3.000000	0.000000	0.000000	0.000000	1.381610	0.000000	0.000000	0.000000	0.000000	0.000000	13.816103	1.717977	1.513098	0.000000	0.000000	0.000000	1.351132	0.083796	0.297498	0.000000	0.000000	0.000000	0.033865	0.302873	0.033865	0.302873	0.033865	1.544204	0.033865	1.381610	5.410300	
2.000000	3.000000	0.000000	0.000000	0.000000	1.383352	0.000000	0.000000	0.000000	0.000000	0.000000	13.833516	1.726047	1.542293	0.000000	0.000000	0.000000	1.354354	0.080696	0.291957	0.000000	0.000000	0.000000	0.032220	0.297015	0.032220	0.297015	0.032220	1.513412	0.032220	1.383352	5.510354	
2.000000	3.000000	0.000000	0.000000	0.000000	1.385029	0.000000	0.000000	0.000000	0.000000	0.000000	13.850287	1.733822	1.570943	0.000000	0.000000	0.000000	1.357421	0.077753	0.286492	0.000000	0.000000	0.000000	0.030675	0.291260	0.030675	0.291260	0.030675	1.483226	0.030675	1.385029	5.610385	
2.000000	3.000000	0.000000	0.000000	0.000000	1.386645	0.000000	0.000000	0.000000	0.000000	0.000000	13.866454	1.741318	1.599053	0.000000	0.000000	0.000000	1.360344	0.074958	0.281105	0.000000	0.000000	0.000000	0.029224	0.285605	0.029224	0.285605	0.029224	1.453635	0.029224	1.386645	5.710318	
2.000000	3.000000	0.000000	0.000000	0.000000	1.388205	0.000000	0.000000	0.000000	0.000000	0.000000	13.882048	1.748548	1.626633	0.000000	0.000000	0.000000	1.363130	0.072300	0.275797	0.000000	0.000000	0.000000	0.027861	0.280051	0.027861	0.280051	0.027861	1.424629	0.027861	1.388205	5.810339	
2.000000	3.000000	0.000000	0.000000	0.000000	1.389710	0.000000	0.000000	0.000000	0.000000	0.000000	13.897103	1.755525	1.653690	0.000000	0.000000	0.000000	1.365788	0.069773	0.270568	0.000000	0.000000	0.000000	0.026581	0.274595	0.026581	0.274595	0.026581	1.396197	0.026581	1.389710	5.910295	
2.000000	3.000000	0.000000	0.000000	0.000000	1.391165	0.000000	0.000000	0.000000	0.000000	0.000000	13.911649	1.762262	1.680232	0.000000	0.000000	0.000000	1.368325	0.067367	0.265421	0.000000	0.000000	0.000000	0.025377	0.269238	0.025377	0.269238	0.025377	1.368327	0.025377	1.391165	6.010340	
2.000000	3.000000	0.000000	0.000000	0.000000	1.392571	0.000000	0.000000	0.000000	0.000000	0.000000	13.925714	1.768769	1.706267	0.000000	0.000000	0.000000	1.370750	0.065076	0.260355	0.000000	0.000000	0.000000	0.024246	0.263977	0.024246	0.263977	0.024246	1.341010	0.024246	1.392571	6.110305	
2.000000	3.000000	0.000000	0.000000	0.000000	1.393933	0.000000	0.000000	0.000000	0.000000	0.000000	13.939325	1.775059	1.731804	0.000000	0.000000	0.000000	1.373068	0.062892	0.255371	0.000000	0.000000	0.000000	0.023182	0.258812	0.023182	0.258812	0.023182	1.314234	0.023182	1.393933	6.210367	
2.000000	3.000000	0.000000	0.000000	0.000000	1.395251	0.000000	0.000000	0.000000	0.000000	0.000000	13.952509	1.781140	1.756851	0.000000	0.000000	0.000000	1.375287	0.060810	0.250469	0.000000	0.000000	0.000000	0.022183	0.253741	0.022183	0.253741	0.022183	1.287990	0.022183	1.395251	6.310477	
2.000000	3.000000	0.000000	0.000000	0.000000	1.396529	0.000000	0.000000	0.000000	0.000000	0.000000	13.965290	1.787022	1.781416	0.000000	0.000000	0.000000	1.377411	0.058823	0.245649	0.000000	0.000000	0.000000	0.021242	0.248764	0.021242	0.248764	0.021242	1.262267	0.021242	1.396529	6.410311	
2.000000	3.000000	0.000000	0.000000	0.000000	1.397769	0.000000	0.000000	0.000000	0.000000	0.000000	13.977690	1.792714	1.805507	0.000000	0.000000	0.000000	1.379447	0.056925	0.240911	0.000000	0.000000	0.000000	0.020358	0.243878	0.020358	0.243878	0.020358	1.237055	0.020358	1.397769	6.510372	
2.000000	3.000000	0.000000	0.000000	0.000000	1.398973	0.000000	0.000000	0.000000	0.000000	0.000000	13.989731	1.798226	1.829133	0.000000	0.000000	0.000000	1.381399	0.055112	0.236253	0.000000	0.000000	0.000000	0.019527	0.239084	0.019527	0.239084	0.019527	1.212345	0.019527	1.398973	6.610397	
2.000000	3.000000	0.000000	0.000000	0.000000	1.400144	0.000000	0.000000	0.000000	0.000000	0.000000	14.001435	1.803564	1.852300	0.000000	0.000000	0.000000	1.383274	0.053379	0.231677	0.000000	0.000000	0.000000	0.018744	0.234378	0.018744	0.234378	0.018744	1.188126	0.018744	1.400144	6.710505	
2.000000	3.000000	0.000000	0.000000	0.000000	1.401282	0.000000	0.000000	0.000000	0.000000	0.000000	14.012822	1.808736	1.875018	0.000000	0.000000	0.000000	1.385075	0.051720	0.227181	0.000000	0.000000	0.000000	0.018009	0.229760	0.018009	0.229760	0.018009	1.164389	0.018009	1.401282	6.810376	
2.000000	3.000000	0.000000	0.000000	0.000000	1.402391	0.000000	0.000000	0.000000	0.000000	0.000000	14.023910	1.813749	1.897295	0.000000	0.000000	0.000000	1.386806	0.050133	0.222764	0.000000	0.000000	0.000000	0.017316	0.225229	0.017316	0.225229	0.017316	1.141125	0.017316	1.402391	6.910457	
2.000000	3.000000	0.000000	0.000000	0.000000	1.403472	0.000000	0.000000	0.000000	0.000000	0.000000	14.034717	1.818610	1.919137	0.000000	0.000000	0.000000	1.388473	0.048613	0.218427	0.000000	0.000000	0.000000	0.016666	0.220784	0.016666	0.220784	0.016666	1.118324	0.016666	1.403472	7.010401	
2.000000	3.000000	0.000000	0.000000	0.000000	1.404526	0.000000	0.000000	0.000000	0.000000	0.000000	14.045261	1.823326	1.940554	0.000000	0.000000	0.000000	1.390078	0.047156	0.214167	0.000000	0.000000	0.000000	0.016053	0.216422	0.016053	0.216422	0.016053	1.095977	0.016053	1.404526	7.110506	
2.000000	3.000000	0.000000	0.000000	0.000000	1.405556	0.000000	0.000000	0.000000	0.000000	0.000000	14.055558	1.827902	1.961553	0.000000	0.000000	0.000000	1.391626	0.045759	0.209985	0.000000	0.000000	0.000000	0.015478	0.212143	0.015478	0.212143	0.015478	1.074076	0.015478	1.405556	7.210421	
2.000000	3.000000	0.000000	0.000000	0.000000	1.406562	0.000000	0.000000	0.000000	0.000000	0.000000	14.065625	1.832344	1.982140	0.000000	0.000000	0.000000	1.393120	0.044419	0.205878	0.000000	0.000000	0.000000	0.014937	0.207945	0.014937	0.207945	0.014937	1.052611	0.014937	1.406562	7.310396	
2.000000	3.000000	0.000000	0.000000	0.000000	1.407547	0.000000	0.000000	0.000000	0.000000	0.000000	14.075475	1.836657	2.002325	0.000000	0.000000	0.000000	1.394562	0.043133	0.201848	0.000000	0.000000	0.000000	0.014428	0.203826	0.014428	0.203826	0.014428	1.031575	0.014428	1.407547	7.410431	
2.000000	3.000000	0.000000	0.000000	0.000000	1.408512	0.000000	0.000000	0.000000	0.000000	0.000000	14.085123	1.840847	2.022114	0.000000	0.000000	0.000000	1.395957	0.041898	0.197891	0.000000	0.000000	0.000000	0.013950	0.199786	0.013950	0.199786	0.013950	1.010958	0.013950	1.408512	7.510423	
2.000000	3.000000	0.000000	0.000000	0.000000	1.409458	0.000000	0.000000	0.000000	0.000000	0.000000	14.094585	1.844918	2.041515	0.000000	0.000000	0.000000	1.397307	0.040712	0.194008	0.000000	0.000000	0.000000	0.013501	0.195824	0.013501	0.195824	0.013501	0.990752	0.013501	1.409458	7.610561	
2.000000	3.000000	0.000000	0.000000	0.000000	1.410387	0.000000	0.000000	0.000000	0.000000	0.000000	14.103872	1.848875	2.060535	0.000000	0.000000	0.000000	1.398615	0.039571	0.190198	0.000000	0.000000	0.000000	0.013080	0.191937	0.013080	0.191937	0.013080	0.970950	0.013080	1.410387	7.710504	
2.000000	3.000000	0.000000	0.000000	0.000000	1.411300	0.000000	0.000000	0.000000	0.000000	0.000000	14.112999	1.852723	2.079181	0.000000	0.000000	0.000000	1.399884	0.038475	0.186458	0.000000	0.000000	0.000000	0.012685	0.188124	0.012685	0.188124	0.012685	0.951543	0.012685	1.411300	7.810496	
2.000000	3.000000	0.000000	0.000000	0.000000	1.412198	0.000000	0.000000	0.000000	0.000000	0.000000	14.121978	1.856465	2.097460	0.000000	0.000000	0.000000	1.401115	0.037420	0.182789	0.000000	0.000000	0.000000	0.012314	0.184385	0.012314	0.184385	0.012314	0.932523	0.012314	1.412198	7.910461	
2.000000	3.000000	0.000000	0.000000	0.000000	1.413082	0.000000	0.000000	0.000000	0.000000	0.000000	14.130821	1.860105	2.115379	0.000000	0.000000	0.000000	1.402312	0.036405	0.179189	0.000000	0.000000	0.000000	0.011967	0.180717	0.011967	0.180717	0.011967	0.913883	0.011967	1.413082	8.010425	
2.000000	3.000000	0.000000	0.000000	0.000000	1.413954	0.000000	0.000000	0.000000	0.000000	0.000000	14.139541	1.863648	2.132944	0.000000	0.000000	0.000000	1.403476	0.035427	0.175657	0.000000	0.000000	0.000000	0.011642	0.177120	0.011642	0.177120	0.011642	0.895615	0.011642	1.413954	8.110532	
2.000000	3.000000	0.000000	0.000000	0.000000	1.414815	0.000000	0.000000	0.000000	0.000000	0.000000	14.148148	1.867096	2.150164	0.000000	0.000000	0.000000	1.404610	0.034486	0.172192	0.000000	0.000000	0.000000	0.011339	0.173592	0.011339	0.173592	0.011339	0.877712	0.011339	1.414815	8.210489	
2.000000	3.000000	0.000000	0.000000	0.000000	1.415666	0.000000	0.000000	0.000000	0.000000	0.000000	14.156655	1.870454	2.167043	0.000000	0.000000	0.000000	1.405716	0.033579	0.168793	0.000000	0.000000	0.000000	0.011055	0.170132	0.011055	0.170132	0.011055	0.860166	0.011055	1.415666	8.310441	
2.000000	3.000000	0.000000	0.000000	0.000000	1.416507	0.000000	0.000000	0.000000	0.000000	0.000000	14.165073	1.873725	2.183589	0.000000	0.000000	0.000000	1.406795	0.032705	0.165459	0.000000	0.000000	0.000000	0.010792	0.166739	0.010792	0.166739	0.010792	0.842971	0.010792	1.416507	8.410496	
2.000000	3.000000	0.000000	0.000000	0.000000	1.417341	0.000000	0.000000	0.000000	0.000000	0.000000	14.173412	1.876911	2.199808	0.000000	0.000000	0.000000	1.407849	0.031863	0.162189	0.000000	0.000000	0.000000	0.010546	0.163411	0.010546	0.163411	0.010546	0.826119	0.010546	1.417341	8.510461	
2.000000	3.000000	0.000000	0.000000	0.000000	1.418168	0.000000	0.000000	0.000000	0.000000	0.000000	14.181685	1.880016	2.215706	0.000000	0.000000	0.000000	1.408881	0.031051	0.158981	0.000000	0.000000	0.000000	0.010319	0.160148	0.010319	0.160148	0.010319	0.809604	0.010319	1.418168	8.610499	
2.000000	3.000000	0.000000	0.000000	0.000000	1.418990	0.000000	0.000000	0.000000	0.000000	0.000000	14.189901	1.883043	2.231289	0.000000	0.000000	0.000000	1.409892	0.030267	0.155835	0.000000	0.000000	0.000000	0.010109	0.156947	0.010109	0.156947	0.010109	0.793419	0.010109	1.418990	8.710710	
2.000000	3.000000	0.000000	0.000000	0.000000	1.419807	0.000000	0.000000	0.000000	0.000000	0.000000	14.198072	1.885994	2.246564	0.000000	0.000000	0.000000	1.410884	0.029512	0.152749	0.000000	0.000000	0.000000	0.009915	0.153808	0.009915	0.153808	0.009915	0.777557	0.009915	1.419807	8.810490	
2.000000	3.000000	0.000000	0.000000	0.000000	1.420621	0.000000	0.000000	0.000000	0.000000	0.000000	14.206208	1.888872	2.261536	0.000000	0.000000	0.000000	1.411857	0.028783	0.149722	0.000000	0.000000	0.000000	0.009737	0.150730	0.009737	0.150730	0.009737	0.762012	0.009737	1.420621	8.910498	
2.000000	3.000000	0.000000	0.000000	0.000000	1.421432	0.000000	0.000000	0.000000	0.000000	0.000000	14.214321	1.891680	2.276212	0.000000	0.000000	0.000000	1.412815	0.028079	0.146754	0.000000	0.000000	0.000000	0.009575	0.147711	0.009575	0.147711	0.009575	0.746778	0.009575	1.421432	9.010484	
2.000000	3.000000	0.000000	0.000000	0.000000	1.422242	0.000000	0.000000	0.000000	0.000000	0.000000	14.222422	1.894420	2.290596	0.000000	0.000000	0.000000	1.413758	0.027401	0.143844	0.000000	0.000000	0.000000	0.009427	0.144751	0.009427	0.144751	0.009427	0.731849	0.009427	1.422242	9.110596	
2.000000	3.000000	0.000000	0.000000	0.000000	1.423052	0.000000	0.000000	0.000000	0.000000	0.000000	14.230521	1.897095	2.304695	0.000000	0.000000	0.000000	1.414687	0.026746	0.140989	0.000000	0.000000	0.000000	0.009295	0.141848	0.009295	0.141848	0.009295	0.717217	0.009295	1.423052	9.210536	
2.000000	3.000000	0.000000	0.000000	0.000000	1.423863	0.000000	0.000000	0.000000	0.000000	0.000000	14.238631	1.899706	2.318514	0.000000	0.000000	0.000000	1.415605	0.026114	0.138190	0.000000	0.000000	0.000000	0.009176	0.139001	0.009176	0.139001	0.009176	0.702879	0.009176	1.423863	9.310475	
2.000000	3.000000	0.000000	0.000000	0.000000	1.424676	0.000000	0.000000	0.000000	0.000000	0.000000	14.246762	1.902257	2.332059	0.000000	0.000000	0.000000	1.416512	0.025504	0.135445	0.000000	0.000000	0.000000	0.009072	0.136208	0.009072	0.136208	0.009072	0.688826	0.009072	1.424676	9.410520	
2.000000	3.000000	0.000000	0.000000	0.000000	1.425493	0.000000	0.000000	0.000000	0.000000	0.000000	14.254927	1.904748	2.345334	0.000000	0.000000	0.000000	1.417410	0.024916	0.132754	0.000000	0.000000	0.000000	0.008981	0.133470	0.008981	0.133470	0.008981	0.675055	0.008981	1.425493	9.510523	
2.000000	3.000000	0.000000	0.000000	0.000000	1.426314	0.000000	0.000000	0.000000	0.000000	0.000000	14.263137	1.907183	2.358345	0.000000	0.000000	0.000000	1.418300	0.024349	0.130114	0.000000	0.000000	0.000000	0.008904	0.130784	0.008904	0.130784	0.008904	0.661559	0.008904	1.426314	9.610740	
2.000000	3.000000	0.000000	0.000000	0.000000	1.427141	0.000000	0.000000	0.000000	0.000000	0.000000	14.271407	1.909563	2.371098	0.000000	0.000000	0.000000	1.419184	0.023802	0.127526	0.000000	0.000000	0.000000	0.008840	0.128150	0.008840	0.128150	0.008840	0.648333	0.008840	1.427141	9.710591	
2.000000	3.000000	0.000000	0.000000	0.000000	1.427975	0.000000	0.000000	0.000000	0.000000	0.000000	14.279748	1.911891	2.383597	0.000000	0.000000	0.000000	1.420063	0.023274	0.124988	0.000000	0.000000	0.000000	0.008790	0.125566	0.008790	0.125566	0.008790	0.635371	0.008790	1.427975	9.810550	
2.000000	3.000000	0.000000	0.000000	0.000000	1.428817	0.000000	0.000000	0.000000	0.000000	0.000000	14.288174	1.914168	2.395847	0.000000	0.000000	0.000000	1.420939	0.022766	0.122499	0.000000	0.000000	0.000000	0.008754	0.123032	0.008754	0.123032	0.008754	0.622669	0.008754	1.428817	9.910720	
2.000000	3.000000	0.000000	0.000000	0.000000	1.429670	0.000000	0.000000	0.000000	0.000000	0.000000	14.296701	1.916395	2.407853	0.000000	0.000000	0.000000	1.421812	0.022277	0.120059	0.000000	0.000000	0.000000	0.008731	0.120546	0.008731	0.120546	0.008731	0.610220	0.008731	1.429670	10.010594	
2.000000	3.000000	0.000000	0.000000	0.000000	1.430534	0.000000	0.000000	0.000000	0.000000	0.000000	14.305342	1.918576	2.419619	0.000000	0.000000	0.000000	1.422684	0.021805	0.117666	0.000000	0.000000	0.000000	0.008722	0.118108	0.008722	0.118108	0.008722	0.598020	0.008722	1.430534	10.110518	
2.000000	3.000000	0.000000	0.000000	0.000000	1.431411	0.000000	0.000000	0.000000	0.000000	0.000000	14.314115	1.920711	2.431151	0.000000	0.000000	0.000000	1.423557	0.021352	0.115320	0.000000	0.000000	0.000000	0.008727	0.115716	0.008727	0.115716	0.008727	0.586065	0.008727	1.431411	10.210574	
2.000000	3.000000	0.000000	0.000000	0.000000	1.432303	0.000000	0.000000	0.000000	0.000000	0.000000	14.323035	1.922803	2.442453	0.000000	0.000000	0.000000	1.424432	0.020917	0.113019	0.000000	0.000000	0.000000	0.008747	0.113369	0.008747	0.113369	0.008747	0.574348	0.008747	1.432303	10.310581	
2.000000	3.000000	0.000000	0.000000	0.000000	1.433212	0.000000	0.000000	0.000000	0.000000	0.000000	14.332121	1.924852	2.453530	0.000000	0.000000	0.000000	1.425310	0.020499	0.110764	0.000000	0.000000	0.000000	0.008781	0.111067	0.008781	0.111067	0.008781	0.562866	0.008781	1.433212	10.410502	
2.000000	3.000000	0.000000	0.000000	0.000000	1.434139	0.000000	0.000000	0.000000	0.000000	0.000000	14.341391	1.926862	2.464385	0.000000	0.000000	0.000000	1.426193	0.020098	0.108551	0.000000	0.000000	0.000000	0.008830	0.108808	0.008830	0.108808	0.008830	0.551613	0.008830	1.434139	10.510643	
2.000000	3.000000	0.000000	0.000000	0.000000	1.435087	0.000000	0.000000	0.000000	0.000000	0.000000	14.350867	1.928834	2.475023	0.000000	0.000000	0.000000	1.427082	0.019714	0.106382	0.000000	0.000000	0.000000	0.008894	0.106592	0.008894	0.106592	0.008894	0.540586	0.008894	1.435087	10.610689	
2.000000	3.000000	0.000000	0.000000	0.000000	1.436057	0.000000	0.000000	0.000000	0.000000	0.000000	14.360570	1.930769	2.485448	0.000000	0.000000	0.000000	1.427979	0.019348	0.104255	0.000000	0.000000	0.000000	0.008975	0.104417	0.008975	0.104417	0.008975	0.529779	0.008975	1.436057	10.710651	
2.000000	3.000000	0.000000	0.000000	0.000000	1.437052	0.000000	0.000000	0.000000	0.000000	0.000000	14.370523	1.932668	2.495665	0.000000	0.000000	0.000000	1.428887	0.018998	0.102169	0.000000	0.000000	0.000000	0.009073	0.102282	0.009073	0.102282	0.009073	0.519188	0.009073	1.437052	10.810788	
2.000000	3.000000	0.000000	0.000000	0.000000	1.438075	0.000000	0.000000	0.000000	0.000000	0.000000	14.380752	1.934535	2.505678	0.000000	0.000000	0.000000	1.429806	0.018666	0.100124	0.000000	0.000000	0.000000	0.009188	0.100186	0.009188	0.100186	0.009188	0.508809	0.009188	1.438075	10.910569	
2.000000	3.000000	0.000000	0.000000	0.000000	1.439128	0.000000	0.000000	0.000000	0.000000	0.000000	14.391285	1.936370	2.515490	0.000000	0.000000	0.000000	1.430738	0.018350	0.098118	0.000000	0.000000	0.000000	0.009323	0.098129	0.009323	0.098129	0.009323	0.498638	0.009323	1.439128	11.010599	
2.000000	3.000000	0.000000	0.000000	0.000000	1.440215	0.000000	0.000000	0.000000	0.000000	0.000000	14.402151	1.938175	2.525105	0.000000	0.000000	0.000000	1.431686	0.018052	0.096151	0.000000	0.000000	0.000000	0.009477	0.096109	0.009477	0.096109	0.009477	0.488671	0.009477	1.440215	11.110553	
2.000000	3.000000	0.000000	0.000000	0.000000	1.441338	0.000000	0.000000	0.000000	0.000000	0.000000	14.413382	1.939952	2.534527	0.000000	0.000000	0.000000	1.432651	0.017772	0.094222	0.000000	0.000000	0.000000	0.009653	0.094125	0.009653	0.094125	0.009653	0.478903	0.009653	1.441338	11.210551	
2.000000	3.000000	0.000000	0.000000	0.000000	1.442501	0.000000	0.000000	0.000000	0.000000	0.000000	14.425015	1.941703	2.543760	0.000000	0.000000	0.000000	1.433636	0.017510	0.092330	0.000000	0.000000	0.000000	0.009851	0.092177	0.009851	0.092177	0.009851	0.469330	0.009851	1.442501	11.310594	
2.000000	3.000000	0.000000	0.000000	0.000000	1.443709	0.000000	0.000000	0.000000	0.000000	0.000000	14.437087	1.943430	2.552807	0.000000	0.000000	0.000000	1.434643	0.017265	0.090474	0.000000	0.000000	0.000000	0.010073	0.090263	0.010073	0.090263	0.010073	0.459949	0.010073	1.443709	11.410529	
2.000000	3.000000	0.000000	0.000000	0.000000	1.444964	0.000000	0.000000	0.000000	0.000000	0.000000	14.449641	1.945134	2.561673	0.000000	0.000000	0.000000	1.435675	0.017040	0.088654	0.000000	0.000000	0.000000	0.010321	0.088382	0.010321	0.088382	0.010321	0.450757	0.010321	1.444964	11.510557	
2.000000	3.000000	0.000000	0.000000	0.000000	1.446272	0.000000	0.000000	0.000000	0.000000	0.000000	14.462724	1.946817	2.570360	0.000000	0.000000	0.000000	1.436735	0.016835	0.086869	0.000000	0.000000	0.000000	0.010597	0.086532	0.010597	0.086532	0.010597	0.441748	0.010597	1.446272	11.610571	
2.000000	3.000000	0.000000	0.000000	0.000000	1.447639	0.000000	0.000000	0.000000	0.000000	0.000000	14.476387	1.948482	2.578871	0.000000	0.000000	0.000000	1.437825	0.016649	0.085117	0.000000	0.000000	0.000000	0.010904	0.084714	0.010904	0.084714	0.010904	0.432919	0.010904	1.447639	11.710553	
2.000000	3.000000	0.000000	0.000000	0.000000	1.449069	0.000000	0.000000	0.000000	0.000000	0.000000	14.490687	1.950131	2.587211	0.000000	0.000000	0.000000	1.438950	0.016485	0.083399	0.000000	0.000000	0.000000	0.011243	0.082926	0.011243	0.082926	0.011243	0.424268	0.011243	1.449069	11.811065	
2.000000	3.000000	0.000000	0.000000	0.000000	1.450569	0.000000	0.000000	0.000000	0.000000	0.000000	14.505685	1.951765	2.595383	0.000000	0.000000	0.000000	1.440112	0.016343	0.081713	0.000000	0.000000	0.000000	0.011619	0.081166	0.011619	0.081166	0.011619	0.415790	0.011619	1.450569	11.910839	
2.000000	3.000000	0.000000	0.000000	0.000000	1.452145	0.000000	0.000000	0.000000	0.000000	0.000000	14.521452	1.953388	2.603388	0.000000	0.000000	0.000000	1.441315	0.016225	0.080059	0.000000	0.000000	0.000000	0.012034	0.079433	0.012034	0.079433	0.012034	0.407482	0.012034	1.452145	12.010840	
2.000000	3.000000	0.000000	0.000000	0.000000	1.453806	0.000000	0.000000	0.000000	0.000000	0.000000	14.538065	1.955001	2.611232	0.000000	0.000000	0.000000	1.442564	0.016132	0.078436	0.000000	0.000000	0.000000	0.012492	0.077726	0.012492	0.077726	0.012492	0.399341	0.012492	1.453806	12.110812	
2.000000	3.000000	0.000000	0.000000	0.000000	1.455561	0.000000	0.000000	0.000000	0.000000	0.000000	14.555609	1.956607	2.618916	0.000000	0.000000	0.000000	1.443864	0.016065	0.076843	0.000000	0.000000	0.000000	0.012997	0.076044	0.012997	0.076044	0.012997	0.391364	0.012997	1.455561	12.211045	
2.000000	3.000000	0.000000	0.000000	0.000000	1.457418	0.000000	0.000000	0.000000	0.000000	0.000000	14.574181	1.958210	2.626444	0.000000	0.000000	0.000000	1.445219	0.016027	0.075279	0.000000	0.000000	0.000000	0.013554	0.074384	0.013554	0.074384	0.013554	0.383546	0.013554	1.457418	12.310844	
2.000000	3.000000	0.000000	0.000000	0.000000	1.459389	0.000000	0.000000	0.000000	0.000000	0.000000	14.593888	1.959812	2.633819	0.000000	0.000000	0.000000	1.446636	0.016020	0.073744	0.000000	0.000000	0.000000	0.014170	0.072747	0.014170	0.072747	0.014170	0.375886	0.014170	1.459389	12.410825	
2.000000	3.000000	0.000000	0.000000	0.000000	1.461485	0.000000	0.000000	0.000000	0.000000	0.000000	14.614850	1.961417	2.641042	0.000000	0.000000	0.000000	1.448121	0.016046	0.072237	0.000000	0.000000	0.000000	0.014849	0.071129	0.014849	0.071129	0.014849	0.368380	0.014849	1.461485	12.510835	
2.000000	3.000000	0.000000	0.000000	0.000000	1.463720	0.000000	0.000000	0.000000	0.000000	0.000000	14.637202	1.963027	2.648118	0.000000	0.000000	0.000000	1.449681	0.016109	0.070757	0.000000	0.000000	0.000000	0.015599	0.069529	0.015599	0.069529	0.015599	0.361025	0.015599	1.463720	12.610822	
2.000000	3.000000	0.000000	0.000000	0.000000	1.466110	0.000000	0.000000	0.000000	0.000000	0.000000	14.661097	1.964649	2.655048	0.000000	0.000000	0.000000	1.451324	0.016211	0.069303	0.000000	0.000000	0.000000	0.016429	0.067945	0.016429	0.067945	0.016429	0.353819	0.016429	1.466110	12.710829	
2.000000	3.000000	0.000000	0.000000	0.000000	1.468671	0.000000	0.000000	0.000000	0.000000	0.000000	14.686706	1.966284	2.661836	0.000000	0.000000	0.000000	1.453059	0.016357	0.067876	0.000000	0.000000	0.000000	0.017347	0.066375	0.017347	0.066375	0.017347	0.346758	0.017347	1.468671	12.811083	
2.000000	3.000000	0.000000	0.000000	0.000000	1.471422	0.000000	0.000000	0.000000	0.000000	0.000000	14.714225	1.967939	2.668483	0.000000	0.000000	0.000000	1.454895	0.016551	0.066473	0.000000	0.000000	0.000000	0.018364	0.064816	0.018364	0.064816	0.018364	0.339841	0.018364	1.471422	12.910839	
2.000000	3.000000	0.000000	0.000000	0.000000	1.474387	0.000000	0.000000	0.000000	0.000000	0.000000	14.743873	1.969619	2.674992	0.000000	0.000000	0.000000	1.456844	0.016799	0.065094	0.000000	0.000000	0.000000	0.019492	0.063267	0.019492	0.063267	0.019492	0.333064	0.019492	1.474387	13.010835	
2.000000	3.000000	0.000000	0.000000	0.000000	1.477590	0.000000	0.000000	0.000000	0.000000	0.000000	14.775901	1.971330	2.681366	0.000000	0.000000	0.000000	1.458919	0.017106	0.063739	0.000000	0.000000	0.000000	0.020746	0.061723	0.020746	0.061723	0.020746	0.326424	0.020746	1.477590	13.110926	
2.000000	3.000000	0.000000	0.000000	0.000000	1.481060	0.000000	0.000000	0.000000	0.000000	0.000000	14.810595	1.973078	2.687607	0.000000	0.000000	0.000000	1.461133	0.017479	0.062407	0.000000	0.000000	0.000000	0.022141	0.060182	0.022141	0.060182	0.022141	0.319921	0.022141	1.481060	13.210848	
2.000000	3.000000	0.000000	0.000000	0.000000	1.484828	0.000000	0.000000	0.000000	0.000000	0.000000	14.848281	1.974871	2.693717	0.000000	0.000000	0.000000	1.463502	0.017928	0.061098	0.000000	0.000000	0.000000	0.023695	0.058640	0.023695	0.058640	0.023695	0.313551	0.023695	1.484828	13.310891	
2.000000	3.000000	0.000000	0.000000	0.000000	1.488933	0.000000	0.000000	0.000000	0.000000	0.000000	14.889332	1.976717	2.699698	0.000000	0.000000	0.000000	1.466045	0.018460	0.059810	0.000000	0.000000	0.000000	0.025431	0.057094	0.025431	0.057094	0.025431	0.307312	0.025431	1.488933	13.410889	
2.000000	3.000000	0.000000	0.000000	0.000000	1.493418	0.000000	0.000000	0.000000	0.000000	0.000000	14.934176	1.978625	2.705552	0.000000	0.000000	0.000000	1.468783	0.019087	0.058543	0.000000	0.000000	0.000000	0.027372	0.055537	0.027372	0.055537	0.027372	0.301203	0.027372	1.493418	13.520615	
2.000000	3.000000	0.000000	0.000000	0.000000	1.498330	0.000000	0.000000	0.000000	0.000000	0.000000	14.983305	1.980607	2.711282	0.000000	0.000000	0.000000	1.471737	0.019821	0.057298	0.000000	0.000000	0.000000	0.029548	0.053966	0.029548	0.053966	0.029548	0.295223	0.029548	1.498330	13.620634	
2.000000	3.000000	0.000000	0.000000	0.000000	1.503729	0.000000	0.000000	0.000000	0.000000	0.000000	15.037286	1.982675	2.716889	0.000000	0.000000	0.000000	1.474937	0.020678	0.056074	0.000000	0.000000	0.000000	0.031991	0.052373	0.031991	0.052373	0.031991	0.289369	0.031991	1.503729	13.720304	
2.000000	3.000000	0.000000	0.000000	0.000000	1.509678	0.000000	0.000000	0.000000	0.000000	0.000000	15.096776	1.984842	2.722377	0.000000	0.000000	0.000000	1.478411	0.021674	0.054871	0.000000	0.000000	0.000000	0.034741	0.050753	0.034741	0.050753	0.034741	0.283640	0.034741	1.509678	13.820313	
2.000000	3.000000	0.000000	0.000000	0.000000	1.516253	0.000000	0.000000	0.000000	0.000000	0.000000	15.162531	1.987126	2.727746	0.000000	0.000000	0.000000	1.482195	0.022831	0.053690	0.000000	0.000000	0.000000	0.037842	0.049096	0.037842	0.049096	0.037842	0.278037	0.037842	1.516253	13.920312	
2.000000	3.000000	0.000000	0.000000	0.000000	1.523543	0.000000	0.000000	0.000000	0.000000	0.000000	15.235432	1.989543	2.732999	0.000000	0.000000	0.000000	1.486330	0.024171	0.052532	0.000000	0.000000	0.000000	0.041348	0.047394	0.041348	0.047394	0.041348	0.272559	0.041348	1.523543	14.020729	
2.000000	3.000000	0.000000	0.000000	0.000000	1.531650	0.000000	0.000000	0.000000	0.000000	0.000000	15.316502	1.992115	2.738139	0.000000	0.000000	0.000000	1.490862	0.025722	0.051400	0.000000	0.000000	0.000000	0.045321	0.045636	0.045321	0.045636	0.045321	0.267206	0.045321	1.531650	14.120690	
2.000000	3.000000	0.000000	0.000000	0.000000	1.540693	0.000000	0.000000	0.000000	0.000000	0.000000	15.406932	1.994866	2.743168	0.000000	0.000000	0.000000	1.495845	0.027517	0.050294	0.000000	0.000000	0.000000	0.049831	0.043809	0.049831	0.043809	0.049831	0.261980	0.049831	1.540693	14.221172	
2.000000	3.000000	0.000000	0.000000	0.000000	1.550811	0.000000	0.000000	0.000000	0.000000	0.000000	15.508111	1.997826	2.748090	0.000000	0.000000	0.000000	1.501342	0.029594	0.049221	0.000000	0.000000	0.000000	0.054966	0.041899	0.054966	0.041899	0.054966	0.256883	0.054966	1.550811	14.320712	
2.000000	3.000000	0.000000	0.000000	0.000000	1.562166	0.000000	0.000000	0.000000	0.000000	0.000000	15.621662	2.001026	2.752909	0.000000	0.000000	0.000000	1.507424	0.031999	0.048186	0.000000	0.000000	0.000000	0.060825	0.039889	0.060825	0.039889	0.060825	0.251919	0.060825	1.562166	14.420675	
2.000000	3.000000	0.000000	0.000000	0.000000	1.574948	0.000000	0.000000	0.000000	0.000000	0.000000	15.749481	2.004504	2.757629	0.000000	0.000000	0.000000	1.514176	0.034785	0.047198	0.000000	0.000000	0.000000	0.067524	0.037759	0.067524	0.037759	0.067524	0.247093	0.067524	1.574948	14.520652	
2.000000	3.000000	0.000000	0.000000	0.000000	1.589379	0.000000	0.000000	0.000000	0.000000	0.000000	15.893787	2.008306	2.762256	0.000000	0.000000	0.000000	1.521697	0.038013	0.046269	0.000000	0.000000	0.000000	0.075202	0.035485	0.075202	0.035485	0.075202	0.242413	0.075202	1.589379	14.620772	
2.000000	3.000000	0.000000	0.000000	0.000000	1.605717	0.000000	0.000000	0.000000	0.000000	0.000000	16.057172	2.012481	2.766797	0.000000	0.000000	0.000000	1.530099	0.041756	0.045415	0.000000	0.000000	0.000000	0.084021	0.033042	0.084021	0.033042	0.084021	0.237889	0.084021	1.605717	14.724457	
2.000000	3.000000	0.000000	0.000000	0.000000	1.624266	0.000000	0.000000	0.000000	0.000000	0.000000	16.242662	2.017091	2.771263	0.000000	0.000000	0.000000	1.539515	0.046100	0.044662	0.000000	0.000000	0.000000	0.094168	0.030397	0.094168	0.030397	0.094168	0.233537	0.094168	1.624266	14.824470	
2.000000	3.000000	0.000000	0.000000	0.000000	1.645378	0.000000	0.000000	0.000000	0.000000	0.000000	16.453777	2.022205	2.775667	0.000000	0.000000	0.000000	1.550102	0.051141	0.044040	0.000000	0.000000	0.000000	0.105862	0.027515	0.105862	0.027515	0.105862	0.229374	0.105862	1.645378	14.924709	
2.000000	3.000000	0.000000	0.000000	0.000000	1.669459	0.000000	0.000000	0.000000	0.000000	0.000000	16.694588	2.027905	2.780027	0.000000	0.000000	0.000000	1.562037	0.056994	0.043595	0.000000	0.000000	0.000000	0.119357	0.024354	0.119357	0.024354	0.119357	0.225429	0.119357	1.669459	15.024700	
2.000000	3.000000	0.000000	0.000000	0.000000	1.696977	0.000000	0.000000	0.000000	0.000000	0.000000	16.969774	2.034283	2.784365	0.000000	0.000000	0.000000	1.575531	0.063784	0.043387	0.000000	0.000000	0.000000	0.134940	0.020868	0.134940	0.020868	0.134940	0.221736	0.134940	1.696977	15.124448	
2.000000	3.000000	0.000000	0.000000	0.000000	1.728464	0.000000	0.000000	0.000000	0.000000	0.000000	17.284636	2.041448	2.788715	0.000000	0.000000	0.000000	1.590825	0.071649	0.043499	0.000000	0.000000	0.000000	0.152932	0.017006	0.152932	0.017006	0.152932	0.218343	0.152932	1.728464	15.224455	
2.000000	3.000000	0.000000	0.000000	0.000000	1.764508	0.000000	0.000000	0.000000	0.000000	0.000000	17.645079	2.049522	2.793119	0.000000	0.000000	0.000000	1.608193	0.080739	0.044040	0.000000	0.000000	0.000000	0.173683	0.012713	0.173683	0.012713	0.173683	0.215312	0.173683	1.764508	15.327142	
2.000000	3.000000	0.000000	0.000000	0.000000	1.805749	0.000000	0.000000	0.000000	0.000000	0.000000	18.057495	2.058642	2.797635	0.000000	0.000000	0.000000	1.627949	0.091197	0.045159	0.000000	0.000000	0.000000	0.197557	0.007933	0.197557	0.007933	0.197557	0.212725	0.197557	1.805749	15.427119	
2.000000	3.000000	0.000000	0.000000	0.000000	1.852852	0.000000	0.000000	0.000000	0.000000	0.000000	18.528520	2.068957	2.802340	0.000000	0.000000	0.000000	1.650439	0.103151	0.047046	0.000000	0.000000	0.000000	0.224903	0.002616	0.224903	0.002616	0.224903	0.210690	0.224903	1.852852	15.527361	
2.000000	3.000000	0.000000	0.000000	0.000000	1.906459	0.000000	0.000000	0.000000	0.000000	0.000000	19.064593	2.080625	2.807334	0.000000	0.000000	0.000000	1.676041	0.116687	0.049946	0.000000	0.000000	0.000000	0.256020	-0.003278	0.256020	-0.003278	0.256020	0.209343	0.256020	1.906459	15.627122	
2.000000	3.000000	0.000000	0.000000	0.000000	1.967125	0.000000	0.000000	0.000000	0.000000	0.000000	19.671253	2.093806	2.812750	0.000000	0.000000	0.000000	1.705149	0.131805	0.054160	0.000000	0.000000	0.000000	0.291084	-0.009764	0.291084	-0.009764	0.291084	0.208855	0.291084	1.967125	15.727099	
2.000000	3.000000	0.000000	0.000000	0.000000	2.035217	0.000000	0.000000	0.000000	0.000000	0.000000	20.352167	2.108643	2.818754	0.000000	0.000000	0.000000	1.738156	0.148376	0.060041	0.000000	0.000000	0.000000	0.330067	-0.016819	0.330067	-0.016819	0.330067	0.209432	0.330067	2.035217	15.827222	
2.000000	3.000000	0.000000	0.000000	0.000000	2.110794	0.000000	0.000000	0.000000	0.000000	0.000000	21.107938	2.125251	2.825552	0.000000	0.000000	0.000000	1.775420	0.166079	0.067977	0.000000	0.000000	0.000000	0.372638	-0.024363	0.372638	-0.024363	0.372638	0.211313	0.372638	2.110794	15.927104	
2.000000	3.000000	0.000000	0.000000	0.000000	2.193492	0.000000	0.000000	0.000000	0.000000	0.000000	21.934924	2.143687	2.833387	0.000000	0.000000	0.000000	1.817227	0.184356	0.078347	0.000000	0.000000	0.000000	0.418072	-0.032243	0.418072	-0.032243	0.418072	0.214755	0.418072	2.193492	16.027193	
2.000000	3.000000	0.000000	0.000000	0.000000	2.282444	0.000000	0.000000	0.000000	0.000000	0.000000	22.824444	2.163925	2.842533	0.000000	0.000000	0.000000	1.863749	0.202384	0.091460	0.000000	0.000000	0.000000	0.465217	-0.040231	0.465217	-0.040231	0.465217	0.220013	0.465217	2.282444	16.127142	
2.000000	3.000000	0.000000	0.000000	0.000000	2.376286	0.000000	0.000000	0.000000	0.000000	0.000000	23.762860	2.185836	2.853280	0.000000	0.000000	0.000000	1.915003	0.219113	0.107474	0.000000	0.000000	0.000000	0.512537	-0.048030	0.512537	-0.048030	0.512537	0.227305	0.512537	2.376286	16.230719	
2.000000	3.000000	0.000000	0.000000	0.000000	2.473281	0.000000	0.000000	0.000000	0.000000	0.000000	24.732809	2.209173	2.865913	0.000000	0.000000	0.000000	1.970830	0.233366	0.126324	0.000000	0.000000	0.000000	0.558278	-0.055306	0.558278	-0.055306	0.558278	0.236774	0.558278	2.473281	16.330678	
2.000000	3.000000	0.000000	0.000000	0.000000	2.571545	0.000000	0.000000	0.000000	0.000000	0.000000	25.715451	2.233573	2.880680	0.000000	0.000000	0.000000	2.030902	0.243995	0.147676	0.000000	0.000000	0.000000	0.600715	-0.061736	0.600715	-0.061736	0.600715	0.248461	0.600715	2.571545	16.430716	
2.000000	3.000000	0.000000	0.000000	0.000000	2.669305	0.000000	0.000000	0.000000	0.000000	0.000000	26.693053	2.258578	2.897774	0.000000	0.000000	0.000000	2.094742	0.250053	0.170936	0.000000	0.000000	0.000000	0.638403	-0.067048	0.638403	-0.067048	0.638403	0.262285	0.638403	2.669305	16.530860	
2.000000	3.000000	0.000000	0.000000	0.000000	2.765110	0.000000	0.000000	0.000000	0.000000	0.000000	27.651098	2.283669	2.917305	0.000000	0.000000	0.000000	2.161779	0.250916	0.195310	0.000000	0.000000	0.000000	0.670368	-0.071064	0.670368	-0.071064	0.670368	0.278052	0.670368	2.765110	16.630855	
2.000000	3.000000	0.000000	0.000000	0.000000	2.857934	0.000000	0.000000	0.000000	0.000000	0.000000	28.579340	2.308304	2.939295	0.000000	0.000000	0.000000	2.231394	0.246345	0.219899	0.000000	0.000000	0.000000	0.696155	-0.073705	0.696155	-0.073705	0.696155	0.295477	0.696155	2.857934	16.734170	
2.000000	3.000000	0.000000	0.000000	0.000000	2.947179	0.000000	0.000000	0.000000	0.000000	0.000000	29.471787	2.331950	2.963675	0.000000	0.000000	0.000000	2.302973	0.236461	0.243800	0.000000	0.000000	0.000000	0.715784	-0.074985	0.715784	-0.074985	0.715784	0.314224	0.715784	2.947179	16.835096	
2.000000	3.000000	0.000000	0.000000	0.000000	3.032596	0.000000	0.000000	0.000000	0.000000	0.000000	30.325963	2.354118	2.990294	0.000000	0.000000	0.000000	2.375935	0.221675	0.266191	0.000000	0.000000	0.000000	0.729623	-0.074989	0.729623	-0.074989	0.729623	0.333932	0.729623	3.032596	16.934921	
2.000000	3.000000	0.000000	0.000000	0.000000	3.114190	0.000000	0.000000	0.000000	0.000000	0.000000	31.141900	2.374378	3.018932	0.000000	0.000000	0.000000	2.449761	0.202603	0.286382	0.000000	0.000000	0.000000	0.738255	-0.073845	0.738255	-0.073845	0.738255	0.354251	0.738255	3.114190	17.034900	
2.000000	3.000000	0.000000	0.000000	0.000000	-3.091066	0.000000	0.000000	0.000000	0.000000	0.000000	-30.910665	2.392375	3.049316	0.000000	0.000000	0.000000	2.523997	0.179970	0.303842	0.000000	0.000000	0.000000	0.742358	-0.071706	0.742358	-0.071706	0.742358	0.374856	-5.540827	-3.091066	17.135009	
2.000000	3.000000	0.000000	0.000000	0.000000	-3.016562	0.000000	0.000000	0.000000	0.000000	0.000000	-30.165618	2.407830	3.081137	0.000000	0.000000	0.000000	2.598259	0.154548	0.318206	0.000000	0.000000	0.000000	0.742627	-0.068730	0.742627	-0.068730	0.742627	0.395462	-5.540558	-3.016562	17.234953	
2.000000	3.000000	0.000000	0.000000	0.000000	-2.945209	0.000000	0.000000	0.000000	0.000000	0.000000	-29.452089	2.420540	3.114063	0.000000	0.000000	0.000000	2.672231	0.127099	0.329261	0.000000	0.000000	0.000000	0.739717	-0.065069	0.739717	-0.065069	0.739717	0.415822	-5.543468	-2.945209	17.335013	
2.000000	3.000000	0.000000	0.000000	0.000000	-2.876735	0.000000	0.000000	0.000000	0.000000	0.000000	-28.767347	2.430373	3.147756	0.000000	0.000000	0.000000	2.745653	0.098338	0.336926	0.000000	0.000000	0.000000	0.734220	-0.060865	0.734220	-0.060865	0.734220	0.435734	-5.548966	-2.876735	17.434953	
2.000000	3.000000	0.000000	0.000000	0.000000	-2.810882	0.000000	0.000000	0.000000	0.000000	0.000000	-28.108816	2.437265	3.181879	0.000000	0.000000	0.000000	2.818318	0.068919	0.341234	0.000000	0.000000	0.000000	0.726651	-0.056246	0.726651	-0.056246	0.726651	0.455031	-5.556534	-2.810882	17.535137	
2.000000	3.000000	0.000000	0.000000	0.000000	-2.747415	0.000000	0.000000	0.000000	0.000000	0.000000	-27.474153	2.441207	3.216109	0.000000	0.000000	0.000000	2.890063	0.039415	0.342302	0.000000	0.000000	0.000000	0.717452	-0.051324	0.717452	-0.051324	0.717452	0.473583	-5.565733	-2.747415	17.635151	
2.000000	3.000000	0.000000	0.000000	0.000000	-2.686127	0.000000	0.000000	0.000000	0.000000	0.000000	-26.861271	2.442239	3.250141	0.000000	0.000000	0.000000	2.960763	0.010318	0.340320	0.000000	0.000000	0.000000	0.706995	-0.046196	0.706995	-0.046196	0.706995	0.491291	-5.576190	-2.686127	17.735025	
2.000000	3.000000	0.000000	0.000000	0.000000	-2.626832	0.000000	0.000000	0.000000	0.000000	0.000000	-26.268324	2.440443	3.283693	0.000000	0.000000	0.000000	3.030322	-0.017959	0.335521	0.000000	0.000000	0.000000	0.695590	-0.040945	0.695590	-0.040945	0.695590	0.508080	-5.587595	-2.626832	17.835069	
2.000000	3.000000	0.000000	0.000000	0.000000	-2.569370	0.000000	0.000000	0.000000	0.000000	0.000000	-25.693695	2.435935	3.316511	0.000000	0.000000	0.000000	3.098671	-0.045081	0.328173	0.000000	0.000000	0.000000	0.683494	-0.035641	0.683494	-0.035641	0.683494	0.523900	-5.599691	-2.569370	17.940912	
2.000000	3.000000	0.000000	0.000000	0.000000	-2.513596	0.000000	0.000000	0.000000	0.000000	0.000000	-25.135961	2.428856	3.348366	0.000000	0.000000	0.000000	-3.117422	-0.070787	0.318559	0.000000	0.000000	0.000000	0.670918	-0.030343	0.670918	-0.030343	0.670918	0.538719	-5.612267	-2.513596	18.041229	
2.000000	3.000000	0.000000	0.000000	0.000000	-2.459387	0.000000	0.000000	0.000000	0.000000	0.000000	-24.593869	2.419368	3.379064	0.000000	0.000000	0.000000	-3.051619	-0.094877	0.306972	0.000000	0.000000	0.000000	0.658035	-0.025101	0.658035	-0.025101	0.658035	0.552518	0.658035	-2.459387	18.141195	
2.000000	3.000000	0.000000	0.000000	0.000000	-2.406631	0.000000	0.000000	0.000000	0.000000	0.000000	-24.066312	2.407647	3.408434	0.000000	0.000000	0.000000	-2.987120	-0.117210	0.293701	0.000000	0.000000	0.000000	0.644988	-0.019953	0.644988	-0.019953	0.644988	0.565295	0.644988	-2.406631	18.244385	
2.000000	3.000000	0.000000	0.000000	0.000000	-2.355231	0.000000	0.000000	0.000000	0.000000	0.000000	-23.552305	2.393877	3.436337	0.000000	0.000000	0.000000	-2.923931	-0.137697	0.279027	0.000000	0.000000	0.000000	0.631890	-0.014933	0.631890	-0.014933	0.631890	0.577057	0.631890	-2.355231	18.344479	
2.000000	3.000000	0.000000	0.000000	0.000000	-2.305097	0.000000	0.000000	0.000000	0.000000	0.000000	-23.050966	2.378248	3.462658	0.000000	0.000000	0.000000	-2.862048	-0.156291	0.263217	0.000000	0.000000	0.000000	0.618835	-0.010065	0.618835	-0.010065	0.618835	0.587817	0.618835	-2.305097	18.444434	
2.000000	3.000000	0.000000	0.000000	0.000000	-2.256150	0.000000	0.000000	0.000000	0.000000	0.000000	-22.561500	2.360951	3.487310	0.000000	0.000000	0.000000	-2.801458	-0.172979	0.246521	0.000000	0.000000	0.000000	0.605898	-0.005370	0.605898	-0.005370	0.605898	0.597599	0.605898	-2.256150	18.544388	
2.000000	3.000000	0.000000	0.000000	0.000000	-2.208318	0.000000	0.000000	0.000000	0.000000	0.000000	-22.083185	2.342172	3.510227	0.000000	0.000000	0.000000	-2.742144	-0.187780	0.229167	0.000000	0.000000	0.000000	0.593139	-0.000864	0.593139	-0.000864	0.593139	0.606429	0.593139	-2.208318	18.644422	
2.000000	3.000000	0.000000	0.000000	0.000000	-2.161536	0.000000	0.000000	0.000000	0.000000	0.000000	-21.615363	2.322099	3.531364	0.000000	0.000000	0.000000	-2.684083	-0.200739	0.211366	0.000000	0.000000	0.000000	0.580608	0.003444	0.580608	0.003444	0.580608	0.614340	0.580608	-2.161536	18.744403	
2.000000	3.000000	0.000000	0.000000	0.000000	-2.115743	0.000000	0.000000	0.000000	0.000000	0.000000	-21.157427	2.300907	3.550694	0.000000	0.000000	0.000000	-2.627249	-0.211918	0.193306	0.000000	0.000000	0.000000	0.568340	0.007545	0.568340	0.007545	0.568340	0.621365	0.568340	-2.115743	18.847327	
2.000000	3.000000	0.000000	0.000000	0.000000	-2.070882	0.000000	0.000000	0.000000	0.000000	0.000000	-20.708818	2.278768	3.568210	0.000000	0.000000	0.000000	-2.571612	-0.221392	0.175152	0.000000	0.000000	0.000000	0.556367	0.011435	0.556367	0.011435	0.556367	0.627542	0.556367	-2.070882	18.950183	
2.000000	3.000000	0.000000	0.000000	0.000000	-2.026901	0.000000	0.000000	0.000000	0.000000	0.000000	-20.269013	2.255842	3.583915	0.000000	0.000000	0.000000	-2.517141	-0.229251	0.157051	0.000000	0.000000	0.000000	0.544711	0.015111	0.544711	0.015111	0.544711	0.632909	0.544711	-2.026901	19.050248	
2.000000	3.000000	0.000000	0.000000	0.000000	-1.983753	0.000000	0.000000	0.000000	0.000000	0.000000	-19.837526	2.232283	3.597827	0.000000	0.000000	0.000000	-2.463802	-0.235591	0.139128	0.000000	0.000000	0.000000	0.533389	0.018575	0.533389	0.018575	0.533389	0.637504	0.533389	-1.983753	19.150251	
2.000000	3.000000	0.000000	0.000000	0.000000	-1.941390	0.000000	0.000000	0.000000	0.000000	0.000000	-19.413896	2.208232	3.609976	0.000000	0.000000	0.000000	-2.411561	-0.240510	0.121491	0.000000	0.000000	0.000000	0.522413	0.021826	0.522413	0.021826	0.522413	0.641368	0.522413	-1.941390	19.250285	
2.000000	3.000000	0.000000	0.000000	0.000000	-1.899769	0.000000	0.000000	0.000000	0.000000	0.000000	-18.997693	2.183821	3.620399	0.000000	0.000000	0.000000	-2.360382	-0.244112	0.104230	0.000000	0.000000	0.000000	0.511792	0.024869	0.511792	0.024869	0.511792	0.644540	0.511792	-1.899769	19.350210	
2.000000	3.000000	0.000000	0.000000	0.000000	-1.858850	0.000000	0.000000	0.000000	0.000000	0.000000	-18.588505	2.159171	3.629141	0.000000	0.000000	0.000000	-2.310229	-0.246499	0.087419	0.000000	0.000000	0.000000	0.501531	0.027707	0.501531	0.027707	0.501531	0.647059	0.501531	-1.858850	19.457426	
2.000000	3.000000	0.000000	0.000000	0.000000	-1.818594	0.000000	0.000000	0.000000	0.000000	0.000000	-18.185943	2.134394	3.636253	0.000000	0.000000	0.000000	-2.261065	-0.247774	0.071119	0.000000	0.000000	0.000000	0.491635	0.030346	0.491635	0.030346	0.491635	0.648964	0.491635	-1.818594	19.557274	
2.000000	3.000000	0.000000	0.000000	0.000000	-1.778963	0.000000	0.000000	0.000000	0.000000	0.000000	-17.789635	2.109590	3.641791	0.000000	0.000000	0.000000	-2.212855	-0.248034	0.055377	0.000000	0.000000	0.000000	0.482102	0.032790	0.482102	0.032790	0.482102	0.650292	0.482102	-1.778963	19.668016	
2.000000	3.000000	0.000000	0.000000	0.000000	-1.739922	0.000000	0.000000	0.000000	0.000000	0.000000	-17.399224	2.084853	3.645814	0.000000	0.000000	0.000000	-2.165562	-0.247377	0.040228	0.000000	0.000000	0.000000	0.472933	0.035047	0.472933	0.035047	0.472933	0.651080	0.472933	-1.739922	19.774889	
2.000000	3.000000	0.000000	0.000000	0.000000	-1.701437	0.000000	0.000000	0.000000	0.000000	0.000000	-17.014370	2.060264	3.648384	0.000000	0.000000	0.000000	-2.119149	-0.245893	0.025699	0.000000	0.000000	0.000000	0.464125	0.037122	0.464125	0.037122	0.464125	0.651364	0.464125	-1.701437	19.883492	
2.000000	3.000000	0.000000	0.000000	0.000000	-1.663474	0.000000	0.000000	0.000000	0.000000	0.000000	-16.634743	2.035897	3.649564	0.000000	0.000000	0.000000	-2.073582	-0.243670	0.011804	0.000000	0.000000	0.000000	0.455675	0.039022	0.455675	0.039022	0.455675	0.651178	0.455675	-1.663474	19.989567	
2.000000	3.000000	0.000000	0.000000	0.000000	-1.626003	0.000000	0.000000	0.000000	0.000000	0.000000	-16.260027	2.011818	3.649420	0.000000	0.000000	0.000000	-2.028824	-0.240789	-0.001445	0.000000	0.000000	0.000000	0.447579	0.040754	0.447579	0.040754	0.447579	0.650555	0.447579	-1.626003	20.091816	
2.000000	3.000000	0.000000	0.000000	0.000000	-1.588992	0.000000	0.000000	0.000000	0.000000	0.000000	-15.889916	1.988085	3.648015	0.000000	0.000000	0.000000	-1.984841	-0.237328	-0.014048	0.000000	0.000000	0.000000	0.439832	0.042326	0.439832	0.042326	0.439832	0.649527	0.439832	-1.588992	20.198187	
2.000000	3.000000	0.000000	0.000000	0.000000	-1.552411	0.000000	0.000000	0.000000	0.000000	0.000000	-15.524114	1.964749	3.645414	0.000000	0.000000	0.000000	-1.941598	-0.233357	-0.026007	0.000000	0.000000	0.000000	0.432429	0.043743	0.432429	0.043743	0.432429	0.648124	0.432429	-1.552411	20.304545	
2.000000	3.000000	0.000000	0.000000	0.000000	-1.516233	0.000000	0.000000	0.000000	0.000000	0.000000	-15.162333	1.941855	3.641681	0.000000	0.000000	0.000000	-1.899061	-0.228943	-0.037332	0.000000	0.000000	0.000000	0.425365	0.045014	0.425365	0.045014	0.425365	0.646376	0.425365	-1.516233	20.409812	
2.000000	3.000000	0.000000	0.000000	0.000000	-1.480429	0.000000	0.000000	0.000000	0.000000	0.000000	-14.804294	1.919440	3.636877	0.000000	0.000000	0.000000	-1.857198	-0.224148	-0.048034	0.000000	0.000000	0.000000	0.418632	0.046144	0.418632	0.046144	0.418632	0.644310	0.418632	-1.480429	20.516829	
2.000000	3.000000	0.000000	0.000000	0.000000	-1.444973	0.000000	0.000000	0.000000	0.000000	0.000000	-14.449726	1.897538	3.631065	0.000000	0.000000	0.000000	-1.815976	-0.219026	-0.058128	0.000000	0.000000	0.000000	0.412226	0.047141	0.412226	0.047141	0.412226	0.641952	0.412226	-1.444973	20.621084	
2.000000	3.000000	0.000000	0.000000	0.000000	-1.409837	0.000000	0.000000	0.000000	0.000000	0.000000	-14.098366	1.876175	3.624301	0.000000	0.000000	0.000000	-1.775362	-0.213628	-0.067633	0.000000	0.000000	0.000000	0.406139	0.048010	0.406139	0.048010	0.406139	0.639329	0.406139	-1.409837	20.731672	
2.000000	3.000000	0.000000	0.000000	0.000000	-1.374995	0.000000	0.000000	0.000000	0.000000	0.000000	-13.749954	1.855375	3.616644	0.000000	0.000000	0.000000	-1.735325	-0.208002	-0.076569	0.000000	0.000000	0.000000	0.400366	0.048759	0.400366	0.048759	0.400366	0.636463	0.400366	-1.374995	20.835116	
2.000000	3.000000	0.000000	0.000000	0.000000	-1.340424	0.000000	0.000000	0.000000	0.000000	0.000000	-13.404240	1.835156	3.608149	0.000000	0.000000	0.000000	-1.695835	-0.202188	-0.084957	0.000000	0.000000	0.000000	0.394901	0.049394	0.394901	0.049394	0.394901	0.633377	0.394901	-1.340424	20.943232	
2.000000	3.000000	0.000000	0.000000	0.000000	-1.306098	0.000000	0.000000	0.000000	0.000000	0.000000	-13.060977	1.815533	3.598867	0.000000	0.000000	0.000000	-1.656861	-0.196225	-0.092821	0.000000	0.000000	0.000000	0.389737	0.049920	0.389737	0.049920	0.389737	0.630094	0.389737	-1.306098	21.052892	
2.000000	3.000000	0.000000	0.000000	0.000000	-1.271992	0.000000	0.000000	0.000000	0.000000	0.000000	-12.719923	1.796519	3.588848	0.000000	0.000000	0.000000	-1.618374	-0.190145	-0.100185	0.000000	0.000000	0.000000	0.384869	0.050342	0.384869	0.050342	0.384869	0.626633	0.384869	-1.271992	21.160884	
2.000000	3.000000	0.000000	0.000000	0.000000	-1.238084	0.000000	0.000000	0.000000	0.000000	0.000000	-12.380842	1.778121	3.578141	0.000000	0.000000	0.000000	-1.580345	-0.183978	-0.107072	0.000000	0.000000	0.000000	0.380290	0.050667	0.380290	0.050667	0.380290	0.623014	0.380290	-1.238084	21.264592	
2.000000	3.000000	0.000000	0.000000	0.000000	-1.204350	0.000000	0.000000	0.000000	0.000000	0.000000	-12.043503	1.760346	3.566790	0.000000	0.000000	0.000000	-1.542746	-0.177752	-0.113507	0.000000	0.000000	0.000000	0.375995	0.050900	0.375995	0.050900	0.375995	0.619255	0.375995	-1.204350	21.367513	
2.000000	3.000000	0.000000	0.000000	0.000000	-1.170768	0.000000	0.000000	0.000000	0.000000	0.000000	-11.707677	1.743197	3.554839	0.000000	0.000000	0.000000	-1.505548	-0.171488	-0.119514	0.000000	0.000000	0.000000	0.371978	0.051046	0.371978	0.051046	0.371978	0.615374	0.371978	-1.170768	21.482439	
2.000000	3.000000	0.000000	0.000000	0.000000	-1.137314	0.000000	0.000000	0.000000	0.000000	0.000000	-11.373140	1.726676	3.542327	0.000000	0.000000	0.000000	-1.468725	-0.165207	-0.125119	0.000000	0.000000	0.000000	0.368234	0.051109	0.368234	0.051109	0.368234	0.611387	0.368234	-1.137314	21.587105	
2.000000	3.000000	0.000000	0.000000	0.000000	-1.103967	0.000000	0.000000	0.000000	0.000000	0.000000	-11.039672	1.710784	3.529293	0.000000	0.000000	0.000000	-1.432249	-0.158926	-0.130343	0.000000	0.000000	0.000000	0.364757	0.051094	0.364757	0.051094	0.364757	0.607309	0.364757	-1.103967	21.695108	
2.000000	3.000000	0.000000	0.000000	0.000000	-1.070706	0.000000	0.000000	0.000000	0.000000	0.000000	-10.707055	1.695518	3.515772	0.000000	0.000000	0.000000	-1.396095	-0.152659	-0.135211	0.000000	0.000000	0.000000	0.361543	0.051005	0.361543	0.051005	0.361543	0.603156	0.361543	-1.070706	21.810821	
2.000000	3.000000	0.000000	0.000000	0.000000	-1.037508	0.000000	0.000000	0.000000	0.000000	0.000000	-10.375076	1.680876	3.501797	0.000000	0.000000	0.000000	-1.360236	-0.146420	-0.139746	0.000000	0.000000	0.000000	0.358587	0.050847	0.358587	0.050847	0.358587	0.598940	0.358587	-1.037508	21.920455	
2.000000	3.000000	0.000000	0.000000	0.000000	-1.004352	0.000000	0.000000	0.000000	0.000000	0.000000	-10.043524	1.666854	3.487400	0.000000	0.000000	0.000000	-1.324647	-0.140217	-0.143969	0.000000	0.000000	0.000000	0.355883	0.050623	0.355883	0.050623	0.355883	0.594677	0.355883	-1.004352	22.039605	
2.000000	3.000000	0.000000	0.000000	0.000000	-0.971219	0.000000	0.000000	0.000000	0.000000	0.000000	-9.712191	1.653448	3.472610	0.000000	0.000000	0.000000	-1.289305	-0.134059	-0.147902	0.000000	0.000000	0.000000	0.353428	0.050338	0.353428	0.050338	0.353428	0.590377	0.353428	-0.971219	22.150274	
2.000000	3.000000	0.000000	0.000000	0.000000	-0.938087	0.000000	0.000000	0.000000	0.000000	0.000000	-9.380872	1.640653	3.457453	0.000000	0.000000	0.000000	-1.254183	-0.127951	-0.151564	0.000000	0.000000	0.000000	0.351217	0.049994	0.351217	0.049994	0.351217	0.586053	0.351217	-0.938087	22.260167	
2.000000	3.000000	0.000000	0.000000	0.000000	-0.904936	0.000000	0.000000	0.000000	0.000000	0.000000	-9.049364	1.628463	3.441956	0.000000	0.000000	0.000000	-1.219258	-0.121899	-0.154976	0.000000	0.000000	0.000000	0.349246	0.049595	0.349246	0.049595	0.349246	0.581716	0.349246	-0.904936	22.376930	
2.000000	3.000000	0.000000	0.000000	0.000000	-0.871747	0.000000	0.000000	0.000000	0.000000	0.000000	-8.717468	1.616873	3.426140	0.000000	0.000000	0.000000	-1.184507	-0.115905	-0.158156	0.000000	0.000000	0.000000	0.347511	0.049145	0.347511	0.049145	0.347511	0.577377	0.347511	-0.871747	22.489171	
2.000000	3.000000	0.000000	0.000000	0.000000	-0.838499	0.000000	0.000000	0.000000	0.000000	0.000000	-8.384987	1.605876	3.410028	0.000000	0.000000	0.000000	-1.149906	-0.109971	-0.161121	0.000000	0.000000	0.000000	0.346008	0.048646	0.346008	0.048646	0.346008	0.573046	0.346008	-0.838499	22.604368	
2.000000	3.000000	0.000000	0.000000	0.000000	-0.805173	0.000000	0.000000	0.000000	0.000000	0.000000	-8.051725	1.595466	3.393639	0.000000	0.000000	0.000000	-1.115433	-0.104096	-0.163889	0.000000	0.000000	0.000000	0.344734	0.048101	0.344734	0.048101	0.344734	0.568733	0.344734	-0.805173	22.714023	
2.000000	3.000000	0.000000	0.000000	0.000000	-0.771749	0.000000	0.000000	0.000000	0.000000	0.000000	-7.717493	1.585638	3.376992	0.000000	0.000000	0.000000	-1.081065	-0.098280	-0.166473	0.000000	0.000000	0.000000	0.343684	0.047514	0.343684	0.047514	0.343684	0.564446	0.343684	-0.771749	22.823432	
2.000000	3.000000	0.000000	0.000000	0.000000	-0.738210	0.000000	0.000000	0.000000	0.000000	0.000000	-7.382102	1.576386	3.360103	0.000000	0.000000	0.000000	-1.046779	-0.092520	-0.168890	0.000000	0.000000	0.000000	0.342854	0.046887	0.342854	0.046887	0.342854	0.560195	0.342854	-0.738210	22.923397	
2.000000	3.000000	0.000000	0.000000	0.000000	-0.704537	0.000000	0.000000	0.000000	0.000000	0.000000	-7.045366	1.567705	3.342988	0.000000	0.000000	0.000000	-1.012555	-0.086812	-0.171152	0.000000	0.000000	0.000000	0.342243	0.046222	0.342243	0.046222	0.342243	0.555988	0.342243	-0.704537	23.034431	
2.000000	3.000000	0.000000	0.000000	0.000000	-0.670710	0.000000	0.000000	0.000000	0.000000	0.000000	-6.707102	1.559589	3.325661	0.000000	0.000000	0.000000	-0.978370	-0.081153	-0.173272	0.000000	0.000000	0.000000	0.341845	0.045522	0.341845	0.045522	0.341845	0.551833	0.341845	-0.670710	23.139367	
2.000000	3.000000	0.000000	0.000000	0.000000	-0.636713	0.000000	0.000000	0.000000	0.000000	0.000000	-6.367133	1.552036	3.308134	0.000000	0.000000	0.000000	-0.944205	-0.075538	-0.175260	0.000000	0.000000	0.000000	0.341657	0.044789	0.341657	0.044789	0.341657	0.547737	0.341657	-0.636713	23.247767	
2.000000	3.000000	0.000000	0.000000	0.000000	-0.602528	0.000000	0.000000	0.000000	0.000000	0.000000	-6.025284	1.545040	3.290422	0.000000	0.000000	0.000000	-0.910037	-0.069960	-0.177128	0.000000	0.000000	0.000000	0.341676	0.044026	0.341676	0.044026	0.341676	0.543708	0.341676	-0.602528	23.362175	
2.000000	3.000000	0.000000	0.000000	0.000000	-0.568138	0.000000	0.000000	0.000000	0.000000	0.000000	-5.681383	1.538598	3.272533	0.000000	0.000000	0.000000	-0.875847	-0.064413	-0.178884	0.000000	0.000000	0.000000	0.341899	0.043234	0.341899	0.043234	0.341899	0.539753	0.341899	-0.568138	23.476183	
2.000000	3.000000	0.000000	0.000000	0.000000	-0.533526	0.000000	0.000000	0.000000	0.000000	0.000000	-5.335264	1.532709	3.254480	0.000000	0.000000	0.000000	-0.841615	-0.058890	-0.180536	0.000000	0.000000	0.000000	0.342321	0.042417	0.342321	0.042417	0.342321	0.535879	0.342321	-0.533526	23.583236	
2.000000	3.000000	0.000000	0.000000	0.000000	-0.498677	0.000000	0.000000	0.000000	0.000000	0.000000	-4.986767	1.527371	3.236271	0.000000	0.000000	0.000000	-0.807321	-0.053383	-0.182090	0.000000	0.000000	0.000000	0.342938	0.041576	0.342938	0.041576	0.342938	0.532091	0.342938	-0.498677	23.693655	
2.000000	3.000000	0.000000	0.000000	0.000000	-0.463573	0.000000	0.000000	0.000000	0.000000	0.000000	-4.635734	1.522583	3.217915	0.000000	0.000000	0.000000	-0.772946	-0.047884	-0.183553	0.000000	0.000000	0.000000	0.343748	0.040712	0.343748	0.040712	0.343748	0.528396	0.343748	-0.463573	23.818428	
2.000000	3.000000	0.000000	0.000000	0.000000	-0.428202	0.000000	0.000000	0.000000	0.000000	0.000000	-4.282016	1.518344	3.199422	0.000000	0.000000	0.000000	-0.738472	-0.042385	-0.184928	0.000000	0.000000	0.000000	0.344745	0.039829	0.344745	0.039829	0.344745	0.524799	0.344745	-0.428202	23.954587	
2.000000	3.000000	0.000000	0.000000	0.000000	-0.392547	0.000000	0.000000	0.000000	0.000000	0.000000	-3.925469	1.514657	3.180801	0.000000	0.000000	0.000000	-0.703879	-0.036876	-0.186219	0.000000	0.000000	0.000000	0.345925	0.038929	0.345925	0.038929	0.345925	0.521308	0.345925	-0.392547	24.082747	
2.000000	3.000000	0.000000	0.000000	0.000000	-0.356596	0.000000	0.000000	0.000000	0.000000	0.000000	-3.565955	1.511522	3.162058	0.000000	0.000000	0.000000	-0.669151	-0.031348	-0.187427	0.000000	0.000000	0.000000	0.347284	0.038012	0.347284	0.038012	0.347284	0.517926	0.347284	-0.356596	24.190978	
2.000000	3.000000	0.000000	0.000000	0.000000	-0.320335	0.000000	0.000000	0.000000	0.000000	0.000000	-3.203347	1.508943	3.143203	0.000000	0.000000	0.000000	-0.634269	-0.025792	-0.188552	0.000000	0.000000	0.000000	0.348816	0.037082	0.348816	0.037082	0.348816	0.514659	0.348816	-0.320335	24.309845	
2.000000	3.000000	0.000000	0.000000	0.000000	-0.283752	0.000000	0.000000	0.000000	0.000000	0.000000	-2.837521	1.506923	3.124243	0.000000	0.000000	0.000000	-0.599218	-0.020199	-0.189595	0.000000	0.000000	0.000000	0.350517	0.036140	0.350517	0.036140	0.350517	0.511512	0.350517	-0.283752	24.421423	
2.000000	3.000000	0.000000	0.000000	0.000000	-0.246837	0.000000	0.000000	0.000000	0.000000	0.000000	-2.468367	1.505467	3.105188	0.000000	0.000000	0.000000	-0.563980	-0.014559	-0.190553	0.000000	0.000000	0.000000	0.352381	0.035188	0.352381	0.035188	0.352381	0.508489	0.352381	-0.246837	24.531171	
2.000000	3.000000	0.000000	0.000000	0.000000	-0.209578	0.000000	0.000000	0.000000	0.000000	0.000000	-2.095782	1.504581	3.086046	0.000000	0.000000	0.000000	-0.528539	-0.008862	-0.191421	0.000000	0.000000	0.000000	0.354401	0.034229	0.354401	0.034229	0.354401	0.505596	0.354401	-0.209578	24.646538	
2.000000	3.000000	0.000000	0.000000	0.000000	-0.171967	0.000000	0.000000	0.000000	0.000000	0.000000	-1.719673	1.504271	3.066826	0.000000	0.000000	0.000000	-0.492882	-0.003101	-0.192197	0.000000	0.000000	0.000000	0.356572	0.033264	0.356572	0.033264	0.356572	0.502836	0.356572	-0.171967	24.768142	
2.000000	3.000000	0.000000	0.000000	0.000000	-0.133996	0.000000	0.000000	0.000000	0.000000	0.000000	-1.339959	1.504544	3.047539	0.000000	0.000000	0.000000	-0.456994	0.002734	-0.192872	0.000000	0.000000	0.000000	0.358886	0.032296	0.358886	0.032296	0.358886	0.500213	0.358886	-0.133996	24.888949	
2.000000	3.000000	0.000000	0.000000	0.000000	-0.095657	0.000000	0.000000	0.000000	0.000000	0.000000	-0.956570	1.505409	3.028195	0.000000	0.000000	0.000000	-0.420860	0.008650	-0.193440	0.000000	0.000000	0.000000	0.361337	0.031326	0.361337	0.031326	0.361337	0.497732	0.361337	-0.095657	25.005190	
2.000000	3.000000	0.000000	0.000000	0.000000	-0.056945	0.000000	0.000000	0.000000	0.000000	0.000000	-0.569450	1.506874	3.008806	0.000000	0.000000	0.000000	-0.384468	0.014656	-0.193891	0.000000	0.000000	0.000000	0.363915	0.030357	0.363915	0.030357	0.363915	0.495394	0.363915	-0.056945	25.118572	
2.000000	3.000000	0.000000	0.000000	0.000000	-0.017855	0.000000	0.000000	0.000000	0.000000	0.000000	-0.178554	1.508950	2.989384	0.000000	0.000000	0.000000	-0.347807	0.020758	-0.194215	0.000000	0.000000	0.000000	0.366613	0.029391	0.366613	0.029391	0.366613	0.493204	0.366613	-0.017855	25.242183	
2.000000	3.000000	0.000000	0.000000	0.000000	0.021615	0.000000	0.000000	0.000000	0.000000	0.000000	0.216149	1.511646	2.969944	0.000000	0.000000	0.000000	-0.310865	0.026961	-0.194401	0.000000	0.000000	0.000000	0.369422	0.028431	0.369422	0.028431	0.369422	0.491165	0.369422	0.021615	25.356268	
2.000000	3.000000	0.000000	0.000000	0.000000	0.061468	0.000000	0.000000	0.000000	0.000000	0.000000	0.614675	1.514973	2.950501	0.000000	0.000000	0.000000	-0.273632	0.033271	-0.194435	0.000000	0.000000	0.000000	0.372332	0.027478	0.372332	0.027478	0.372332	0.489278	0.372332	0.061468	25.472909	
2.000000	3.000000	0.000000	0.000000	0.000000	0.101703	0.000000	0.000000	0.000000	0.000000	0.000000	1.017027	1.518943	2.931070	0.000000	0.000000	0.000000	-0.236098	0.039691	-0.194304	0.000000	0.000000	0.000000	0.375334	0.026535	0.375334	0.026535	0.375334	0.487546	0.375334	0.101703	25.595607	
2.000000	3.000000	0.000000	0.000000	0.000000	0.142319	0.000000	0.000000	0.000000	0.000000	0.000000	1.423192	1.523565	2.911671	0.000000	0.000000	0.000000	-0.198257	0.046223	-0.193992	0.000000	0.000000	0.000000	0.378417	0.025605	0.378417	0.025605	0.378417	0.485971	0.378417	0.142319	25.713713	
2.000000	3.000000	0.000000	0.000000	0.000000	0.183314	0.000000	0.000000	0.000000	0.000000	0.000000	1.833141	1.528852	2.892323	0.000000	0.000000	0.000000	-0.160099	0.052868	-0.193483	0.000000	0.000000	0.000000	0.381571	0.024689	0.381571	0.024689	0.381571	0.484554	0.381571	0.183314	25.836684	
2.000000	3.000000	0.000000	0.000000	0.000000	0.224683	0.000000	0.000000	0.000000	0.000000	0.000000	2.246832	1.534814	2.873047	0.000000	0.000000	0.000000	-0.121621	0.059625	-0.192759	0.000000	0.000000	0.000000	0.384783	0.023790	0.384783	0.023790	0.384783	0.483296	0.384783	0.224683	25.956815	
2.000000	3.000000	0.000000	0.000000	0.000000	0.266421	0.000000	0.000000	0.000000	0.000000	0.000000	2.664205	1.541463	2.853867	0.000000	0.000000	0.000000	-0.082817	0.066491	-0.191804	0.000000	0.000000	0.000000	0.388042	0.022910	0.388042	0.022910	0.388042	0.482198	0.388042	0.266421	26.083582	
2.000000	3.000000	0.000000	0.000000	0.000000	0.308519	0.000000	0.000000	0.000000	0.000000	0.000000	3.085188	1.548809	2.834807	0.000000	0.000000	0.000000	-0.043683	0.073460	-0.190598	0.000000	0.000000	0.000000	0.391336	0.022053	0.391336	0.022053	0.391336	0.481260	0.391336	0.308519	26.207764	
2.000000	3.000000	0.000000	0.000000	0.000000	0.350969	0.000000	0.000000	0.000000	0.000000	0.000000	3.509692	1.556862	2.815894	0.000000	0.000000	0.000000	-0.004218	0.080527	-0.189123	0.000000	0.000000	0.000000	0.394653	0.021220	0.394653	0.021220	0.394653	0.480481	0.394653	0.350969	26.332194	
2.000000	3.000000	0.000000	0.000000	0.000000	0.393761	0.000000	0.000000	0.000000	0.000000	0.000000	3.937613	1.565630	2.797158	0.000000	0.000000	0.000000	0.035580	0.087682	-0.187361	0.000000	0.000000	0.000000	0.397980	0.020413	0.397980	0.020413	0.397980	0.479861	0.397980	0.393761	26.457031	
2.000000	3.000000	0.000000	0.000000	0.000000	0.436884	0.000000	0.000000	0.000000	0.000000	0.000000	4.368836	1.575122	2.778629	0.000000	0.000000	0.000000	0.075710	0.094913	-0.185292	0.000000	0.000000	0.000000	0.401304	0.019635	0.401304	0.019635	0.401304	0.479397	0.401304	0.436884	26.584603	
2.000000	3.000000	0.000000	0.000000	0.000000	0.480323	0.000000	0.000000	0.000000	0.000000	0.000000	4.803230	1.585342	2.760339	0.000000	0.000000	0.000000	0.116171	0.102208	-0.182899	0.000000	0.000000	0.000000	0.404613	0.018888	0.404613	0.018888	0.404613	0.479089	0.404613	0.480323	26.706765	
2.000000	3.000000	0.000000	0.000000	0.000000	0.524065	0.000000	0.000000	0.000000	0.000000	0.000000	5.240652	1.596297	2.742323	0.000000	0.000000	0.000000	0.156961	0.109550	-0.180164	0.000000	0.000000	0.000000	0.407894	0.018174	0.407894	0.018174	0.407894	0.478934	0.407894	0.524065	26.835082	
2.000000	3.000000	0.000000	0.000000	0.000000	0.568095	0.000000	0.000000	0.000000	0.000000	0.000000	5.680950	1.607989	2.724616	0.000000	0.000000	0.000000	0.198074	0.116920	-0.177070	0.000000	0.000000	0.000000	0.411134	0.017496	0.411134	0.017496	0.411134	0.478929	0.411134	0.568095	26.962823	
2.000000	3.000000	0.000000	0.000000	0.000000	0.612396	0.000000	0.000000	0.000000	0.000000	0.000000	6.123960	1.620419	2.707256	0.000000	0.000000	0.000000	0.239506	0.124299	-0.173602	0.000000	0.000000	0.000000	0.414322	0.016854	0.414322	0.016854	0.414322	0.479071	0.414322	0.612396	27.088254	
2.000000	3.000000	0.000000	0.000000	0.000000	0.656951	0.000000	0.000000	0.000000	0.000000	0.000000	6.569508	1.633586	2.690281	0.000000	0.000000	0.000000	0.281251	0.131664	-0.169746	0.000000	0.000000	0.000000	0.417444	0.016251	0.417444	0.016251	0.417444	0.479355	0.417444	0.656951	27.208195	
2.000000	3.000000	0.000000	0.000000	0.000000	0.701741	0.000000	0.000000	0.000000	0.000000	0.000000	7.017414	1.647485	2.673732	0.000000	0.000000	0.000000	0.323300	0.138991	-0.165490	0.000000	0.000000	0.000000	0.420491	0.015688	0.420491	0.015688	0.420491	0.479776	0.420491	0.701741	27.334730	
2.000000	3.000000	0.000000	0.000000	0.000000	0.746749	0.000000	0.000000	0.000000	0.000000	0.000000	7.467492	1.662110	2.657650	0.000000	0.000000	0.000000	0.365645	0.146252	-0.160824	0.000000	0.000000	0.000000	0.423449	0.015167	0.423449	0.015167	0.423449	0.480331	0.423449	0.746749	27.455987	
2.000000	3.000000	0.000000	0.000000	0.000000	0.791955	0.000000	0.000000	0.000000	0.000000	0.000000	7.919550	1.677452	2.642076	0.000000	0.000000	0.000000	0.408276	0.153419	-0.155740	0.000000	0.000000	0.000000	0.426310	0.014689	0.426310	0.014689	0.426310	0.481013	0.426310	0.791955	27.585845	
2.000000	3.000000	0.000000	0.000000	0.000000	0.837339	0.000000	0.000000	0.000000	0.000000	0.000000	8.373392	1.693498	2.627052	0.000000	0.000000	0.000000	0.451182	0.160464	-0.150233	0.000000	0.000000	0.000000	0.429063	0.014254	0.429063	0.014254	0.429063	0.481817	0.429063	0.837339	27.732516	
2.000000	3.000000	0.000000	0.000000	0.000000	0.882882	0.000000	0.000000	0.000000	0.000000	0.000000	8.828821	1.710234	2.612622	0.000000	0.000000	0.000000	0.494352	0.167356	-0.144300	0.000000	0.000000	0.000000	0.431700	0.013864	0.431700	0.013864	0.431700	0.482735	0.431700	0.882882	27.870509	
2.000000	3.000000	0.000000	0.000000	0.000000	0.928564	0.000000	0.000000	0.000000	0.000000	0.000000	9.285639	1.727640	2.598828	0.000000	0.000000	0.000000	0.537773	0.174062	-0.137942	0.000000	0.000000	0.000000	0.434212	0.013519	0.434212	0.013519	0.434212	0.483762	0.434212	0.928564	27.999944	
2.000000	3.000000	0.000000	0.000000	0.000000	0.974365	0.000000	0.000000	0.000000	0.000000	0.000000	9.743649	1.745695	2.585712	0.000000	0.000000	0.000000	0.581433	0.180550	-0.131162	0.000000	0.000000	0.000000	0.436592	0.013220	0.436592	0.013220	0.436592	0.484891	0.436592	0.974365	28.130772	
2.000000	3.000000	0.000000	0.000000	0.000000	1.020265	0.000000	0.000000	0.000000	0.000000	0.000000	10.202655	1.764374	2.573315	0.000000	0.000000	0.000000	0.625316	0.186789	-0.123966	0.000000	0.000000	0.000000	0.438833	0.012966	0.438833	0.012966	0.438833	0.486113	0.438833	1.020265	28.230719	
