2.000000	3.000000	0.000000	0.000000	0.000000	0.982794	0.000000	0.000000	0.000000	0.000000	0.000000	9.827937	0.040000	-0.049140	0.000000	0.000000	0.000000	0.098279	0.400000	-0.491397	0.000000	0.000000	0.000000	0.982794	0.400000	0.982794	0.400000	0.982794	3.605551	0.982794	0.982794	0.116875	
2.000000	3.000000	0.000000	0.000000	0.000000	0.999496	0.000000	0.000000	0.000000	0.000000	0.000000	9.994963	0.089199	-0.089568	0.000000	0.000000	0.000000	0.188401	0.491988	-0.404285	0.000000	0.000000	0.000000	0.901217	0.449945	0.901217	0.449945	0.901217	3.624756	0.901217	0.999496	0.288082	
2.000000	3.000000	0.000000	0.000000	0.000000	1.016907	0.000000	0.000000	0.000000	0.000000	0.000000	10.169075	0.145201	-0.121062	0.000000	0.000000	0.000000	0.271252	0.560020	-0.314941	0.000000	0.000000	0.000000	0.828506	0.491126	0.828506	0.491126	0.828506	3.632711	0.828506	1.016907	0.384031	
2.000000	3.000000	0.000000	0.000000	0.000000	1.034590	0.000000	0.000000	0.000000	0.000000	0.000000	10.345900	0.205974	-0.143776	0.000000	0.000000	0.000000	0.347586	0.607727	-0.227141	0.000000	0.000000	0.000000	0.763338	0.524646	0.763338	0.524646	0.763338	3.630607	0.763338	1.034590	0.484251	
2.000000	3.000000	0.000000	0.000000	0.000000	1.052230	0.000000	0.000000	0.000000	0.000000	0.000000	10.522300	0.269828	-0.158115	0.000000	0.000000	0.000000	0.418050	0.638549	-0.143389	0.000000	0.000000	0.000000	0.704644	0.551520	0.704644	0.551520	0.704644	3.619649	0.704644	1.052230	0.589051	
2.000000	3.000000	0.000000	0.000000	0.000000	1.069606	0.000000	0.000000	0.000000	0.000000	0.000000	10.696058	0.335389	-0.164639	0.000000	0.000000	0.000000	0.483206	0.655603	-0.065234	0.000000	0.000000	0.000000	0.651556	0.572660	0.651556	0.572660	0.651556	3.600998	0.651556	1.069606	0.682688	
2.000000	3.000000	0.000000	0.000000	0.000000	1.086563	0.000000	0.000000	0.000000	0.000000	0.000000	10.865629	0.401551	-0.163992	0.000000	0.000000	0.000000	0.543541	0.661622	0.006465	0.000000	0.000000	0.000000	0.603357	0.588877	0.603357	0.588877	0.603357	3.575733	0.603357	1.086563	0.782679	
2.000000	3.000000	0.000000	0.000000	0.000000	1.102997	0.000000	0.000000	0.000000	0.000000	0.000000	11.029974	0.467446	-0.156858	0.000000	0.000000	0.000000	0.599487	0.658951	0.071344	0.000000	0.000000	0.000000	0.559456	0.600881	0.559456	0.600881	0.559456	3.544839	0.559456	1.102997	0.882725	
2.000000	3.000000	0.000000	0.000000	0.000000	1.118842	0.000000	0.000000	0.000000	0.000000	0.000000	11.188417	0.532403	-0.143920	0.000000	0.000000	0.000000	0.651422	0.649564	0.129379	0.000000	0.000000	0.000000	0.519355	0.609295	0.519355	0.609295	0.519355	3.509198	0.519355	1.118842	0.982689	
2.000000	3.000000	0.000000	0.000000	0.000000	1.134056	0.000000	0.000000	0.000000	0.000000	0.000000	11.340556	0.595913	-0.125842	0.000000	0.000000	0.000000	0.699686	0.635103	0.180777	0.000000	0.000000	0.000000	0.482633	0.614656	0.482633	0.614656	0.482633	3.469593	0.482633	1.134056	1.082679	
2.000000	3.000000	0.000000	0.000000	0.000000	1.148619	0.000000	0.000000	0.000000	0.000000	0.000000	11.486188	0.657604	-0.103254	0.000000	0.000000	0.000000	0.744579	0.616915	0.225885	0.000000	0.000000	0.000000	0.448933	0.617432	0.448933	0.617432	0.448933	3.426711	0.448933	1.148619	1.182787	
2.000000	3.000000	0.000000	0.000000	0.000000	1.162526	0.000000	0.000000	0.000000	0.000000	0.000000	11.625256	0.717213	-0.076740	0.000000	0.000000	0.000000	0.786374	0.596092	0.265138	0.000000	0.000000	0.000000	0.417947	0.618024	0.417947	0.618024	0.417947	3.381155	0.417947	1.162526	1.282598	
2.000000	3.000000	0.000000	0.000000	0.000000	1.175780	0.000000	0.000000	0.000000	0.000000	0.000000	11.757805	0.774565	-0.046839	0.000000	0.000000	0.000000	0.825314	0.573512	0.299011	0.000000	0.000000	0.000000	0.389407	0.616777	0.389407	0.616777	0.389407	3.333447	0.389407	1.175780	1.382648	
2.000000	3.000000	0.000000	0.000000	0.000000	1.188396	0.000000	0.000000	0.000000	0.000000	0.000000	11.883958	0.829552	-0.014040	0.000000	0.000000	0.000000	0.861622	0.549874	0.327991	0.000000	0.000000	0.000000	0.363081	0.613989	0.363081	0.613989	0.363081	3.284040	0.363081	1.188396	1.482621	
2.000000	3.000000	0.000000	0.000000	0.000000	1.200389	0.000000	0.000000	0.000000	0.000000	0.000000	12.003889	0.882124	0.021216	0.000000	0.000000	0.000000	0.895499	0.525724	0.352559	0.000000	0.000000	0.000000	0.338766	0.609912	0.338766	0.609912	0.338766	3.233324	0.338766	1.200389	1.582542	
2.000000	3.000000	0.000000	0.000000	0.000000	1.211781	0.000000	0.000000	0.000000	0.000000	0.000000	12.117809	0.932273	0.058533	0.000000	0.000000	0.000000	0.927127	0.501488	0.373173	0.000000	0.000000	0.000000	0.316282	0.604764	0.316282	0.604764	0.316282	3.181635	0.316282	1.211781	1.682701	
2.000000	3.000000	0.000000	0.000000	0.000000	1.222595	0.000000	0.000000	0.000000	0.000000	0.000000	12.225952	0.980022	0.097560	0.000000	0.000000	0.000000	0.956674	0.477491	0.390264	0.000000	0.000000	0.000000	0.295468	0.598731	0.295468	0.598731	0.295468	3.129260	0.295468	1.222595	1.782703	
2.000000	3.000000	0.000000	0.000000	0.000000	1.232856	0.000000	0.000000	0.000000	0.000000	0.000000	12.328564	1.025420	0.137983	0.000000	0.000000	0.000000	0.984292	0.453978	0.404233	0.000000	0.000000	0.000000	0.276182	0.591972	0.276182	0.591972	0.276182	3.076445	0.276182	1.232856	1.882664	
2.000000	3.000000	0.000000	0.000000	0.000000	1.242590	0.000000	0.000000	0.000000	0.000000	0.000000	12.425899	1.068533	0.179527	0.000000	0.000000	0.000000	1.010122	0.431125	0.415441	0.000000	0.000000	0.000000	0.258298	0.584620	0.258298	0.584620	0.258298	3.023400	0.258298	1.242590	1.982649	
2.000000	3.000000	0.000000	0.000000	0.000000	1.251821	0.000000	0.000000	0.000000	0.000000	0.000000	12.518213	1.109439	0.221949	0.000000	0.000000	0.000000	1.034292	0.409061	0.424221	0.000000	0.000000	0.000000	0.241699	0.576793	0.241699	0.576793	0.241699	2.970303	0.241699	1.251821	2.082563	
2.000000	3.000000	0.000000	0.000000	0.000000	1.260576	0.000000	0.000000	0.000000	0.000000	0.000000	12.605759	1.148226	0.265036	0.000000	0.000000	0.000000	1.056920	0.387870	0.430870	0.000000	0.000000	0.000000	0.226284	0.568587	0.226284	0.568587	0.226284	2.917304	0.226284	1.260576	2.183000	
2.000000	3.000000	0.000000	0.000000	0.000000	1.268878	0.000000	0.000000	0.000000	0.000000	0.000000	12.688784	1.184986	0.308602	0.000000	0.000000	0.000000	1.078116	0.367605	0.435653	0.000000	0.000000	0.000000	0.211958	0.560085	0.211958	0.560085	0.211958	2.864532	0.211958	1.268878	2.283105	
2.000000	3.000000	0.000000	0.000000	0.000000	1.276753	0.000000	0.000000	0.000000	0.000000	0.000000	12.767528	1.219816	0.352483	0.000000	0.000000	0.000000	1.097980	0.348293	0.438809	0.000000	0.000000	0.000000	0.198637	0.551360	0.198637	0.551360	0.198637	2.812094	0.198637	1.276753	2.383089	
2.000000	3.000000	0.000000	0.000000	0.000000	1.284223	0.000000	0.000000	0.000000	0.000000	0.000000	12.842225	1.252810	0.396537	0.000000	0.000000	0.000000	1.116604	0.329943	0.440548	0.000000	0.000000	0.000000	0.186243	0.542470	0.186243	0.542470	0.186243	2.760079	0.186243	1.284223	2.482686	
2.000000	3.000000	0.000000	0.000000	0.000000	1.291310	0.000000	0.000000	0.000000	0.000000	0.000000	12.913097	1.284065	0.440643	0.000000	0.000000	0.000000	1.134075	0.312548	0.441056	0.000000	0.000000	0.000000	0.174706	0.533466	0.174706	0.533466	0.174706	2.708562	0.174706	1.291310	2.582624	
2.000000	3.000000	0.000000	0.000000	0.000000	1.298036	0.000000	0.000000	0.000000	0.000000	0.000000	12.980357	1.313674	0.484693	0.000000	0.000000	0.000000	1.150471	0.296089	0.440500	0.000000	0.000000	0.000000	0.163961	0.524393	0.163961	0.524393	0.163961	2.657606	0.163961	1.298036	2.682631	
2.000000	3.000000	0.000000	0.000000	0.000000	1.304421	0.000000	0.000000	0.000000	0.000000	0.000000	13.044208	1.341728	0.528595	0.000000	0.000000	0.000000	1.165866	0.280541	0.439023	0.000000	0.000000	0.000000	0.153950	0.515285	0.153950	0.515285	0.153950	2.607262	0.153950	1.304421	2.782619	
2.000000	3.000000	0.000000	0.000000	0.000000	1.310484	0.000000	0.000000	0.000000	0.000000	0.000000	13.104844	1.368315	0.572271	0.000000	0.000000	0.000000	1.180328	0.265871	0.436753	0.000000	0.000000	0.000000	0.144619	0.506174	0.144619	0.506174	0.144619	2.557570	0.144619	1.310484	2.882634	
2.000000	3.000000	0.000000	0.000000	0.000000	1.316245	0.000000	0.000000	0.000000	0.000000	0.000000	13.162448	1.393519	0.615651	0.000000	0.000000	0.000000	1.193919	0.252045	0.433804	0.000000	0.000000	0.000000	0.135917	0.497086	0.135917	0.497086	0.135917	2.508565	0.135917	1.316245	2.982660	
2.000000	3.000000	0.000000	0.000000	0.000000	1.321719	0.000000	0.000000	0.000000	0.000000	0.000000	13.217193	1.417422	0.658678	0.000000	0.000000	0.000000	1.206699	0.239024	0.430274	0.000000	0.000000	0.000000	0.127800	0.488042	0.127800	0.488042	0.127800	2.460272	0.127800	1.321719	3.082645	
2.000000	3.000000	0.000000	0.000000	0.000000	1.326924	0.000000	0.000000	0.000000	0.000000	0.000000	13.269243	1.440098	0.701303	0.000000	0.000000	0.000000	1.218722	0.226768	0.426249	0.000000	0.000000	0.000000	0.120225	0.479059	0.120225	0.479059	0.120225	2.412713	0.120225	1.326924	3.182662	
2.000000	3.000000	0.000000	0.000000	0.000000	1.331875	0.000000	0.000000	0.000000	0.000000	0.000000	13.318752	1.461622	0.743484	0.000000	0.000000	0.000000	1.230037	0.215237	0.421805	0.000000	0.000000	0.000000	0.113153	0.470155	0.113153	0.470155	0.113153	2.365903	0.113153	1.331875	3.282661	
2.000000	3.000000	0.000000	0.000000	0.000000	1.336587	0.000000	0.000000	0.000000	0.000000	0.000000	13.365868	1.482061	0.785185	0.000000	0.000000	0.000000	1.240692	0.204392	0.417008	0.000000	0.000000	0.000000	0.106550	0.461339	0.106550	0.461339	0.106550	2.319853	0.106550	1.336587	3.382674	
2.000000	3.000000	0.000000	0.000000	0.000000	1.341073	0.000000	0.000000	0.000000	0.000000	0.000000	13.410727	1.501481	0.826376	0.000000	0.000000	0.000000	1.250730	0.194195	0.411917	0.000000	0.000000	0.000000	0.100381	0.452624	0.100381	0.452624	0.100381	2.274570	0.100381	1.341073	3.482660	
2.000000	3.000000	0.000000	0.000000	0.000000	1.345346	0.000000	0.000000	0.000000	0.000000	0.000000	13.453460	1.519941	0.867035	0.000000	0.000000	0.000000	1.260192	0.184606	0.406583	0.000000	0.000000	0.000000	0.094616	0.444017	0.094616	0.444017	0.094616	2.230059	0.094616	1.345346	3.582660	
2.000000	3.000000	0.000000	0.000000	0.000000	1.349419	0.000000	0.000000	0.000000	0.000000	0.000000	13.494188	1.537500	0.907139	0.000000	0.000000	0.000000	1.269114	0.175590	0.401049	0.000000	0.000000	0.000000	0.089227	0.435525	0.089227	0.435525	0.089227	2.186321	0.089227	1.349419	3.682773	
2.000000	3.000000	0.000000	0.000000	0.000000	1.353303	0.000000	0.000000	0.000000	0.000000	0.000000	13.533027	1.554212	0.946675	0.000000	0.000000	0.000000	1.277533	0.167111	0.395354	0.000000	0.000000	0.000000	0.084188	0.427153	0.084188	0.427153	0.084188	2.143355	0.084188	1.353303	3.782670	
2.000000	3.000000	0.000000	0.000000	0.000000	1.357008	0.000000	0.000000	0.000000	0.000000	0.000000	13.570085	1.570125	0.985628	0.000000	0.000000	0.000000	1.285481	0.159137	0.389533	0.000000	0.000000	0.000000	0.079475	0.418905	0.079475	0.418905	0.079475	2.101160	0.079475	1.357008	3.882745	
2.000000	3.000000	0.000000	0.000000	0.000000	1.360546	0.000000	0.000000	0.000000	0.000000	0.000000	13.605463	1.585289	1.023990	0.000000	0.000000	0.000000	1.292987	0.151635	0.383615	0.000000	0.000000	0.000000	0.075065	0.410786	0.075065	0.410786	0.075065	2.059730	0.075065	1.360546	3.982735	
2.000000	3.000000	0.000000	0.000000	0.000000	1.363926	0.000000	0.000000	0.000000	0.000000	0.000000	13.639258	1.599746	1.061752	0.000000	0.000000	0.000000	1.300081	0.144576	0.377625	0.000000	0.000000	0.000000	0.070938	0.402796	0.070938	0.402796	0.070938	2.019060	0.070938	1.363926	4.082702	
2.000000	3.000000	0.000000	0.000000	0.000000	1.367156	0.000000	0.000000	0.000000	0.000000	0.000000	13.671560	1.613539	1.098911	0.000000	0.000000	0.000000	1.306789	0.137931	0.371586	0.000000	0.000000	0.000000	0.067075	0.394939	0.067075	0.394939	0.067075	1.979143	0.067075	1.367156	4.182752	
2.000000	3.000000	0.000000	0.000000	0.000000	1.370245	0.000000	0.000000	0.000000	0.000000	0.000000	13.702453	1.626707	1.135463	0.000000	0.000000	0.000000	1.313134	0.131673	0.365518	0.000000	0.000000	0.000000	0.063457	0.387214	0.063457	0.387214	0.063457	1.939972	0.063457	1.370245	4.282767	
2.000000	3.000000	0.000000	0.000000	0.000000	1.373202	0.000000	0.000000	0.000000	0.000000	0.000000	13.732018	1.639285	1.171406	0.000000	0.000000	0.000000	1.319141	0.125778	0.359437	0.000000	0.000000	0.000000	0.060067	0.379622	0.060067	0.379622	0.060067	1.901538	0.060067	1.373202	4.382734	
2.000000	3.000000	0.000000	0.000000	0.000000	1.376033	0.000000	0.000000	0.000000	0.000000	0.000000	13.760330	1.651307	1.206742	0.000000	0.000000	0.000000	1.324830	0.120221	0.353358	0.000000	0.000000	0.000000	0.056892	0.372163	0.056892	0.372163	0.056892	1.863832	0.056892	1.376033	4.482728	
2.000000	3.000000	0.000000	0.000000	0.000000	1.378746	0.000000	0.000000	0.000000	0.000000	0.000000	13.787460	1.662805	1.241471	0.000000	0.000000	0.000000	1.330222	0.114982	0.347293	0.000000	0.000000	0.000000	0.053916	0.364838	0.053916	0.364838	0.053916	1.826845	0.053916	1.378746	4.582814	
2.000000	3.000000	0.000000	0.000000	0.000000	1.381347	0.000000	0.000000	0.000000	0.000000	0.000000	13.813474	1.673809	1.275597	0.000000	0.000000	0.000000	1.335334	0.110039	0.341255	0.000000	0.000000	0.000000	0.051126	0.357645	0.051126	0.357645	0.051126	1.790565	0.051126	1.381347	4.682882	
2.000000	3.000000	0.000000	0.000000	0.000000	1.383844	0.000000	0.000000	0.000000	0.000000	0.000000	13.838435	1.684346	1.309122	0.000000	0.000000	0.000000	1.340185	0.105374	0.335252	0.000000	0.000000	0.000000	0.048509	0.350584	0.048509	0.350584	0.048509	1.754983	0.048509	1.383844	4.782755	
2.000000	3.000000	0.000000	0.000000	0.000000	1.386240	0.000000	0.000000	0.000000	0.000000	0.000000	13.862402	1.694443	1.342051	0.000000	0.000000	0.000000	1.344791	0.100967	0.329292	0.000000	0.000000	0.000000	0.046055	0.343653	0.046055	0.343653	0.046055	1.720089	0.046055	1.386240	4.882738	
2.000000	3.000000	0.000000	0.000000	0.000000	1.388543	0.000000	0.000000	0.000000	0.000000	0.000000	13.885432	1.704123	1.374390	0.000000	0.000000	0.000000	1.349166	0.096804	0.323383	0.000000	0.000000	0.000000	0.043752	0.336851	0.043752	0.336851	0.043752	1.685870	0.043752	1.388543	4.982825	
2.000000	3.000000	0.000000	0.000000	0.000000	1.390758	0.000000	0.000000	0.000000	0.000000	0.000000	13.907575	1.713410	1.406143	0.000000	0.000000	0.000000	1.353325	0.092867	0.317530	0.000000	0.000000	0.000000	0.041591	0.330178	0.041591	0.330178	0.041591	1.652317	0.041591	1.390758	5.082794	
2.000000	3.000000	0.000000	0.000000	0.000000	1.392888	0.000000	0.000000	0.000000	0.000000	0.000000	13.928883	1.722324	1.437316	0.000000	0.000000	0.000000	1.357282	0.089142	0.311739	0.000000	0.000000	0.000000	0.039563	0.323630	0.039563	0.323630	0.039563	1.619418	0.039563	1.392888	5.182768	
2.000000	3.000000	0.000000	0.000000	0.000000	1.394940	0.000000	0.000000	0.000000	0.000000	0.000000	13.949402	1.730886	1.467918	0.000000	0.000000	0.000000	1.361047	0.085617	0.306014	0.000000	0.000000	0.000000	0.037659	0.317207	0.037659	0.317207	0.037659	1.587162	0.037659	1.394940	5.282773	
2.000000	3.000000	0.000000	0.000000	0.000000	1.396918	0.000000	0.000000	0.000000	0.000000	0.000000	13.969176	1.739114	1.497954	0.000000	0.000000	0.000000	1.364634	0.082277	0.300359	0.000000	0.000000	0.000000	0.035870	0.310907	0.035870	0.310907	0.035870	1.555538	0.035870	1.396918	5.382794	
2.000000	3.000000	0.000000	0.000000	0.000000	1.398825	0.000000	0.000000	0.000000	0.000000	0.000000	13.988246	1.747025	1.527431	0.000000	0.000000	0.000000	1.368053	0.079112	0.294776	0.000000	0.000000	0.000000	0.034190	0.304729	0.034190	0.304729	0.034190	1.524534	0.034190	1.398825	5.483621	
2.000000	3.000000	0.000000	0.000000	0.000000	1.400665	0.000000	0.000000	0.000000	0.000000	0.000000	14.006653	1.754636	1.556358	0.000000	0.000000	0.000000	1.371315	0.076111	0.289268	0.000000	0.000000	0.000000	0.032612	0.298669	0.032612	0.298669	0.032612	1.494140	0.032612	1.400665	5.583209	
2.000000	3.000000	0.000000	0.000000	0.000000	1.402443	0.000000	0.000000	0.000000	0.000000	0.000000	14.024433	1.761962	1.584742	0.000000	0.000000	0.000000	1.374427	0.073263	0.283838	0.000000	0.000000	0.000000	0.031129	0.292727	0.031129	0.292727	0.031129	1.464345	0.031129	1.402443	5.682776	
2.000000	3.000000	0.000000	0.000000	0.000000	1.404162	0.000000	0.000000	0.000000	0.000000	0.000000	14.041621	1.769018	1.612591	0.000000	0.000000	0.000000	1.377401	0.070559	0.278486	0.000000	0.000000	0.000000	0.029735	0.286900	0.029735	0.286900	0.029735	1.435137	0.029735	1.404162	5.782924	
2.000000	3.000000	0.000000	0.000000	0.000000	1.405825	0.000000	0.000000	0.000000	0.000000	0.000000	14.058251	1.775817	1.639912	0.000000	0.000000	0.000000	1.380243	0.067989	0.273214	0.000000	0.000000	0.000000	0.028424	0.281187	0.028424	0.281187	0.028424	1.406505	0.028424	1.405825	5.883155	
2.000000	3.000000	0.000000	0.000000	0.000000	1.407435	0.000000	0.000000	0.000000	0.000000	0.000000	14.074355	1.782372	1.666714	0.000000	0.000000	0.000000	1.382963	0.065546	0.268023	0.000000	0.000000	0.000000	0.027192	0.275586	0.027192	0.275586	0.027192	1.378440	0.027192	1.407435	5.982907	
2.000000	3.000000	0.000000	0.000000	0.000000	1.408996	0.000000	0.000000	0.000000	0.000000	0.000000	14.089961	1.788694	1.693006	0.000000	0.000000	0.000000	1.385566	0.063223	0.262913	0.000000	0.000000	0.000000	0.026034	0.270095	0.026034	0.270095	0.026034	1.350930	0.026034	1.408996	6.083048	
2.000000	3.000000	0.000000	0.000000	0.000000	1.410510	0.000000	0.000000	0.000000	0.000000	0.000000	14.105100	1.794795	1.718794	0.000000	0.000000	0.000000	1.388060	0.061011	0.257886	0.000000	0.000000	0.000000	0.024944	0.264711	0.024944	0.264711	0.024944	1.323965	0.024944	1.410510	6.182842	
2.000000	3.000000	0.000000	0.000000	0.000000	1.411980	0.000000	0.000000	0.000000	0.000000	0.000000	14.119798	1.800686	1.744088	0.000000	0.000000	0.000000	1.390452	0.058905	0.252940	0.000000	0.000000	0.000000	0.023919	0.259433	0.023919	0.259433	0.023919	1.297535	0.023919	1.411980	6.282812	
2.000000	3.000000	0.000000	0.000000	0.000000	1.413408	0.000000	0.000000	0.000000	0.000000	0.000000	14.134079	1.806375	1.768896	0.000000	0.000000	0.000000	1.392748	0.056898	0.248077	0.000000	0.000000	0.000000	0.022956	0.254259	0.022956	0.254259	0.022956	1.271629	0.022956	1.413408	6.382925	
2.000000	3.000000	0.000000	0.000000	0.000000	1.414797	0.000000	0.000000	0.000000	0.000000	0.000000	14.147970	1.811874	1.793225	0.000000	0.000000	0.000000	1.394953	0.054984	0.243295	0.000000	0.000000	0.000000	0.022049	0.249187	0.022049	0.249187	0.022049	1.246238	0.022049	1.414797	6.483352	
2.000000	3.000000	0.000000	0.000000	0.000000	1.416149	0.000000	0.000000	0.000000	0.000000	0.000000	14.161493	1.817189	1.817085	0.000000	0.000000	0.000000	1.397072	0.053158	0.238595	0.000000	0.000000	0.000000	0.021197	0.244215	0.021197	0.244215	0.021197	1.221350	0.021197	1.416149	6.583118	
2.000000	3.000000	0.000000	0.000000	0.000000	1.417467	0.000000	0.000000	0.000000	0.000000	0.000000	14.174669	1.822331	1.840483	0.000000	0.000000	0.000000	1.399112	0.051414	0.233977	0.000000	0.000000	0.000000	0.020395	0.239342	0.020395	0.239342	0.020395	1.196958	0.020395	1.417467	6.683346	
2.000000	3.000000	0.000000	0.000000	0.000000	1.418752	0.000000	0.000000	0.000000	0.000000	0.000000	14.187521	1.827306	1.863426	0.000000	0.000000	0.000000	1.401076	0.049749	0.229439	0.000000	0.000000	0.000000	0.019640	0.234565	0.019640	0.234565	0.019640	1.173050	0.019640	1.418752	6.782875	
2.000000	3.000000	0.000000	0.000000	0.000000	1.420007	0.000000	0.000000	0.000000	0.000000	0.000000	14.200069	1.832122	1.885924	0.000000	0.000000	0.000000	1.402969	0.048158	0.224981	0.000000	0.000000	0.000000	0.018931	0.229883	0.018931	0.229883	0.018931	1.149619	0.018931	1.420007	6.882822	
2.000000	3.000000	0.000000	0.000000	0.000000	1.421233	0.000000	0.000000	0.000000	0.000000	0.000000	14.212331	1.836785	1.907985	0.000000	0.000000	0.000000	1.404795	0.046637	0.220602	0.000000	0.000000	0.000000	0.018264	0.225293	0.018264	0.225293	0.018264	1.126653	0.018264	1.421233	6.982934	
2.000000	3.000000	0.000000	0.000000	0.000000	1.422433	0.000000	0.000000	0.000000	0.000000	0.000000	14.224327	1.841303	1.929615	0.000000	0.000000	0.000000	1.406559	0.045181	0.216302	0.000000	0.000000	0.000000	0.017637	0.220795	0.017637	0.220795	0.017637	1.104145	0.017637	1.422433	7.082865	
2.000000	3.000000	0.000000	0.000000	0.000000	1.423607	0.000000	0.000000	0.000000	0.000000	0.000000	14.236074	1.845682	1.950823	0.000000	0.000000	0.000000	1.408264	0.043788	0.212080	0.000000	0.000000	0.000000	0.017048	0.216386	0.017048	0.216386	0.017048	1.082085	0.017048	1.423607	7.182917	
2.000000	3.000000	0.000000	0.000000	0.000000	1.424759	0.000000	0.000000	0.000000	0.000000	0.000000	14.247590	1.849928	1.971616	0.000000	0.000000	0.000000	1.409913	0.042455	0.207935	0.000000	0.000000	0.000000	0.016495	0.212064	0.016495	0.212064	0.016495	1.060465	0.016495	1.424759	7.283198	
2.000000	3.000000	0.000000	0.000000	0.000000	1.425889	0.000000	0.000000	0.000000	0.000000	0.000000	14.258890	1.854045	1.992003	0.000000	0.000000	0.000000	1.411511	0.041177	0.203865	0.000000	0.000000	0.000000	0.015976	0.207829	0.015976	0.207829	0.015976	1.039276	0.015976	1.425889	7.382994	
2.000000	3.000000	0.000000	0.000000	0.000000	1.426999	0.000000	0.000000	0.000000	0.000000	0.000000	14.269991	1.858041	2.011990	0.000000	0.000000	0.000000	1.413060	0.039952	0.199871	0.000000	0.000000	0.000000	0.015488	0.203677	0.015488	0.203677	0.015488	1.018509	0.015488	1.426999	7.483169	
2.000000	3.000000	0.000000	0.000000	0.000000	1.428091	0.000000	0.000000	0.000000	0.000000	0.000000	14.280909	1.861918	2.031585	0.000000	0.000000	0.000000	1.414563	0.038777	0.195950	0.000000	0.000000	0.000000	0.015031	0.199609	0.015031	0.199609	0.015031	0.998156	0.015031	1.428091	7.582895	
2.000000	3.000000	0.000000	0.000000	0.000000	1.429166	0.000000	0.000000	0.000000	0.000000	0.000000	14.291658	1.865683	2.050795	0.000000	0.000000	0.000000	1.416023	0.037651	0.192102	0.000000	0.000000	0.000000	0.014603	0.195621	0.014603	0.195621	0.014603	0.978210	0.014603	1.429166	7.683320	
2.000000	3.000000	0.000000	0.000000	0.000000	1.430225	0.000000	0.000000	0.000000	0.000000	0.000000	14.302253	1.869340	2.069628	0.000000	0.000000	0.000000	1.417443	0.036570	0.188327	0.000000	0.000000	0.000000	0.014202	0.191713	0.014202	0.191713	0.014202	0.958661	0.014202	1.430225	7.782941	
2.000000	3.000000	0.000000	0.000000	0.000000	1.431271	0.000000	0.000000	0.000000	0.000000	0.000000	14.312709	1.872894	2.088090	0.000000	0.000000	0.000000	1.418826	0.035532	0.184621	0.000000	0.000000	0.000000	0.013827	0.187882	0.013827	0.187882	0.013827	0.939502	0.013827	1.431271	7.883564	
2.000000	3.000000	0.000000	0.000000	0.000000	1.432304	0.000000	0.000000	0.000000	0.000000	0.000000	14.323039	1.876347	2.106189	0.000000	0.000000	0.000000	1.420174	0.034536	0.180986	0.000000	0.000000	0.000000	0.013478	0.184128	0.013478	0.184128	0.013478	0.920726	0.013478	1.432304	7.983187	
2.000000	3.000000	0.000000	0.000000	0.000000	1.433326	0.000000	0.000000	0.000000	0.000000	0.000000	14.333256	1.879705	2.123931	0.000000	0.000000	0.000000	1.421489	0.033578	0.177419	0.000000	0.000000	0.000000	0.013152	0.180449	0.013152	0.180449	0.013152	0.902324	0.013152	1.433326	8.083039	
2.000000	3.000000	0.000000	0.000000	0.000000	1.434338	0.000000	0.000000	0.000000	0.000000	0.000000	14.343376	1.882971	2.141323	0.000000	0.000000	0.000000	1.422774	0.032659	0.173920	0.000000	0.000000	0.000000	0.012848	0.176843	0.012848	0.176843	0.012848	0.884290	0.012848	1.434338	8.182936	
2.000000	3.000000	0.000000	0.000000	0.000000	1.435341	0.000000	0.000000	0.000000	0.000000	0.000000	14.353410	1.886148	2.158371	0.000000	0.000000	0.000000	1.424031	0.031775	0.170488	0.000000	0.000000	0.000000	0.012567	0.173309	0.012567	0.173309	0.012567	0.866616	0.012567	1.435341	8.283238	
2.000000	3.000000	0.000000	0.000000	0.000000	1.436337	0.000000	0.000000	0.000000	0.000000	0.000000	14.363372	1.889241	2.175083	0.000000	0.000000	0.000000	1.425261	0.030925	0.167120	0.000000	0.000000	0.000000	0.012307	0.169846	0.012307	0.169846	0.012307	0.849294	0.012307	1.436337	8.383004	
2.000000	3.000000	0.000000	0.000000	0.000000	1.437328	0.000000	0.000000	0.000000	0.000000	0.000000	14.373276	1.892252	2.191465	0.000000	0.000000	0.000000	1.426468	0.030108	0.163817	0.000000	0.000000	0.000000	0.012066	0.166452	0.012066	0.166452	0.012066	0.832319	0.012066	1.437328	8.483291	
2.000000	3.000000	0.000000	0.000000	0.000000	1.438313	0.000000	0.000000	0.000000	0.000000	0.000000	14.383134	1.895184	2.207523	0.000000	0.000000	0.000000	1.427652	0.029323	0.160577	0.000000	0.000000	0.000000	0.011845	0.163125	0.011845	0.163125	0.011845	0.815683	0.011845	1.438313	8.583042	
2.000000	3.000000	0.000000	0.000000	0.000000	1.439296	0.000000	0.000000	0.000000	0.000000	0.000000	14.392960	1.898041	2.223263	0.000000	0.000000	0.000000	1.428817	0.028568	0.157399	0.000000	0.000000	0.000000	0.011643	0.159865	0.011643	0.159865	0.011643	0.799379	0.011643	1.439296	8.683069	
2.000000	3.000000	0.000000	0.000000	0.000000	1.440277	0.000000	0.000000	0.000000	0.000000	0.000000	14.402767	1.900825	2.238691	0.000000	0.000000	0.000000	1.429963	0.027842	0.154283	0.000000	0.000000	0.000000	0.011460	0.156670	0.011460	0.156670	0.011460	0.783401	0.011460	1.440277	8.783464	
2.000000	3.000000	0.000000	0.000000	0.000000	1.441257	0.000000	0.000000	0.000000	0.000000	0.000000	14.412568	1.903539	2.253814	0.000000	0.000000	0.000000	1.431092	0.027143	0.151226	0.000000	0.000000	0.000000	0.011294	0.153539	0.011294	0.153539	0.011294	0.767742	0.011294	1.441257	8.882970	
2.000000	3.000000	0.000000	0.000000	0.000000	1.442238	0.000000	0.000000	0.000000	0.000000	0.000000	14.422378	1.906186	2.268636	0.000000	0.000000	0.000000	1.432207	0.026471	0.148228	0.000000	0.000000	0.000000	0.011146	0.150470	0.011146	0.150470	0.011146	0.752395	0.011146	1.442238	8.982909	
2.000000	3.000000	0.000000	0.000000	0.000000	1.443221	0.000000	0.000000	0.000000	0.000000	0.000000	14.432209	1.908769	2.283165	0.000000	0.000000	0.000000	1.433308	0.025826	0.145288	0.000000	0.000000	0.000000	0.011014	0.147462	0.011014	0.147462	0.011014	0.737356	0.011014	1.443221	9.082950	
2.000000	3.000000	0.000000	0.000000	0.000000	1.444208	0.000000	0.000000	0.000000	0.000000	0.000000	14.442078	1.911290	2.297406	0.000000	0.000000	0.000000	1.434398	0.025205	0.142404	0.000000	0.000000	0.000000	0.010900	0.144515	0.010900	0.144515	0.010900	0.722617	0.010900	1.444208	9.183318	
2.000000	3.000000	0.000000	0.000000	0.000000	1.445200	0.000000	0.000000	0.000000	0.000000	0.000000	14.451997	1.913750	2.311363	0.000000	0.000000	0.000000	1.435478	0.024608	0.139576	0.000000	0.000000	0.000000	0.010802	0.141626	0.010802	0.141626	0.010802	0.708173	0.010802	1.445200	9.282982	
2.000000	3.000000	0.000000	0.000000	0.000000	1.446198	0.000000	0.000000	0.000000	0.000000	0.000000	14.461982	1.916154	2.325044	0.000000	0.000000	0.000000	1.436550	0.024035	0.136804	0.000000	0.000000	0.000000	0.010720	0.138795	0.010720	0.138795	0.010720	0.694017	0.010720	1.446198	9.383702	
2.000000	3.000000	0.000000	0.000000	0.000000	1.447205	0.000000	0.000000	0.000000	0.000000	0.000000	14.472050	1.918502	2.338452	0.000000	0.000000	0.000000	1.437616	0.023485	0.134084	0.000000	0.000000	0.000000	0.010655	0.136021	0.010655	0.136021	0.010655	0.680144	0.010655	1.447205	9.482995	
2.000000	3.000000	0.000000	0.000000	0.000000	1.448222	0.000000	0.000000	0.000000	0.000000	0.000000	14.482216	1.920798	2.351594	0.000000	0.000000	0.000000	1.438676	0.022957	0.131418	0.000000	0.000000	0.000000	0.010606	0.133302	0.010606	0.133302	0.010606	0.666549	0.010606	1.448222	9.582947	
2.000000	3.000000	0.000000	0.000000	0.000000	1.449250	0.000000	0.000000	0.000000	0.000000	0.000000	14.492498	1.923043	2.364474	0.000000	0.000000	0.000000	1.439734	0.022450	0.128803	0.000000	0.000000	0.000000	0.010573	0.130638	0.010573	0.130638	0.010573	0.653226	0.010573	1.449250	9.683065	
2.000000	3.000000	0.000000	0.000000	0.000000	1.450291	0.000000	0.000000	0.000000	0.000000	0.000000	14.502914	1.925240	2.377098	0.000000	0.000000	0.000000	1.440789	0.021965	0.126239	0.000000	0.000000	0.000000	0.010558	0.128027	0.010558	0.128027	0.010558	0.640168	0.010558	1.450291	9.783024	
2.000000	3.000000	0.000000	0.000000	0.000000	1.451348	0.000000	0.000000	0.000000	0.000000	0.000000	14.513482	1.927390	2.389470	0.000000	0.000000	0.000000	1.441845	0.021501	0.123724	0.000000	0.000000	0.000000	0.010559	0.125467	0.010559	0.125467	0.010559	0.627372	0.010559	1.451348	9.883056	
2.000000	3.000000	0.000000	0.000000	0.000000	1.452422	0.000000	0.000000	0.000000	0.000000	0.000000	14.524223	1.929495	2.401596	0.000000	0.000000	0.000000	1.442903	0.021056	0.121259	0.000000	0.000000	0.000000	0.010577	0.122960	0.010577	0.122960	0.010577	0.614832	0.010577	1.452422	9.983032	
2.000000	3.000000	0.000000	0.000000	0.000000	1.453516	0.000000	0.000000	0.000000	0.000000	0.000000	14.535158	1.931559	2.413480	0.000000	0.000000	0.000000	1.443964	0.020632	0.118841	0.000000	0.000000	0.000000	0.010613	0.120502	0.010613	0.120502	0.010613	0.602543	0.010613	1.453516	10.083361	
2.000000	3.000000	0.000000	0.000000	0.000000	1.454631	0.000000	0.000000	0.000000	0.000000	0.000000	14.546309	1.933581	2.425127	0.000000	0.000000	0.000000	1.445031	0.020228	0.116470	0.000000	0.000000	0.000000	0.010667	0.118093	0.010667	0.118093	0.010667	0.590499	0.010667	1.454631	10.183064	
2.000000	3.000000	0.000000	0.000000	0.000000	1.455770	0.000000	0.000000	0.000000	0.000000	0.000000	14.557701	1.935566	2.436542	0.000000	0.000000	0.000000	1.446105	0.019844	0.114145	0.000000	0.000000	0.000000	0.010739	0.115733	0.010739	0.115733	0.010739	0.578697	0.010739	1.455770	10.283131	
2.000000	3.000000	0.000000	0.000000	0.000000	1.456936	0.000000	0.000000	0.000000	0.000000	0.000000	14.569360	1.937514	2.447728	0.000000	0.000000	0.000000	1.447188	0.019479	0.111865	0.000000	0.000000	0.000000	0.010831	0.113419	0.010831	0.113419	0.010831	0.567130	0.010831	1.456936	10.383355	
2.000000	3.000000	0.000000	0.000000	0.000000	1.458131	0.000000	0.000000	0.000000	0.000000	0.000000	14.581314	1.939427	2.458691	0.000000	0.000000	0.000000	1.448282	0.019134	0.109630	0.000000	0.000000	0.000000	0.010943	0.111152	0.010943	0.111152	0.010943	0.555795	0.010943	1.458131	10.483506	
2.000000	3.000000	0.000000	0.000000	0.000000	1.459359	0.000000	0.000000	0.000000	0.000000	0.000000	14.593592	1.941308	2.469435	0.000000	0.000000	0.000000	1.449390	0.018809	0.107437	0.000000	0.000000	0.000000	0.011077	0.108931	0.011077	0.108931	0.011077	0.544687	0.011077	1.459359	10.583044	
2.000000	3.000000	0.000000	0.000000	0.000000	1.460623	0.000000	0.000000	0.000000	0.000000	0.000000	14.606227	1.943158	2.479964	0.000000	0.000000	0.000000	1.450513	0.018504	0.105288	0.000000	0.000000	0.000000	0.011233	0.106754	0.011233	0.106754	0.011233	0.533801	0.011233	1.460623	10.683087	
2.000000	3.000000	0.000000	0.000000	0.000000	1.461925	0.000000	0.000000	0.000000	0.000000	0.000000	14.619254	1.944980	2.490282	0.000000	0.000000	0.000000	1.451655	0.018219	0.103179	0.000000	0.000000	0.000000	0.011412	0.104620	0.011412	0.104620	0.011412	0.523133	0.011412	1.461925	10.783156	
2.000000	3.000000	0.000000	0.000000	0.000000	1.463271	0.000000	0.000000	0.000000	0.000000	0.000000	14.632712	1.946776	2.500393	0.000000	0.000000	0.000000	1.452816	0.017954	0.101112	0.000000	0.000000	0.000000	0.011617	0.102529	0.011617	0.102529	0.011617	0.512679	0.011617	1.463271	10.883124	
2.000000	3.000000	0.000000	0.000000	0.000000	1.464664	0.000000	0.000000	0.000000	0.000000	0.000000	14.646643	1.948547	2.510301	0.000000	0.000000	0.000000	1.454001	0.017710	0.099084	0.000000	0.000000	0.000000	0.011848	0.100480	0.011848	0.100480	0.011848	0.502434	0.011848	1.464664	10.983102	
2.000000	3.000000	0.000000	0.000000	0.000000	1.466109	0.000000	0.000000	0.000000	0.000000	0.000000	14.661090	1.950295	2.520011	0.000000	0.000000	0.000000	1.455212	0.017488	0.097095	0.000000	0.000000	0.000000	0.012108	0.098472	0.012108	0.098472	0.012108	0.492394	0.012108	1.466109	11.083095	
2.000000	3.000000	0.000000	0.000000	0.000000	1.467611	0.000000	0.000000	0.000000	0.000000	0.000000	14.676106	1.952024	2.529525	0.000000	0.000000	0.000000	1.456452	0.017288	0.095145	0.000000	0.000000	0.000000	0.012399	0.096504	0.012399	0.096504	0.012399	0.482556	0.012399	1.467611	11.183118	
2.000000	3.000000	0.000000	0.000000	0.000000	1.469174	0.000000	0.000000	0.000000	0.000000	0.000000	14.691744	1.953735	2.538848	0.000000	0.000000	0.000000	1.457724	0.017110	0.093232	0.000000	0.000000	0.000000	0.012723	0.094575	0.012723	0.094575	0.012723	0.472914	0.012723	1.469174	11.283260	
2.000000	3.000000	0.000000	0.000000	0.000000	1.470806	0.000000	0.000000	0.000000	0.000000	0.000000	14.708065	1.955431	2.547984	0.000000	0.000000	0.000000	1.459032	0.016957	0.091355	0.000000	0.000000	0.000000	0.013083	0.092685	0.013083	0.092685	0.013083	0.463466	0.013083	1.470806	11.383068	
2.000000	3.000000	0.000000	0.000000	0.000000	1.472513	0.000000	0.000000	0.000000	0.000000	0.000000	14.725134	1.957114	2.556936	0.000000	0.000000	0.000000	1.460380	0.016829	0.089515	0.000000	0.000000	0.000000	0.013481	0.090833	0.013481	0.090833	0.013481	0.454208	0.013481	1.472513	11.483106	
2.000000	3.000000	0.000000	0.000000	0.000000	1.474303	0.000000	0.000000	0.000000	0.000000	0.000000	14.743027	1.958787	2.565706	0.000000	0.000000	0.000000	1.461773	0.016728	0.087709	0.000000	0.000000	0.000000	0.013922	0.089018	0.013922	0.089018	0.013922	0.445135	0.013922	1.474303	11.583303	
2.000000	3.000000	0.000000	0.000000	0.000000	1.476182	0.000000	0.000000	0.000000	0.000000	0.000000	14.761823	1.960452	2.574300	0.000000	0.000000	0.000000	1.463214	0.016654	0.085938	0.000000	0.000000	0.000000	0.014410	0.087240	0.014410	0.087240	0.014410	0.436245	0.014410	1.476182	11.683071	
2.000000	3.000000	0.000000	0.000000	0.000000	1.478161	0.000000	0.000000	0.000000	0.000000	0.000000	14.781614	1.962113	2.582720	0.000000	0.000000	0.000000	1.464708	0.016611	0.084200	0.000000	0.000000	0.000000	0.014948	0.085497	0.014948	0.085497	0.014948	0.427533	0.014948	1.478161	11.783387	
2.000000	3.000000	0.000000	0.000000	0.000000	1.480250	0.000000	0.000000	0.000000	0.000000	0.000000	14.802500	1.963773	2.590970	0.000000	0.000000	0.000000	1.466262	0.016599	0.082495	0.000000	0.000000	0.000000	0.015542	0.083789	0.015542	0.083789	0.015542	0.418996	0.015542	1.480250	11.883104	
2.000000	3.000000	0.000000	0.000000	0.000000	1.482459	0.000000	0.000000	0.000000	0.000000	0.000000	14.824593	1.965435	2.599052	0.000000	0.000000	0.000000	1.467882	0.016622	0.080822	0.000000	0.000000	0.000000	0.016197	0.082115	0.016197	0.082115	0.016197	0.410631	0.016197	1.482459	11.983437	
2.000000	3.000000	0.000000	0.000000	0.000000	1.484802	0.000000	0.000000	0.000000	0.000000	0.000000	14.848018	1.967104	2.606970	0.000000	0.000000	0.000000	1.469574	0.016683	0.079181	0.000000	0.000000	0.000000	0.016920	0.080476	0.016920	0.080476	0.016920	0.402435	0.016920	1.484802	12.083071	
2.000000	3.000000	0.000000	0.000000	0.000000	1.487292	0.000000	0.000000	0.000000	0.000000	0.000000	14.872917	1.968782	2.614727	0.000000	0.000000	0.000000	1.471346	0.016783	0.077570	0.000000	0.000000	0.000000	0.017718	0.078868	0.017718	0.078868	0.017718	0.394404	0.017718	1.487292	12.183248	
2.000000	3.000000	0.000000	0.000000	0.000000	1.489945	0.000000	0.000000	0.000000	0.000000	0.000000	14.899447	1.970475	2.622326	0.000000	0.000000	0.000000	1.473206	0.016928	0.075989	0.000000	0.000000	0.000000	0.018599	0.077294	0.018599	0.077294	0.018599	0.386536	0.018599	1.489945	12.283218	
2.000000	3.000000	0.000000	0.000000	0.000000	1.492779	0.000000	0.000000	0.000000	0.000000	0.000000	14.927785	1.972187	2.629770	0.000000	0.000000	0.000000	1.475163	0.017121	0.074437	0.000000	0.000000	0.000000	0.019573	0.075751	0.019573	0.075751	0.019573	0.378826	0.019573	1.492779	12.383364	
2.000000	3.000000	0.000000	0.000000	0.000000	1.495813	0.000000	0.000000	0.000000	0.000000	0.000000	14.958132	1.973924	2.637061	0.000000	0.000000	0.000000	1.477228	0.017367	0.072914	0.000000	0.000000	0.000000	0.020650	0.074239	0.020650	0.074239	0.020650	0.371274	0.020650	1.495813	12.483142	
2.000000	3.000000	0.000000	0.000000	0.000000	1.499071	0.000000	0.000000	0.000000	0.000000	0.000000	14.990714	1.975691	2.644203	0.000000	0.000000	0.000000	1.479412	0.017672	0.071419	0.000000	0.000000	0.000000	0.021843	0.072758	0.021843	0.072758	0.021843	0.363875	0.021843	1.499071	12.583167	
2.000000	3.000000	0.000000	0.000000	0.000000	1.502579	0.000000	0.000000	0.000000	0.000000	0.000000	15.025788	1.977495	2.651198	0.000000	0.000000	0.000000	1.481729	0.018042	0.069952	0.000000	0.000000	0.000000	0.023166	0.071306	0.023166	0.071306	0.023166	0.356627	0.023166	1.502579	12.683379	
2.000000	3.000000	0.000000	0.000000	0.000000	1.506364	0.000000	0.000000	0.000000	0.000000	0.000000	15.063645	1.979343	2.658049	0.000000	0.000000	0.000000	1.484193	0.018485	0.068512	0.000000	0.000000	0.000000	0.024635	0.069884	0.024635	0.069884	0.024635	0.349527	0.024635	1.506364	12.783391	
2.000000	3.000000	0.000000	0.000000	0.000000	1.510462	0.000000	0.000000	0.000000	0.000000	0.000000	15.104615	1.981244	2.664759	0.000000	0.000000	0.000000	1.486819	0.019009	0.067098	0.000000	0.000000	0.000000	0.026269	0.068491	0.026269	0.068491	0.026269	0.342574	0.026269	1.510462	12.883363	
2.000000	3.000000	0.000000	0.000000	0.000000	1.514908	0.000000	0.000000	0.000000	0.000000	0.000000	15.149078	1.983207	2.671330	0.000000	0.000000	0.000000	1.489628	0.019625	0.065712	0.000000	0.000000	0.000000	0.028088	0.067127	0.028088	0.067127	0.028088	0.335765	0.028088	1.514908	12.983239	
2.000000	3.000000	0.000000	0.000000	0.000000	1.519746	0.000000	0.000000	0.000000	0.000000	0.000000	15.197464	1.985241	2.677765	0.000000	0.000000	0.000000	1.492640	0.020344	0.064352	0.000000	0.000000	0.000000	0.030118	0.065790	0.030118	0.065790	0.030118	0.329099	0.030118	1.519746	13.083197	
2.000000	3.000000	0.000000	0.000000	0.000000	1.525027	0.000000	0.000000	0.000000	0.000000	0.000000	15.250270	1.987359	2.684067	0.000000	0.000000	0.000000	1.495879	0.021178	0.063019	0.000000	0.000000	0.000000	0.032387	0.064481	0.032387	0.064481	0.032387	0.322572	0.032387	1.525027	13.183265	
2.000000	3.000000	0.000000	0.000000	0.000000	1.530806	0.000000	0.000000	0.000000	0.000000	0.000000	15.308062	1.989574	2.690239	0.000000	0.000000	0.000000	1.499372	0.022145	0.061714	0.000000	0.000000	0.000000	0.034927	0.063199	0.034927	0.063199	0.034927	0.316185	0.034927	1.530806	13.283240	
2.000000	3.000000	0.000000	0.000000	0.000000	1.537149	0.000000	0.000000	0.000000	0.000000	0.000000	15.371494	1.991900	2.696282	0.000000	0.000000	0.000000	1.503149	0.023261	0.060437	0.000000	0.000000	0.000000	0.037778	0.061943	0.037778	0.061943	0.037778	0.309937	0.037778	1.537149	13.383416	
2.000000	3.000000	0.000000	0.000000	0.000000	1.544132	0.000000	0.000000	0.000000	0.000000	0.000000	15.441321	1.994355	2.702201	0.000000	0.000000	0.000000	1.507248	0.024548	0.059190	0.000000	0.000000	0.000000	0.040983	0.060714	0.040983	0.060714	0.040983	0.303826	0.040983	1.544132	13.483176	
2.000000	3.000000	0.000000	0.000000	0.000000	1.551841	0.000000	0.000000	0.000000	0.000000	0.000000	15.518413	1.996958	2.707999	0.000000	0.000000	0.000000	1.511707	0.026031	0.057975	0.000000	0.000000	0.000000	0.044594	0.059511	0.044594	0.059511	0.044594	0.297852	0.044594	1.551841	13.583146	
2.000000	3.000000	0.000000	0.000000	0.000000	1.560378	0.000000	0.000000	0.000000	0.000000	0.000000	15.603777	1.999731	2.713679	0.000000	0.000000	0.000000	1.516574	0.027738	0.056795	0.000000	0.000000	0.000000	0.048671	0.058334	0.048671	0.058334	0.048671	0.292017	0.048671	1.560378	13.683193	
2.000000	3.000000	0.000000	0.000000	0.000000	1.569858	0.000000	0.000000	0.000000	0.000000	0.000000	15.698583	2.002702	2.719244	0.000000	0.000000	0.000000	1.521902	0.029702	0.055655	0.000000	0.000000	0.000000	0.053284	0.057183	0.053284	0.057183	0.053284	0.286322	0.053284	1.569858	13.783301	
2.000000	3.000000	0.000000	0.000000	0.000000	1.580419	0.000000	0.000000	0.000000	0.000000	0.000000	15.804187	2.005898	2.724700	0.000000	0.000000	0.000000	1.527754	0.031963	0.054561	0.000000	0.000000	0.000000	0.058516	0.056058	0.058516	0.056058	0.058516	0.280769	0.058516	1.580419	13.883505	
2.000000	3.000000	0.000000	0.000000	0.000000	1.592217	0.000000	0.000000	0.000000	0.000000	0.000000	15.922167	2.009355	2.730052	0.000000	0.000000	0.000000	1.534200	0.034566	0.053520	0.000000	0.000000	0.000000	0.064463	0.054958	0.064463	0.054958	0.064463	0.275363	0.064463	1.592217	13.983731	
2.000000	3.000000	0.000000	0.000000	0.000000	1.605436	0.000000	0.000000	0.000000	0.000000	0.000000	16.054356	2.013111	2.735307	0.000000	0.000000	0.000000	1.541324	0.037565	0.052546	0.000000	0.000000	0.000000	0.071235	0.053885	0.071235	0.053885	0.071235	0.270110	0.071235	1.605436	14.083296	
2.000000	3.000000	0.000000	0.000000	0.000000	1.620289	0.000000	0.000000	0.000000	0.000000	0.000000	16.202890	2.017213	2.740472	0.000000	0.000000	0.000000	1.549220	0.041022	0.051652	0.000000	0.000000	0.000000	0.078965	0.052838	0.078965	0.052838	0.078965	0.265018	0.078965	1.620289	14.183567	
2.000000	3.000000	0.000000	0.000000	0.000000	1.637025	0.000000	0.000000	0.000000	0.000000	0.000000	16.370248	2.021714	2.745558	0.000000	0.000000	0.000000	1.558001	0.045010	0.050860	0.000000	0.000000	0.000000	0.087804	0.051819	0.087804	0.051819	0.087804	0.260098	0.087804	1.637025	14.283739	
2.000000	3.000000	0.000000	0.000000	0.000000	1.655931	0.000000	0.000000	0.000000	0.000000	0.000000	16.559310	2.026675	2.750578	0.000000	0.000000	0.000000	1.567794	0.049611	0.050198	0.000000	0.000000	0.000000	0.097930	0.050829	0.097930	0.050829	0.097930	0.255367	0.097930	1.655931	14.383521	
2.000000	3.000000	0.000000	0.000000	0.000000	1.677340	0.000000	0.000000	0.000000	0.000000	0.000000	16.773404	2.032168	2.755548	0.000000	0.000000	0.000000	1.578749	0.054923	0.049704	0.000000	0.000000	0.000000	0.109547	0.049868	0.109547	0.049868	0.109547	0.250845	0.109547	1.677340	14.483811	
2.000000	3.000000	0.000000	0.000000	0.000000	1.701636	0.000000	0.000000	0.000000	0.000000	0.000000	17.016359	2.038273	2.760491	0.000000	0.000000	0.000000	1.591037	0.061053	0.049427	0.000000	0.000000	0.000000	0.122887	0.048940	0.122887	0.048940	0.122887	0.246559	0.122887	1.701636	14.583858	
2.000000	3.000000	0.000000	0.000000	0.000000	1.729254	0.000000	0.000000	0.000000	0.000000	0.000000	17.292542	2.045085	2.765434	0.000000	0.000000	0.000000	1.604859	0.068122	0.049436	0.000000	0.000000	0.000000	0.138217	0.048047	0.138217	0.048047	0.138217	0.242548	0.138217	1.729254	14.683371	
