0.000000	0.000000	1.500000	-0.003031	0.004574	0.000000	0.000000	0.000000	0.000000	0.000000	0.000000	0.000000	-0.065694	-0.043311	0.087412	-0.001458	0.000150	0.000506	-0.001071	-0.000771	0.001832	0.020666	0.012026	0.008097	-0.003161	0.002425	0.882814	0.001637	-0.005568	0.000575	0.001832	0.004639	0.169974	
0.000000	0.000000	1.500000	-0.002731	0.004319	0.000000	0.000000	0.000000	0.000000	0.000000	0.000000	0.000000	-0.065669	-0.043264	0.087358	-0.002095	-0.000246	0.000266	0.000749	0.001394	-0.001602	-0.019118	-0.011891	-0.007173	0.001018	-0.002993	0.505009	-0.000685	-0.008002	-0.000939	-0.001602	-0.004110	0.210141	
0.000000	0.000000	1.500000	-0.002959	0.004403	0.000000	0.000000	0.000000	0.000000	0.000000	0.000000	0.000000	-0.065664	-0.043273	0.087360	-0.002074	-0.000295	0.000187	0.000145	-0.000267	0.000055	0.000640	-0.001486	-0.002376	-0.001020	-0.002925	0.348283	-0.000320	-0.007921	-0.001129	0.000055	-0.001361	0.278028	
0.000000	0.000000	1.500000	-0.002895	0.004735	0.000000	0.000000	0.000000	0.000000	0.000000	0.000000	0.000000	-0.065740	-0.043266	0.087374	-0.000970	-0.000212	0.000233	-0.002266	0.000199	0.000403	0.033118	0.002490	0.001385	-0.007347	-0.003100	0.309104	0.000249	-0.003704	-0.000812	0.000403	0.000794	0.287761	
0.000000	0.000000	1.500000	-0.002961	0.004428	0.000000	0.000000	0.000000	0.000000	0.000000	0.000000	0.000000	-0.065740	-0.043276	0.087363	-0.000949	-0.000274	0.000206	-0.000011	-0.000287	-0.000328	0.000619	-0.001833	-0.000818	-0.005031	-0.004644	0.299818	-0.000057	-0.003625	-0.001045	-0.000328	-0.000469	0.347579	
0.000000	0.000000	1.500000	-0.003001	0.004263	0.000000	0.000000	0.000000	0.000000	0.000000	0.000000	0.000000	-0.065699	-0.043295	0.087406	-0.001528	0.000082	0.000464	0.001217	-0.000561	0.001307	-0.017380	0.010664	0.007734	-0.002221	-0.002969	0.297875	0.001551	-0.005838	0.000313	0.001307	0.004431	0.364160	
0.000000	0.000000	1.500000	-0.002925	0.004402	0.000000	0.000000	0.000000	0.000000	0.000000	0.000000	0.000000	-0.065694	-0.043295	0.087412	-0.001588	0.000138	0.000462	0.000174	-0.000012	0.000156	-0.001781	0.001695	-0.000050	-0.003737	-0.004351	0.297532	0.000664	-0.006065	0.000529	0.000156	-0.000028	0.395737	
0.000000	0.000000	1.500000	-0.002903	0.004415	0.000000	0.000000	0.000000	0.000000	0.000000	0.000000	0.000000	-0.065691	-0.043290	0.087411	-0.001622	-0.000023	0.000408	0.000072	0.000143	-0.000022	-0.001034	-0.004849	-0.001636	-0.004027	-0.006275	0.297153	0.000349	-0.006197	-0.000089	-0.000022	-0.000937	0.428948	
0.000000	0.000000	1.500000	-0.002792	0.004496	0.000000	0.000000	0.000000	0.000000	0.000000	0.000000	0.000000	-0.065710	-0.043259	0.087313	-0.001475	-0.000576	0.000051	-0.000562	0.000936	-0.002922	0.004418	-0.016592	-0.010688	-0.005230	-0.009937	0.296365	-0.001549	-0.005634	-0.002201	-0.002922	-0.006124	0.462274	
0.000000	0.000000	1.500000	-0.003008	0.004536	0.000000	0.000000	0.000000	0.000000	0.000000	0.000000	0.000000	-0.065736	-0.043280	0.087349	-0.000952	-0.000375	0.000149	-0.000786	-0.000617	0.001074	0.015697	0.006033	0.002939	-0.007958	-0.007770	0.296441	0.000278	-0.003636	-0.001433	0.001074	0.001684	0.497104	
0.000000	0.000000	1.500000	-0.002983	0.004268	0.000000	0.000000	0.000000	0.000000	0.000000	0.000000	0.000000	-0.065697	-0.043294	0.087406	-0.001612	-0.000021	0.000415	0.001186	-0.000427	0.001699	-0.019792	0.010625	0.007971	-0.003427	-0.006836	0.297500	0.001499	-0.006156	-0.000080	0.001699	0.004567	0.530214	
0.000000	0.000000	1.500000	-0.002713	0.004529	0.000000	0.000000	0.000000	0.000000	0.000000	0.000000	0.000000	-0.065723	-0.043243	0.087305	-0.001504	-0.000565	-0.000008	-0.000802	0.001513	-0.003016	0.003238	-0.016332	-0.012699	-0.005981	-0.011806	0.296811	-0.001884	-0.005743	-0.002160	-0.003016	-0.007276	0.563670	
0.000000	0.000000	1.500000	-0.003150	0.004368	0.000000	0.000000	0.000000	0.000000	0.000000	0.000000	0.000000	-0.065708	-0.043298	0.087415	-0.001597	0.000052	0.000367	0.000473	-0.001639	0.003294	-0.002806	0.018520	0.011261	-0.005398	-0.007058	0.297028	0.001789	-0.006101	0.000198	0.003294	0.006452	0.596039	
0.000000	0.000000	1.500000	-0.002984	0.004368	0.000000	0.000000	0.000000	0.000000	0.000000	0.000000	0.000000	-0.065694	-0.043313	0.087408	-0.001565	0.000113	0.000418	0.000419	-0.000441	-0.000214	0.000952	0.001843	0.001527	-0.006215	-0.009041	0.297700	0.000803	-0.005979	0.000433	-0.000214	0.000875	0.635140	
0.000000	0.000000	1.500000	-0.002839	0.004439	0.000000	0.000000	0.000000	0.000000	0.000000	0.000000	0.000000	-0.065697	-0.043292	0.087417	-0.001547	0.000015	0.000381	-0.000099	0.000620	0.000271	0.000547	-0.002936	-0.001111	-0.006483	-0.010402	0.297175	0.000409	-0.005910	0.000059	0.000271	-0.000636	0.666448	
0.000000	0.000000	1.500000	-0.002965	0.004425	0.000000	0.000000	0.000000	0.000000	0.000000	0.000000	0.000000	-0.065697	-0.043302	0.087411	-0.001500	0.000055	0.000439	0.000003	-0.000308	-0.000167	0.001423	0.001197	0.001734	-0.006911	-0.010446	0.297064	0.000875	-0.005729	0.000211	-0.000167	0.000993	0.701824	
0.000000	0.000000	1.500000	-0.002923	0.004461	0.000000	0.000000	0.000000	0.000000	0.000000	0.000000	0.000000	-0.065706	-0.043302	0.087414	-0.001496	0.000062	0.000437	-0.000260	0.000006	0.000071	0.000124	0.000212	-0.000052	-0.007097	-0.011062	0.296994	0.000664	-0.005713	0.000238	0.000071	-0.000030	0.733320	
0.000000	0.000000	1.500000	-0.002838	0.004262	0.000000	0.000000	0.000000	0.000000	0.000000	0.000000	0.000000	-0.065667	-0.043282	0.087369	-0.002012	-0.000229	0.000229	0.001165	0.000616	-0.001348	-0.015491	-0.008732	-0.006244	-0.004530	-0.013433	0.296709	-0.000546	-0.007685	-0.000874	-0.001348	-0.003578	0.768986	
0.000000	0.000000	1.500000	-0.002968	0.004738	0.000000	0.000000	0.000000	0.000000	0.000000	0.000000	0.000000	-0.065743	-0.043293	0.087382	-0.001484	0.000062	0.000408	-0.002279	-0.000331	0.000395	0.015831	0.008723	0.005383	-0.008899	-0.011211	0.296720	0.001233	-0.005670	0.000237	0.000395	0.003084	0.799363	
0.000000	0.000000	1.500000	-0.002995	0.004216	0.000000	0.000000	0.000000	0.000000	0.000000	0.000000	0.000000	-0.065691	-0.043310	0.087411	-0.001586	0.000115	0.000454	0.001552	-0.000516	0.000872	-0.003049	0.001593	0.001353	-0.007277	-0.012377	0.297224	0.000876	-0.006058	0.000440	0.000872	0.000775	0.833318	
0.000000	0.000000	1.500000	-0.002965	0.004457	0.000000	0.000000	0.000000	0.000000	0.000000	0.000000	0.000000	-0.065699	-0.043320	0.087419	-0.001600	0.000084	0.000422	-0.000233	-0.000295	0.000227	-0.000417	-0.000943	-0.000941	-0.007700	-0.013068	0.297300	0.000534	-0.006111	0.000320	0.000227	-0.000539	0.866004	
0.000000	0.000000	1.500000	-0.002910	0.004439	0.000000	0.000000	0.000000	0.000000	0.000000	0.000000	0.000000	-0.065702	-0.043316	0.087414	-0.001487	0.000114	0.000477	-0.000097	0.000101	-0.000146	0.003378	0.000899	0.001650	-0.008562	-0.013306	0.297087	0.000961	-0.005681	0.000434	-0.000146	0.000945	0.899041	
0.000000	0.000000	1.500000	-0.002858	0.004356	0.000000	0.000000	0.000000	0.000000	0.000000	0.000000	0.000000	-0.065685	-0.043300	0.087411	-0.001547	0.000029	0.000379	0.000502	0.000482	-0.000078	-0.001789	-0.002536	-0.002942	-0.008146	-0.014368	0.296970	0.000194	-0.005909	0.000111	-0.000078	-0.001686	0.933313	
0.000000	0.000000	1.500000	-0.002905	0.004447	0.000000	0.000000	0.000000	0.000000	0.000000	0.000000	0.000000	-0.065691	-0.043296	0.087412	-0.001428	-0.000056	0.000418	-0.000164	0.000136	0.000033	0.003567	-0.002568	0.001156	-0.009119	-0.015057	0.296983	0.000755	-0.005455	-0.000216	0.000033	0.000662	0.966447	
0.000000	0.000000	1.500000	-0.002856	0.004328	0.000000	0.000000	0.000000	0.000000	0.000000	0.000000	0.000000	-0.065668	-0.043280	0.087370	-0.002112	-0.000207	0.000292	0.000684	0.000481	-0.001262	-0.020509	-0.004530	-0.003785	-0.005324	-0.016183	0.296718	-0.000114	-0.008066	-0.000792	-0.001262	-0.002169	0.999438	
0.000000	0.000000	1.500000	-0.003010	0.004565	0.000000	0.000000	0.000000	0.000000	0.000000	0.000000	0.000000	-0.065701	-0.043300	0.087423	-0.001504	0.000031	0.000474	-0.001009	-0.000624	0.001571	0.018236	0.007140	0.005480	-0.010510	-0.014622	0.297009	0.001400	-0.005744	0.000117	0.001571	0.003140	1.032801	
0.000000	0.000000	1.500000	-0.002864	0.004308	0.000000	0.000000	0.000000	0.000000	0.000000	0.000000	0.000000	-0.065674	-0.043286	0.087375	-0.002007	-0.000177	0.000289	0.000836	0.000421	-0.001430	-0.015088	-0.006220	-0.005552	-0.006481	-0.017071	0.297031	-0.000315	-0.007665	-0.000675	-0.001430	-0.003181	1.069670	
0.000000	0.000000	1.500000	-0.002962	0.004539	0.000000	0.000000	0.000000	0.000000	0.000000	0.000000	0.000000	-0.065701	-0.043296	0.087405	-0.001495	-0.000041	0.000413	-0.000828	-0.000280	0.000905	0.015347	0.004071	0.003709	-0.010663	-0.015925	0.296892	0.001051	-0.005711	-0.000157	0.000905	0.002125	1.099428	
0.000000	0.000000	1.500000	-0.002868	0.004232	0.000000	0.000000	0.000000	0.000000	0.000000	0.000000	0.000000	-0.065655	-0.043283	0.087360	-0.002166	-0.000203	0.000240	0.001387	0.000396	-0.001338	-0.020141	-0.004850	-0.005174	-0.005939	-0.017759	0.296875	-0.000383	-0.008275	-0.000774	-0.001338	-0.002964	1.134494	
0.000000	0.000000	1.500000	-0.002961	0.004762	0.000000	0.000000	0.000000	0.000000	0.000000	0.000000	0.000000	-0.065737	-0.043292	0.087358	-0.000940	-0.000260	0.000211	-0.002471	-0.000272	-0.000063	0.036808	-0.001725	-0.000881	-0.014365	-0.017897	0.296655	0.000042	-0.003589	-0.000994	-0.000063	-0.000505	1.167428	
0.000000	0.000000	1.500000	-0.002906	0.004206	0.000000	0.000000	0.000000	0.000000	0.000000	0.000000	0.000000	-0.065684	-0.043287	0.087369	-0.002148	-0.000202	0.000295	0.001612	0.000129	0.000308	-0.036266	0.001758	0.002516	-0.004971	-0.017867	0.296979	0.000635	-0.008206	-0.000770	0.000308	0.001441	1.202116	
0.000000	0.000000	1.500000	-0.003015	0.004456	0.000000	0.000000	0.000000	0.000000	0.000000	0.000000	0.000000	-0.065692	-0.043309	0.087352	-0.000899	-0.000240	0.000187	-0.000239	-0.000666	-0.000500	0.037494	-0.001149	-0.003244	-0.014860	-0.018455	0.296950	-0.000274	-0.003433	-0.000917	-0.000500	-0.001859	1.233442	
0.000000	0.000000	1.500000	-0.002814	0.004431	0.000000	0.000000	0.000000	0.000000	0.000000	0.000000	0.000000	-0.065693	-0.043282	0.087365	-0.000841	-0.000300	0.000180	-0.000044	0.000813	0.000379	0.001726	-0.001791	-0.000205	-0.012215	-0.019083	0.296963	0.000066	-0.003213	-0.001145	0.000379	-0.000117	1.267195	
0.000000	0.000000	1.500000	-0.002987	0.004445	0.000000	0.000000	0.000000	0.000000	0.000000	0.000000	0.000000	-0.065697	-0.043298	0.087408	-0.001610	0.000085	0.000426	-0.000128	-0.000456	0.001290	-0.023080	0.011550	0.007380	-0.007993	-0.016817	0.297372	0.001525	-0.006151	0.000326	0.001290	0.004228	1.299919	
0.000000	0.000000	1.500000	-0.002869	0.004303	0.000000	0.000000	0.000000	0.000000	0.000000	0.000000	0.000000	-0.065668	-0.043285	0.087369	-0.002144	-0.000234	0.000271	0.000871	0.000392	-0.001173	-0.015995	-0.009579	-0.004642	-0.007239	-0.020238	0.297111	-0.000217	-0.008188	-0.000894	-0.001173	-0.002660	1.336939	
0.000000	0.000000	1.500000	-0.002990	0.004496	0.000000	0.000000	0.000000	0.000000	0.000000	0.000000	0.000000	-0.065685	-0.043300	0.087417	-0.001545	0.000142	0.000477	-0.000503	-0.000478	0.001445	0.017966	0.011267	0.006182	-0.011935	-0.017209	0.297091	0.001535	-0.005901	0.000541	0.001445	0.003542	1.368958	
0.000000	0.000000	1.500000	-0.002834	0.004361	0.000000	0.000000	0.000000	0.000000	0.000000	0.000000	0.000000	-0.065670	-0.043279	0.087375	-0.002131	-0.000217	0.000259	0.000441	0.000642	-0.001243	-0.017599	-0.010754	-0.006554	-0.007419	-0.020871	0.297064	-0.000458	-0.008141	-0.000828	-0.001243	-0.003755	1.403854	
0.000000	0.000000	1.500000	-0.002882	0.004401	0.000000	0.000000	0.000000	0.000000	0.000000	0.000000	0.000000	-0.065665	-0.043269	0.087365	-0.002109	-0.000112	0.000262	0.000153	0.000290	-0.000306	0.000662	0.003159	0.000107	-0.009109	-0.019399	0.296667	0.000313	-0.008057	-0.000426	-0.000306	0.000061	1.434749	
0.000000	0.000000	1.500000	-0.003068	0.004493	0.000000	0.000000	0.000000	0.000000	0.000000	0.000000	0.000000	-0.065682	-0.043305	0.087400	-0.001650	0.000110	0.000448	-0.000492	-0.001057	0.001060	0.013788	0.006640	0.005558	-0.011672	-0.018600	0.297096	0.001394	-0.006301	0.000419	0.001060	0.003184	1.466997	
0.000000	0.000000	1.500000	-0.002837	0.004640	0.000000	0.000000	0.000000	0.000000	0.000000	0.000000	0.000000	-0.065735	-0.043284	0.087363	-0.000854	-0.000317	0.000119	-0.001587	0.000630	-0.001125	0.023886	-0.012813	-0.009850	-0.014985	-0.022185	0.297004	-0.001184	-0.003260	-0.001212	-0.001125	-0.005644	1.500026	
0.000000	0.000000	1.500000	-0.002864	0.004424	0.000000	0.000000	0.000000	0.000000	0.000000	0.000000	0.000000	-0.065734	-0.043269	0.087359	-0.000978	-0.000281	0.000148	0.000018	0.000435	-0.000120	-0.003726	0.001078	0.000851	-0.012350	-0.021025	0.296721	0.000126	-0.003735	-0.001075	-0.000120	0.000487	1.536563	
0.000000	0.000000	1.500000	-0.002994	0.004221	0.000000	0.000000	0.000000	0.000000	0.000000	0.000000	0.000000	-0.065683	-0.043286	0.087409	-0.001530	0.000138	0.000455	0.001519	-0.000511	0.001515	-0.016567	0.012581	0.009217	-0.009776	-0.018717	0.297254	0.001827	-0.005844	0.000527	0.001515	0.005281	1.566669	
0.000000	0.000000	1.500000	-0.002835	0.004655	0.000000	0.000000	0.000000	0.000000	0.000000	0.000000	0.000000	-0.065740	-0.043265	0.087347	-0.000943	-0.000212	0.000224	-0.001707	0.000628	-0.001879	0.017601	-0.010504	-0.006929	-0.014486	-0.022273	0.296971	-0.000587	-0.003603	-0.000811	-0.001879	-0.003970	1.599927	
0.000000	0.000000	1.500000	-0.002968	0.004241	0.000000	0.000000	0.000000	0.000000	0.000000	0.000000	0.000000	-0.065694	-0.043276	0.087414	-0.001512	0.000065	0.000490	0.001384	-0.000323	0.002017	-0.017056	0.008329	0.007980	-0.009980	-0.019872	0.297031	0.001764	-0.005775	0.000250	0.002017	0.004572	1.634697	
0.000000	0.000000	1.500000	-0.002896	0.004579	0.000000	0.000000	0.000000	0.000000	0.000000	0.000000	0.000000	-0.065732	-0.043270	0.087354	-0.000846	-0.000173	0.000215	-0.001145	0.000179	-0.001787	0.019971	-0.007144	-0.008255	-0.015145	-0.022267	0.297053	-0.000767	-0.003232	-0.000660	-0.001787	-0.004730	1.667403	
0.000000	0.000000	1.500000	-0.002994	0.004220	0.000000	0.000000	0.000000	0.000000	0.000000	0.000000	0.000000	-0.065681	-0.043287	0.087396	-0.001500	0.000035	0.000474	0.001527	-0.000514	0.001243	-0.019617	0.006233	0.007789	-0.010003	-0.020580	0.296894	0.001697	-0.005730	0.000134	0.001243	0.004462	1.700064	
0.000000	0.000000	1.500000	-0.002933	0.004437	0.000000	0.000000	0.000000	0.000000	0.000000	0.000000	0.000000	-0.065684	-0.043290	0.087398	-0.001519	0.000073	0.000416	-0.000089	-0.000072	0.000054	-0.000556	0.001123	-0.001758	-0.011682	-0.021054	0.297268	0.000462	-0.005800	0.000277	0.000054	-0.001007	1.733653	
0.000000	0.000000	1.500000	-0.002896	0.004454	0.000000	0.000000	0.000000	0.000000	0.000000	0.000000	0.000000	-0.065691	-0.043283	0.087396	-0.001394	0.000050	0.000442	-0.000213	0.000195	-0.000059	0.003727	-0.000680	0.000785	-0.012484	-0.021548	0.297061	0.000811	-0.005326	0.000190	-0.000059	0.000450	1.766645	
0.000000	0.000000	1.500000	-0.002967	0.004406	0.000000	0.000000	0.000000	0.000000	0.000000	0.000000	0.000000	-0.065687	-0.043294	0.087409	-0.001439	0.000061	0.000454	0.000142	-0.000325	0.000387	-0.001336	0.000341	0.000363	-0.012003	-0.021614	0.297089	0.000787	-0.005496	0.000234	0.000387	0.000208	1.800592	
0.000000	0.000000	1.500000	-0.002935	0.004418	0.000000	0.000000	0.000000	0.000000	0.000000	0.000000	0.000000	-0.065685	-0.043297	0.087405	-0.001485	-0.000005	0.000425	0.000049	-0.000086	-0.000122	-0.001379	-0.001995	-0.000874	-0.011974	-0.022235	0.297080	0.000569	-0.005671	-0.000020	-0.000122	-0.000501	1.833929	
0.000000	0.000000	1.500000	-0.002921	0.004417	0.000000	0.000000	0.000000	0.000000	0.000000	0.000000	0.000000	-0.065683	-0.043296	0.087404	-0.001524	0.000119	0.000492	0.000058	0.000013	-0.000006	-0.001177	0.003717	0.002021	-0.011957	-0.021452	0.296990	0.001060	-0.005821	0.000453	-0.000006	0.001158	1.866689	
0.000000	0.000000	1.500000	-0.002795	0.004320	0.000000	0.000000	0.000000	0.000000	0.000000	0.000000	0.000000	-0.065658	-0.043265	0.087368	-0.002267	-0.000162	0.000257	0.000743	0.000925	-0.001078	-0.022282	-0.008425	-0.007055	0.000000	0.000000	1.000000	-0.000000	-0.008658	-0.000620	-0.001078	-0.004042	1.900818	
0.000000	0.000000	1.500000	-0.002947	0.004528	0.000000	0.000000	0.000000	0.000000	0.000000	0.000000	0.000000	-0.065684	-0.043271	0.087398	-0.001526	0.000119	0.000440	-0.000754	-0.000181	0.000891	0.022231	0.008433	0.005504	0.000000	0.000000	1.000000	-0.000000	-0.005828	0.000454	0.000891	0.003153	1.934839	
0.000000	0.000000	1.500000	-0.003006	0.004404	0.000000	0.000000	0.000000	0.000000	0.000000	0.000000	0.000000	-0.065678	-0.043292	0.087409	-0.001548	0.000093	0.000422	0.000155	-0.000608	0.000336	-0.000664	-0.000766	-0.000561	0.000000	0.000000	1.000000	-0.000000	-0.005912	0.000356	0.000336	-0.000322	1.967630	
0.000000	0.000000	1.500000	-0.002910	0.004465	0.000000	0.000000	0.000000	0.000000	0.000000	0.000000	0.000000	-0.065688	-0.043289	0.087422	-0.001577	0.000182	0.000433	-0.000293	0.000096	0.000379	-0.000884	0.002656	0.000329	0.000000	0.000000	-0.000000	-0.000000	-0.006025	0.000695	0.000379	0.000188	2.000447	
0.000000	0.000000	1.500000	-0.002842	0.004595	0.000000	0.000000	0.000000	0.000000	0.000000	0.000000	0.000000	-0.065730	-0.043269	0.087365	-0.000876	-0.000175	0.000120	-0.001267	0.000581	-0.001722	0.021047	-0.010720	-0.009387	0.000000	0.000000	-0.000000	-0.000000	-0.003345	-0.000670	-0.001722	-0.005379	2.036117	
0.000000	0.000000	1.500000	-0.002990	0.004239	0.000000	0.000000	0.000000	0.000000	0.000000	0.000000	0.000000	-0.065684	-0.043285	0.087418	-0.001456	0.000109	0.000463	0.001395	-0.000487	0.001593	-0.017409	0.008524	0.010283	0.000000	0.000000	-1.000000	-0.000000	-0.005562	0.000415	0.001593	0.005892	2.067275	
0.000000	0.000000	1.500000	-0.002848	0.004305	0.000000	0.000000	0.000000	0.000000	0.000000	0.000000	0.000000	-0.065656	-0.043268	0.087354	-0.002163	-0.000275	0.000249	0.000836	0.000532	-0.001905	-0.021219	-0.011515	-0.006395	0.000000	0.000000	-1.000000	-0.000000	-0.008263	-0.001051	-0.001905	-0.003664	2.100252	
0.000000	0.000000	1.500000	-0.003004	0.004522	0.000000	0.000000	0.000000	0.000000	0.000000	0.000000	0.000000	-0.065679	-0.043287	0.087409	-0.001578	0.000095	0.000451	-0.000699	-0.000584	0.001652	0.017557	0.011106	0.006044	0.000000	0.000000	-1.000000	-0.000000	-0.006028	0.000363	0.001652	0.003463	2.133746	
0.000000	0.000000	1.500000	-0.002929	0.004450	0.000000	0.000000	0.000000	0.000000	0.000000	0.000000	0.000000	-0.065685	-0.043289	0.087412	-0.001559	0.000038	0.000412	-0.000185	-0.000043	0.000083	0.000559	-0.001711	-0.001167	0.000000	0.000000	-0.000000	-0.000000	-0.005956	0.000145	0.000083	-0.000669	2.167382	
0.000000	0.000000	1.500000	-0.002910	0.004404	0.000000	0.000000	0.000000	0.000000	0.000000	0.000000	0.000000	-0.065680	-0.043285	0.087415	-0.001545	0.000169	0.000461	0.000152	0.000093	0.000086	0.000442	0.003924	0.001465	0.000000	0.000000	-0.000000	-0.000000	-0.005900	0.000645	0.000086	0.000840	2.200333	
0.000000	0.000000	1.500000	-0.002932	0.004436	0.000000	0.000000	0.000000	0.000000	0.000000	0.000000	0.000000	-0.065683	-0.043288	0.087410	-0.001643	0.000103	0.000475	-0.000084	-0.000070	-0.000157	-0.002956	-0.001986	0.000437	0.000000	0.000000	0.890700	-0.000000	-0.006277	0.000392	-0.000157	0.000250	2.234560	
0.000000	0.000000	1.500000	-0.002930	0.004466	0.000000	0.000000	0.000000	0.000000	0.000000	0.000000	0.000000	-0.065693	-0.043290	0.087422	-0.001518	0.000106	0.000436	-0.000299	-0.000052	0.000387	0.003747	0.000107	-0.001170	0.000000	0.000000	1.000000	-0.000000	-0.005799	0.000405	0.000387	-0.000670	2.267791	
0.000000	0.000000	1.500000	-0.002906	0.004426	0.000000	0.000000	0.000000	0.000000	0.000000	0.000000	0.000000	-0.065693	-0.043286	0.087412	-0.001543	0.000071	0.000441	-0.000008	0.000117	-0.000317	-0.000730	-0.001045	0.000154	0.000000	0.000000	1.000000	-0.000000	-0.005892	0.000272	-0.000317	0.000088	2.300279	
0.000000	0.000000	1.500000	-0.002796	0.004292	0.000000	0.000000	0.000000	0.000000	0.000000	0.000000	0.000000	-0.065662	-0.043256	0.087349	-0.002100	-0.000203	0.000277	0.000936	0.000904	-0.001883	-0.016721	-0.008238	-0.004924	0.000000	0.000000	0.703200	-0.000000	-0.008021	-0.000777	-0.001883	-0.002821	2.334010	
0.000000	0.000000	1.500000	-0.003119	0.004511	0.000000	0.000000	0.000000	0.000000	0.000000	0.000000	0.000000	-0.065682	-0.043303	0.087420	-0.001501	0.000117	0.000480	-0.000605	-0.001425	0.002116	0.017981	0.009618	0.006070	0.000000	0.000000	-0.000000	-0.000000	-0.005732	0.000448	0.002116	0.003478	2.367424	
0.000000	0.000000	1.500000	-0.002851	0.004582	0.000000	0.000000	0.000000	0.000000	0.000000	0.000000	0.000000	-0.065721	-0.043286	0.087378	-0.000899	-0.000193	0.000223	-0.001167	0.000520	-0.001262	0.018037	-0.009311	-0.007716	0.000000	0.000000	-1.000000	-0.000000	-0.003435	-0.000737	-0.001262	-0.004421	2.400445	
0.000000	0.000000	1.500000	-0.002965	0.004285	0.000000	0.000000	0.000000	0.000000	0.000000	0.000000	0.000000	-0.065686	-0.043296	0.087418	-0.001568	0.000038	0.000418	0.001047	-0.000300	0.001221	-0.020064	0.006917	0.005867	0.000000	0.000000	-1.000000	-0.000000	-0.005990	0.000143	0.001221	0.003361	2.434819	
0.000000	0.000000	1.500000	-0.002727	0.004458	0.000000	0.000000	0.000000	0.000000	0.000000	0.000000	0.000000	-0.065696	-0.043249	0.087314	-0.001485	-0.000533	0.000029	-0.000296	0.001412	-0.003124	0.002492	-0.017118	-0.011679	0.000000	0.000000	-1.000000	-0.000000	-0.005673	-0.002036	-0.003124	-0.006692	2.467528	
0.000000	0.000000	1.500000	-0.003030	0.004572	0.000000	0.000000	0.000000	0.000000	0.000000	0.000000	0.000000	-0.065731	-0.043275	0.087360	-0.000863	-0.000239	0.000163	-0.001055	-0.000779	0.001373	0.018658	0.008831	0.004027	0.000000	0.000000	-0.000000	-0.000000	-0.003297	-0.000912	0.001373	0.002307	2.500724	
0.000000	0.000000	1.500000	-0.002922	0.004220	0.000000	0.000000	0.000000	0.000000	0.000000	0.000000	0.000000	-0.065681	-0.043274	0.087401	-0.001624	-0.000000	0.000410	0.001526	0.000012	0.001219	-0.022832	0.007162	0.007412	0.000000	0.000000	-0.000000	-0.000000	-0.006204	-0.000000	0.001219	0.004247	2.534037	
0.000000	0.000000	1.500000	-0.003002	0.004419	0.000000	0.000000	0.000000	0.000000	0.000000	0.000000	0.000000	-0.065679	-0.043294	0.087409	-0.001612	0.000032	0.000431	0.000042	-0.000582	0.000254	0.000382	0.000948	0.000617	0.000000	0.000000	0.289100	-0.000000	-0.006156	0.000121	0.000254	0.000354	2.567440	
0.000000	0.000000	1.500000	-0.002823	0.004348	0.000000	0.000000	0.000000	0.000000	0.000000	0.000000	0.000000	-0.065662	-0.043270	0.087341	-0.002171	-0.000287	0.000260	0.000523	0.000710	-0.002039	-0.016798	-0.009556	-0.005120	0.000000	0.000000	1.000000	-0.000000	-0.008294	-0.001096	-0.002039	-0.002933	2.600757	
0.000000	0.000000	1.500000	-0.003057	0.004518	0.000000	0.000000	0.000000	0.000000	0.000000	0.000000	0.000000	-0.065684	-0.043302	0.087411	-0.001511	0.000167	0.000484	-0.000661	-0.000967	0.002098	0.019829	0.013604	0.006727	0.000000	0.000000	1.000000	-0.000000	-0.005770	0.000636	0.002098	0.003855	2.635190	
0.000000	0.000000	1.500000	-0.002880	0.004448	0.000000	0.000000	0.000000	0.000000	0.000000	0.000000	0.000000	-0.065689	-0.043292	0.087411	-0.001623	0.000086	0.000435	-0.000171	0.000313	-0.000016	-0.003374	-0.002427	-0.001486	0.000000	0.000000	-0.000000	-0.000000	-0.006199	0.000327	-0.000016	-0.000851	2.667978	
0.000000	0.000000	1.500000	-0.002725	0.004502	0.000000	0.000000	0.000000	0.000000	0.000000	0.000000	0.000000	-0.065710	-0.043244	0.087310	-0.001376	-0.000454	0.000046	-0.000612	0.001427	-0.003001	0.007416	-0.016202	-0.011649	0.000000	-1.000000	-0.000000	-0.000000	-0.005255	-0.001736	-0.003001	-0.006674	2.703536	
0.000000	0.000000	1.500000	-0.003119	0.004332	0.000000	0.000000	0.000000	0.000000	0.000000	0.000000	0.000000	-0.065686	-0.043291	0.087395	-0.001575	0.000047	0.000413	0.000722	-0.001420	0.002521	-0.005962	0.015048	0.011000	1.000000	-1.000000	-1.000000	-0.000000	-0.006014	0.000180	0.002521	0.006302	2.734167	
0.000000	0.000000	1.500000	-0.002956	0.004384	0.000000	0.000000	0.000000	0.000000	0.000000	0.000000	0.000000	-0.065676	-0.043299	0.087407	-0.001592	0.000027	0.000471	0.000303	-0.000239	0.000379	-0.000512	-0.000613	0.001724	1.000000	-1.000000	-1.000000	-0.000000	-0.006079	0.000102	0.000379	0.000988	2.768573	
0.000000	0.000000	1.500000	-0.002821	0.004667	0.000000	0.000000	0.000000	0.000000	0.000000	0.000000	0.000000	-0.065736	-0.043275	0.087352	-0.000878	-0.000234	0.000171	-0.001794	0.000734	-0.001641	0.021396	-0.007835	-0.008976	1.000000	-1.000000	-0.000000	-0.000000	-0.003355	-0.000895	-0.001641	-0.005143	2.803623	
0.000000	0.000000	1.500000	-0.003023	0.004282	0.000000	0.000000	0.000000	0.000000	0.000000	0.000000	0.000000	-0.065699	-0.043299	0.087405	-0.001512	0.000072	0.000452	0.001084	-0.000719	0.001571	-0.019013	0.009197	0.008409	1.000000	-1.000000	-0.000000	-0.000000	-0.005776	0.000276	0.001571	0.004818	2.837147	
0.000000	0.000000	1.500000	-0.002826	0.004554	0.000000	0.000000	0.000000	0.000000	0.000000	0.000000	0.000000	-0.065731	-0.043276	0.087362	-0.000817	-0.000284	0.000186	-0.000955	0.000700	-0.001296	0.020870	-0.010676	-0.007973	1.000000	-0.898500	-0.000000	-0.000000	-0.003119	-0.001084	-0.001296	-0.004568	2.868126	
0.000000	0.000000	1.500000	-0.002850	0.004445	0.000000	0.000000	0.000000	0.000000	0.000000	0.000000	0.000000	-0.065736	-0.043258	0.087359	-0.000874	-0.000219	0.000249	-0.000130	0.000526	-0.000074	-0.001739	0.001939	0.001907	0.000000	0.000000	0.531300	-0.000000	-0.003340	-0.000837	-0.000074	0.001093	2.901821	
0.000000	0.000000	1.500000	-0.002930	0.004193	0.000000	0.000000	0.000000	0.000000	0.000000	0.000000	0.000000	-0.065679	-0.043260	0.087367	-0.002078	-0.000266	0.000239	0.001703	-0.000060	0.000227	-0.036111	-0.001395	-0.000308	0.000000	0.000000	1.000000	-0.000000	-0.007938	-0.001014	0.000227	-0.000177	2.935665	
0.000000	0.000000	1.500000	-0.003012	0.004489	0.000000	0.000000	0.000000	0.000000	0.000000	0.000000	0.000000	-0.065694	-0.043282	0.087403	-0.001607	0.000005	0.000518	-0.000451	-0.000655	0.001094	0.014137	0.008124	0.008375	0.000000	0.000000	1.000000	-0.000000	-0.006138	0.000020	0.001094	0.004798	2.969409	
0.000000	0.000000	1.500000	-0.002843	0.004335	0.000000	0.000000	0.000000	0.000000	0.000000	0.000000	0.000000	-0.065673	-0.043263	0.087378	-0.002016	-0.000231	0.000297	0.000639	0.000570	-0.000770	-0.012263	-0.007082	-0.006646	0.000000	0.000000	0.656300	-0.000000	-0.007699	-0.000882	-0.000770	-0.003808	3.003622	
0.000000	0.000000	1.500000	-0.003053	0.004555	0.000000	0.000000	0.000000	0.000000	0.000000	0.000000	0.000000	-0.065704	-0.043295	0.087414	-0.001506	-0.000021	0.000394	-0.000939	-0.000950	0.001088	0.015301	0.006308	0.002903	0.000000	0.000000	-0.000000	-0.000000	-0.005751	-0.000079	0.001088	0.001664	3.034499	
0.000000	0.000000	1.500000	-0.002939	0.004414	0.000000	0.000000	0.000000	0.000000	0.000000	0.000000	0.000000	-0.065701	-0.043298	0.087414	-0.001627	0.000082	0.000424	0.000085	-0.000114	0.000002	-0.003642	0.003087	0.000913	0.000000	0.000000	-0.625000	-0.000000	-0.006215	0.000314	0.000002	0.000523	3.067654	
0.000000	0.000000	1.500000	-0.002854	0.004425	0.000000	0.000000	0.000000	0.000000	0.000000	0.000000	0.000000	-0.065701	-0.043282	0.087409	-0.001567	0.000062	0.000428	0.000004	0.000499	-0.000153	0.001802	-0.000611	0.000111	-0.476600	0.000000	-1.000000	-0.000000	-0.005985	0.000237	-0.000153	0.000064	3.101064	
0.000000	0.000000	1.500000	-0.002961	0.004439	0.000000	0.000000	0.000000	0.000000	0.000000	0.000000	0.000000	-0.065704	-0.043291	0.087414	-0.001569	0.000057	0.000455	-0.000092	-0.000278	0.000156	-0.000074	-0.000163	0.000825	-1.000000	0.000000	-0.835900	-0.000000	-0.005995	0.000216	0.000156	0.000472	3.138729	
0.000000	0.000000	1.500000	-0.002913	0.004357	0.000000	0.000000	0.000000	0.000000	0.000000	0.000000	0.000000	-0.065687	-0.043289	0.087406	-0.001503	0.000033	0.000426	0.000496	0.000069	-0.000252	0.001998	-0.000693	-0.000862	-1.000000	0.000000	-0.000000	-0.000000	-0.005740	0.000128	-0.000252	-0.000494	3.168037	
0.000000	0.000000	1.500000	-0.002960	0.004482	0.000000	0.000000	0.000000	0.000000	0.000000	0.000000	0.000000	-0.065701	-0.043298	0.087408	-0.001498	0.000066	0.000459	-0.000418	-0.000272	0.000065	0.000134	0.000989	0.000978	-1.000000	0.000000	-0.000000	-0.000000	-0.005723	0.000254	0.000065	0.000561	3.200888	
0.000000	0.000000	1.500000	-0.002860	0.004405	0.000000	0.000000	0.000000	0.000000	0.000000	0.000000	0.000000	-0.065696	-0.043283	0.087400	-0.001476	0.000060	0.000400	0.000149	0.000459	-0.000234	0.000658	-0.000185	-0.001783	-1.000000	0.000000	-0.000000	-0.000000	-0.005640	0.000230	-0.000234	-0.001022	3.234426	
0.000000	0.000000	1.500000	-0.002945	0.004458	0.000000	0.000000	0.000000	0.000000	0.000000	0.000000	0.000000	-0.065704	-0.043288	0.087409	-0.001446	0.000047	0.000395	-0.000232	-0.000164	0.000275	0.000911	-0.000400	-0.000153	-1.000000	-0.757800	0.461000	-0.000000	-0.005524	0.000179	0.000275	-0.000088	3.268032	
0.000000	0.000000	1.500000	-0.002890	0.004429	0.000000	0.000000	0.000000	0.000000	0.000000	0.000000	0.000000	-0.065705	-0.043280	0.087402	-0.001498	-0.000018	0.000433	-0.000024	0.000232	-0.000226	-0.001570	-0.001940	0.001153	-0.804700	-1.000000	1.000000	-0.000000	-0.005723	-0.000068	-0.000226	0.000661	3.304430	
0.000000	0.000000	1.500000	-0.002832	0.004486	0.000000	0.000000	0.000000	0.000000	0.000000	0.000000	0.000000	-0.065721	-0.043259	0.087298	-0.001526	-0.000577	-0.000032	-0.000489	0.000645	-0.003101	-0.000841	-0.016770	-0.013956	0.000000	-1.000000	-0.000000	-0.000000	-0.005831	-0.002203	-0.003101	-0.007996	3.339963	
0.000000	0.000000	1.500000	-0.002968	0.004471	0.000000	0.000000	0.000000	0.000000	0.000000	0.000000	0.000000	-0.065731	-0.043270	0.087357	-0.000923	-0.000170	0.000166	-0.000302	-0.000321	0.001760	0.018111	0.012215	0.005956	0.000000	-1.000000	-0.000000	-0.000000	-0.003525	-0.000648	0.001760	0.003412	3.371382	
0.000000	0.000000	1.500000	-0.003008	0.004293	0.000000	0.000000	0.000000	0.000000	0.000000	0.000000	0.000000	-0.065698	-0.043290	0.087413	-0.001668	0.000148	0.000423	0.001003	-0.000611	0.001680	-0.022350	0.009528	0.007694	0.445400	-1.000000	-0.929700	-0.000000	-0.006370	0.000565	0.001680	0.004408	3.406242	
0.000000	0.000000	1.500000	-0.002930	0.004434	0.000000	0.000000	0.000000	0.000000	0.000000	0.000000	0.000000	-0.065700	-0.043292	0.087407	-0.001600	0.000051	0.000475	-0.000063	-0.000057	-0.000162	0.002025	-0.002919	0.001578	0.711000	-1.000000	-1.000000	-0.000000	-0.006112	0.000194	-0.000162	0.000904	3.441196	
0.000000	0.000000	1.500000	-0.002895	0.004420	0.000000	0.000000	0.000000	0.000000	0.000000	0.000000	0.000000	-0.065699	-0.043285	0.087403	-0.001541	0.000050	0.000399	0.000041	0.000204	-0.000138	0.001785	-0.000033	-0.002290	0.773500	-1.000000	-1.000000	-0.000000	-0.005885	0.000189	-0.000138	-0.001312	3.472014	
0.000000	0.000000	1.500000	-0.002828	0.004359	0.000000	0.000000	0.000000	0.000000	0.000000	0.000000	0.000000	-0.065683	-0.043262	0.087359	-0.002099	-0.000261	0.000226	0.000459	0.000684	-0.001304	-0.016746	-0.009329	-0.005181	0.000000	-1.000000	-1.000000	-0.000000	-0.008017	-0.000998	-0.001304	-0.002969	3.505632	
0.000000	0.000000	1.500000	-0.002925	0.004654	0.000000	0.000000	0.000000	0.000000	0.000000	0.000000	0.000000	-0.065739	-0.043263	0.087346	-0.000894	-0.000267	0.000188	-0.001676	-0.000028	-0.000411	0.036136	-0.000170	-0.001149	-0.018857	-0.027383	0.296539	-0.000012	-0.003416	-0.001020	-0.000411	-0.000658	3.538492	
0.000000	0.000000	1.500000	-0.002998	0.004249	0.000000	0.000000	0.000000	0.000000	0.000000	0.000000	0.000000	-0.065695	-0.043281	0.087407	-0.001652	0.000030	0.000399	0.001326	-0.000544	0.001831	-0.022724	0.008907	0.006319	-0.011772	-0.025649	0.297219	0.001347	-0.006310	0.000114	0.001831	0.003621	3.573828	
0.000000	0.000000	1.500000	-0.002979	0.004436	0.000000	0.000000	0.000000	0.000000	0.000000	0.000000	0.000000	-0.065697	-0.043295	0.087411	-0.001519	0.000031	0.000438	-0.000078	-0.000412	0.000143	0.004001	0.000035	0.001166	-0.014452	-0.026435	0.297496	0.000855	-0.005800	0.000118	0.000143	0.000668	3.605925	
0.000000	0.000000	1.500000	-0.002808	0.004330	0.000000	0.000000	0.000000	0.000000	0.000000	0.000000	0.000000	-0.065675	-0.043267	0.087362	-0.002125	-0.000304	0.000279	0.000671	0.000830	-0.001484	-0.018181	-0.010044	-0.004764	-0.010863	-0.028588	0.296810	-0.000208	-0.008115	-0.001160	-0.001484	-0.002729	3.639085	
0.000000	0.000000	1.500000	-0.003003	0.004475	0.000000	0.000000	0.000000	0.000000	0.000000	0.000000	0.000000	-0.065687	-0.043287	0.087401	-0.001675	0.000032	0.000437	-0.000352	-0.000583	0.001178	0.013496	0.010067	0.004737	-0.014796	-0.025512	0.296891	0.001271	-0.006397	0.000121	0.001178	0.002714	3.672148	
0.000000	0.000000	1.500000	-0.002970	0.004436	0.000000	0.000000	0.000000	0.000000	0.000000	0.000000	0.000000	-0.065690	-0.043298	0.087406	-0.001589	0.000001	0.000429	-0.000081	-0.000342	0.000131	0.002581	-0.000921	-0.000241	-0.014193	-0.026753	0.297270	0.000672	-0.006068	0.000004	0.000131	-0.000138	3.706725	
0.000000	0.000000	1.500000	-0.002750	0.004539	0.000000	0.000000	0.000000	0.000000	0.000000	0.000000	0.000000	-0.065719	-0.043256	0.087311	-0.001416	-0.000477	0.000024	-0.000876	0.001250	-0.002842	0.005193	-0.014333	-0.012139	-0.014926	-0.029650	0.296444	-0.001675	-0.005407	-0.001821	-0.002842	-0.006955	3.741478	
0.000000	0.000000	1.500000	-0.002989	0.004509	0.000000	0.000000	0.000000	0.000000	0.000000	0.000000	0.000000	-0.065738	-0.043272	0.087345	-0.000834	-0.000311	0.000192	-0.000586	-0.000480	0.001011	0.017460	0.004971	0.005047	-0.017570	-0.027286	0.296463	0.000722	-0.003184	-0.001188	0.001011	0.002892	3.773461	
0.000000	0.000000	1.500000	-0.003023	0.004231	0.000000	0.000000	0.000000	0.000000	0.000000	0.000000	0.000000	-0.065690	-0.043296	0.087407	-0.001485	0.000021	0.000456	0.001459	-0.000720	0.001873	-0.019534	0.009945	0.007915	-0.012643	-0.025740	0.297531	0.001684	-0.005671	0.000078	0.001873	0.004535	3.806860	
0.000000	0.000000	1.500000	-0.002984	0.004446	0.000000	0.000000	0.000000	0.000000	0.000000	0.000000	0.000000	-0.065695	-0.043311	0.087411	-0.001611	0.000030	0.000490	-0.000152	-0.000440	0.000116	-0.003779	0.000271	0.001013	-0.013644	-0.026592	0.297571	0.000975	-0.006152	0.000113	0.000116	0.000580	3.838733	
0.000000	0.000000	1.500000	-0.002860	0.004567	0.000000	0.000000	0.000000	0.000000	0.000000	0.000000	0.000000	-0.065730	-0.043296	0.087359	-0.000774	-0.000294	0.000168	-0.001056	0.000457	-0.001571	0.025086	-0.009692	-0.009648	-0.018486	-0.028693	0.296799	-0.001040	-0.002958	-0.001121	-0.001571	-0.005528	3.872776	
0.000000	0.000000	1.500000	-0.002883	0.004418	0.000000	0.000000	0.000000	0.000000	0.000000	0.000000	0.000000	-0.065728	-0.043286	0.087361	-0.000863	-0.000250	0.000242	0.000063	0.000297	0.000067	-0.002664	0.001295	0.002225	-0.015863	-0.027551	0.296616	0.000510	-0.003297	-0.000956	0.000067	0.001275	3.905609	
0.000000	0.000000	1.500000	-0.002946	0.004497	0.000000	0.000000	0.000000	0.000000	0.000000	0.000000	0.000000	-0.065745	-0.043291	0.087372	-0.000780	-0.000185	0.000237	-0.000502	-0.000163	0.000324	0.002501	0.001976	-0.000148	-0.016538	-0.027257	0.297000	0.000234	-0.002979	-0.000705	0.000324	-0.000085	3.939026	
0.000000	0.000000	1.500000	-0.002754	0.004331	0.000000	0.000000	0.000000	0.000000	0.000000	0.000000	0.000000	-0.065722	-0.043251	0.087306	-0.001443	-0.000498	0.000008	0.000674	0.001222	-0.001959	-0.019896	-0.009400	-0.006885	-0.012763	-0.029442	0.296627	-0.001080	-0.005512	-0.001902	-0.001959	-0.003945	3.972615	
0.000000	0.000000	1.500000	-0.003146	0.004290	0.000000	0.000000	0.000000	0.000000	0.000000	0.000000	0.000000	-0.065687	-0.043304	0.087430	-0.001586	0.000152	0.000409	0.001045	-0.001600	0.003709	-0.004277	0.019486	0.012030	-0.013606	-0.024457	0.297318	0.002066	-0.006057	0.000579	0.003709	0.006892	4.006728	
0.000000	0.000000	1.500000	-0.002818	0.004340	0.000000	0.000000	0.000000	0.000000	0.000000	0.000000	0.000000	-0.065668	-0.043279	0.087365	-0.002141	-0.000215	0.000253	0.000581	0.000755	-0.001950	-0.016651	-0.010991	-0.004675	-0.011099	-0.028622	0.297465	-0.000220	-0.008177	-0.000820	-0.001950	-0.002679	4.038691	
0.000000	0.000000	1.500000	-0.002954	0.004528	0.000000	0.000000	0.000000	0.000000	0.000000	0.000000	0.000000	-0.065693	-0.043286	0.087399	-0.001419	0.000007	0.000461	-0.000747	-0.000227	0.001011	0.021652	0.006659	0.006248	-0.016335	-0.026185	0.296899	0.001542	-0.005420	0.000028	0.001011	0.003580	4.072380	
0.000000	0.000000	1.500000	-0.002935	0.004425	0.000000	0.000000	0.000000	0.000000	0.000000	0.000000	0.000000	-0.065692	-0.043289	0.087417	-0.001501	0.000066	0.000433	0.000010	-0.000088	0.000561	-0.002471	0.001768	-0.000849	-0.014108	-0.026547	0.297333	0.000649	-0.005735	0.000253	0.000561	-0.000487	4.106566	
0.000000	0.000000	1.500000	-0.002956	0.004400	0.000000	0.000000	0.000000	0.000000	0.000000	0.000000	0.000000	-0.065686	-0.043297	0.087422	-0.001479	0.000018	0.000394	0.000179	-0.000241	0.000126	0.000659	-0.001446	-0.001157	-0.014444	-0.027023	0.297232	0.000512	-0.005651	0.000069	0.000126	-0.000663	4.139270	
0.000000	0.000000	1.500000	-0.002889	0.004461	0.000000	0.000000	0.000000	0.000000	0.000000	0.000000	0.000000	-0.065695	-0.043289	0.087414	-0.001604	0.000042	0.000380	-0.000265	0.000251	-0.000215	-0.003732	0.000718	-0.000434	-0.013734	-0.026746	0.297033	0.000555	-0.006126	0.000160	-0.000215	-0.000249	4.172622	
0.000000	0.000000	1.500000	-0.002825	0.004319	0.000000	0.000000	0.000000	0.000000	0.000000	0.000000	0.000000	-0.065671	-0.043266	0.087356	-0.002201	-0.000247	0.000219	0.000743	0.000701	-0.001759	-0.017916	-0.008664	-0.004818	-0.010814	-0.028649	0.296560	-0.000335	-0.008407	-0.000943	-0.001759	-0.002761	4.205909	
0.000000	0.000000	1.500000	-0.002942	0.004683	0.000000	0.000000	0.000000	0.000000	0.000000	0.000000	0.000000	-0.065733	-0.043270	0.087365	-0.000898	-0.000267	0.000179	-0.001887	-0.000139	0.000268	0.039084	-0.000599	-0.001220	-0.019295	-0.027895	0.296563	-0.000016	-0.003431	-0.001019	0.000268	-0.000699	4.240605	
0.000000	0.000000	1.500000	-0.002988	0.004444	0.000000	0.000000	0.000000	0.000000	0.000000	0.000000	0.000000	-0.065737	-0.043286	0.087362	-0.000921	-0.000249	0.000193	-0.000121	-0.000480	-0.000087	-0.000683	0.000536	0.000438	-0.015934	-0.027857	0.296940	0.000215	-0.003518	-0.000951	-0.000087	0.000251	4.272682	
0.000000	0.000000	1.500000	-0.002871	0.004172	0.000000	0.000000	0.000000	0.000000	0.000000	0.000000	0.000000	-0.065675	-0.043274	0.087361	-0.002047	-0.000233	0.000340	0.001859	0.000377	-0.000033	-0.033788	0.000483	0.004386	-0.009961	-0.027777	0.296961	0.001021	-0.007820	-0.000889	-0.000033	0.002513	4.306732	
0.000000	0.000000	1.500000	-0.002974	0.004445	0.000000	0.000000	0.000000	0.000000	0.000000	0.000000	0.000000	-0.065680	-0.043286	0.087369	-0.002079	-0.000193	0.000300	-0.000151	-0.000375	0.000240	-0.000969	0.001181	-0.001175	-0.012600	-0.027491	0.297040	0.000292	-0.007943	-0.000739	0.000240	-0.000673	4.340398	
0.000000	0.000000	1.500000	-0.002925	0.004376	0.000000	0.000000	0.000000	0.000000	0.000000	0.000000	0.000000	-0.065669	-0.043287	0.087361	-0.002125	-0.000209	0.000297	0.000343	-0.000017	-0.000216	-0.001356	-0.000462	-0.000113	-0.012483	-0.027770	0.297015	0.000403	-0.008116	-0.000798	-0.000216	-0.000065	4.372266	
0.000000	0.000000	1.500000	-0.002984	0.004474	0.000000	0.000000	0.000000	0.000000	0.000000	0.000000	0.000000	-0.065681	-0.043301	0.087417	-0.001610	0.000149	0.000531	-0.000344	-0.000437	0.001658	0.015443	0.010747	0.007018	-0.015389	-0.025493	0.297332	0.001797	-0.006149	0.000571	0.001658	0.004021	4.405970	
0.000000	0.000000	1.500000	-0.002949	0.004434	0.000000	0.000000	0.000000	0.000000	0.000000	0.000000	0.000000	-0.065683	-0.043308	0.087409	-0.001496	0.000082	0.000462	-0.000077	-0.000189	-0.000229	0.003415	-0.002030	-0.002065	-0.014735	-0.027010	0.297398	0.000573	-0.005715	0.000312	-0.000229	-0.001183	4.441871	
0.000000	0.000000	1.500000	-0.002885	0.004439	0.000000	0.000000	0.000000	0.000000	0.000000	0.000000	0.000000	-0.065687	-0.043298	0.087409	-0.001472	0.000100	0.000425	-0.000108	0.000281	0.000006	0.000728	0.000564	-0.001093	-0.014583	-0.026710	0.297042	0.000587	-0.005622	0.000384	0.000006	-0.000626	4.472581	
0.000000	0.000000	1.500000	-0.002746	0.004504	0.000000	0.000000	0.000000	0.000000	0.000000	0.000000	0.000000	-0.065708	-0.043256	0.087303	-0.001398	-0.000504	0.000067	-0.000629	0.001275	-0.003187	0.002225	-0.018133	-0.010736	-0.014906	-0.030531	0.296285	-0.001391	-0.005339	-0.001925	-0.003187	-0.006151	4.506074	
0.000000	0.000000	1.500000	-0.003022	0.004347	0.000000	0.000000	0.000000	0.000000	0.000000	0.000000	0.000000	-0.065687	-0.043279	0.087407	-0.001318	0.000111	0.000454	0.000616	-0.000707	0.003125	0.002379	0.018452	0.011606	-0.015093	-0.024984	0.296830	0.002120	-0.005036	0.000424	0.003125	0.006650	4.539641	
0.000000	0.000000	1.500000	-0.002889	0.004331	0.000000	0.000000	0.000000	0.000000	0.000000	0.000000	0.000000	-0.065665	-0.043272	0.087352	-0.001998	-0.000220	0.000267	0.000652	0.000227	-0.001652	-0.020401	-0.009924	-0.005626	-0.011296	-0.028807	0.297289	-0.000305	-0.007633	-0.000839	-0.001652	-0.003223	4.572459	
0.000000	0.000000	1.500000	-0.002990	0.004433	0.000000	0.000000	0.000000	0.000000	0.000000	0.000000	0.000000	-0.065667	-0.043288	0.087391	-0.001517	0.000048	0.000391	-0.000059	-0.000488	0.001169	0.014428	0.008027	0.003721	-0.015595	-0.026168	0.296961	0.001070	-0.005796	0.000183	0.001169	0.002132	4.606006	
0.000000	0.000000	1.500000	-0.002829	0.004390	0.000000	0.000000	0.000000	0.000000	0.000000	0.000000	0.000000	-0.065660	-0.043265	0.087346	-0.002084	-0.000268	0.000209	0.000222	0.000678	-0.001356	-0.017008	-0.009464	-0.005455	-0.011354	-0.028946	0.296947	-0.000423	-0.007962	-0.001022	-0.001356	-0.003125	4.640613	
0.000000	0.000000	1.500000	-0.002875	0.004436	0.000000	0.000000	0.000000	0.000000	0.000000	0.000000	0.000000	-0.065663	-0.043254	0.087350	-0.002030	-0.000283	0.000228	-0.000095	0.000345	0.000131	0.001634	-0.000474	0.000561	-0.013046	-0.028114	0.296714	0.000310	-0.007754	-0.001082	0.000131	0.000321	4.672795	
0.000000	0.000000	1.500000	-0.003085	0.004523	0.000000	0.000000	0.000000	0.000000	0.000000	0.000000	0.000000	-0.065687	-0.043293	0.087397	-0.001448	0.000017	0.000464	-0.000704	-0.001185	0.001392	0.017470	0.008997	0.007102	-0.016068	-0.026225	0.297280	0.001647	-0.005529	0.000063	0.001392	0.004069	4.708176	
0.000000	0.000000	1.500000	-0.002884	0.004471	0.000000	0.000000	0.000000	0.000000	0.000000	0.000000	0.000000	-0.065698	-0.043284	0.087406	-0.001495	0.000018	0.000438	-0.000335	0.000288	0.000293	-0.001407	0.000049	-0.000786	-0.014418	-0.027141	0.297445	0.000668	-0.005709	0.000069	0.000293	-0.000451	4.740702	
0.000000	0.000000	1.500000	-0.002770	0.004528	0.000000	0.000000	0.000000	0.000000	0.000000	0.000000	0.000000	-0.065724	-0.043247	0.087315	-0.001541	-0.000592	0.000032	-0.000795	0.001097	-0.002736	-0.001396	-0.018313	-0.012178	-0.014241	-0.030941	0.296546	-0.001625	-0.005886	-0.002262	-0.002736	-0.006977	4.772874	
0.000000	0.000000	1.500000	-0.003097	0.004296	0.000000	0.000000	0.000000	0.000000	0.000000	0.000000	0.000000	-0.065691	-0.043289	0.087412	-0.001497	0.000055	0.000405	0.000990	-0.001258	0.002912	0.001312	0.019424	0.011169	-0.014550	-0.025173	0.296943	0.001965	-0.005719	0.000211	0.002912	0.006399	4.806075	
0.000000	0.000000	1.500000	-0.002728	0.004522	0.000000	0.000000	0.000000	0.000000	0.000000	0.000000	0.000000	-0.065716	-0.043243	0.087299	-0.001500	-0.000524	0.000037	-0.000758	0.001395	-0.003414	-0.000076	-0.017378	-0.011030	-0.014524	-0.030596	0.296865	-0.001470	-0.005729	-0.002002	-0.003414	-0.006320	4.841958	
0.000000	0.000000	1.500000	-0.003031	0.004281	0.000000	0.000000	0.000000	0.000000	0.000000	0.000000	0.000000	-0.065681	-0.043269	0.087359	-0.002079	-0.000269	0.000167	0.001073	-0.000785	0.001821	-0.017366	0.007646	0.003913	-0.011299	-0.027383	0.296618	0.000559	-0.007940	-0.001028	0.001821	0.002242	4.875248	
0.000000	0.000000	1.500000	-0.003043	0.004458	0.000000	0.000000	0.000000	0.000000	0.000000	0.000000	0.000000	-0.065688	-0.043298	0.087411	-0.001572	0.000091	0.000449	-0.000224	-0.000873	0.001540	0.015213	0.010819	0.008462	-0.015596	-0.025823	0.297672	0.001785	-0.006003	0.000349	0.001540	0.004848	4.909073	
0.000000	0.000000	1.500000	-0.002938	0.004347	0.000000	0.000000	0.000000	0.000000	0.000000	0.000000	0.000000	-0.065669	-0.043302	0.087399	-0.001501	-0.000059	0.000414	0.000562	-0.000113	-0.000343	0.002106	-0.004501	-0.001052	-0.014724	-0.027863	0.297424	0.000597	-0.005735	-0.000224	-0.000343	-0.000603	4.943236	
0.000000	0.000000	1.500000	-0.002750	0.004653	0.000000	0.000000	0.000000	0.000000	0.000000	0.000000	0.000000	-0.065726	-0.043260	0.087353	-0.000851	-0.000340	0.000197	-0.001692	0.001252	-0.001394	0.019497	-0.008444	-0.006527	-0.018040	-0.029144	0.296702	-0.000569	-0.003252	-0.001299	-0.001394	-0.003740	4.977515	
0.000000	0.000000	1.500000	-0.003108	0.004217	0.000000	0.000000	0.000000	0.000000	0.000000	0.000000	0.000000	-0.065674	-0.043305	0.087394	-0.001488	0.000048	0.000481	0.001545	-0.001348	0.001246	-0.019089	0.011649	0.008525	-0.012887	-0.026015	0.296902	0.001836	-0.005683	0.000184	0.001246	0.004884	5.008587	
0.000000	0.000000	1.500000	-0.002787	0.004692	0.000000	0.000000	0.000000	0.000000	0.000000	0.000000	0.000000	-0.065740	-0.043272	0.087352	-0.000930	-0.000300	0.000278	-0.001971	0.000987	-0.001261	0.016745	-0.010445	-0.006087	-0.017615	-0.029200	0.296970	-0.000337	-0.003551	-0.001146	-0.001261	-0.003488	5.041819	
0.000000	0.000000	1.500000	-0.002838	0.004280	0.000000	0.000000	0.000000	0.000000	0.000000	0.000000	0.000000	-0.065705	-0.043252	0.087295	-0.001455	-0.000601	0.000053	0.001047	0.000601	-0.001721	-0.015775	-0.009032	-0.006738	-0.013271	-0.030196	0.296318	-0.000945	-0.005559	-0.002296	-0.001721	-0.003861	5.075176	
0.000000	0.000000	1.500000	-0.003159	0.004355	0.000000	0.000000	0.000000	0.000000	0.000000	0.000000	0.000000	-0.065687	-0.043309	0.087411	-0.001531	0.000008	0.000425	0.000559	-0.001703	0.003471	-0.002266	0.018272	0.011160	-0.014187	-0.025426	0.297246	0.002014	-0.005848	0.000031	0.003471	0.006394	5.108780	
0.000000	0.000000	1.500000	-0.002800	0.004577	0.000000	0.000000	0.000000	0.000000	0.000000	0.000000	0.000000	-0.065724	-0.043279	0.087367	-0.000852	-0.000345	0.000118	-0.001135	0.000899	-0.001300	0.020369	-0.010590	-0.009233	-0.018153	-0.029405	0.297541	-0.001077	-0.003254	-0.001318	-0.001300	-0.005290	5.142990	
0.000000	0.000000	1.500000	-0.002919	0.004479	0.000000	0.000000	0.000000	0.000000	0.000000	0.000000	0.000000	-0.065737	-0.043278	0.087369	-0.000815	-0.000264	0.000215	-0.000378	0.000027	0.000051	0.001119	0.002420	0.002914	-0.016544	-0.027947	0.296844	0.000561	-0.003112	-0.001010	0.000051	0.001670	5.175447	
0.000000	0.000000	1.500000	-0.002769	0.004344	0.000000	0.000000	0.000000	0.000000	0.000000	0.000000	0.000000	-0.065718	-0.043241	0.087313	-0.001416	-0.000632	-0.000040	0.000575	0.001111	-0.001668	-0.018027	-0.011028	-0.007630	-0.013218	-0.030458	0.296596	-0.001248	-0.005407	-0.002414	-0.001668	-0.004372	5.208982	
0.000000	0.000000	1.500000	-0.002991	0.004492	0.000000	0.000000	0.000000	0.000000	0.000000	0.000000	0.000000	-0.065734	-0.043258	0.087312	-0.001440	-0.000561	0.000030	-0.000486	-0.000507	-0.000044	-0.000725	0.002134	0.002078	-0.014550	-0.028894	0.296523	0.000043	-0.005499	-0.002142	-0.000044	0.001191	5.242223	
0.000000	0.000000	1.500000	-0.003111	0.004289	0.000000	0.000000	0.000000	0.000000	0.000000	0.000000	0.000000	-0.065699	-0.043303	0.087409	-0.001494	0.000014	0.000470	0.001049	-0.001358	0.002918	-0.001630	0.017253	0.013202	-0.014376	-0.025569	0.297544	0.002396	-0.005707	0.000055	0.002918	0.007564	5.278944	
0.000000	0.000000	1.500000	-0.002756	0.004614	0.000000	0.000000	0.000000	0.000000	0.000000	0.000000	0.000000	-0.065746	-0.043263	0.087360	-0.000771	-0.000264	0.000184	-0.001397	0.001209	-0.001459	0.021699	-0.008360	-0.008586	-0.018478	-0.028922	0.297449	-0.000805	-0.002944	-0.001010	-0.001459	-0.004919	5.312157	
0.000000	0.000000	1.500000	-0.003056	0.004194	0.000000	0.000000	0.000000	0.000000	0.000000	0.000000	0.000000	-0.065688	-0.043295	0.087417	-0.001625	0.000057	0.000432	0.001725	-0.000967	0.001702	-0.025635	0.009641	0.007459	-0.011939	-0.026214	0.297164	0.001624	-0.006208	0.000218	0.001702	0.004274	5.342243	
0.000000	0.000000	1.500000	-0.002914	0.004434	0.000000	0.000000	0.000000	0.000000	0.000000	0.000000	0.000000	-0.065691	-0.043293	0.087408	-0.001588	0.000049	0.000410	-0.000073	0.000067	-0.000278	0.001116	-0.000237	-0.000663	-0.014383	-0.027091	0.297358	0.000641	-0.006066	0.000187	-0.000278	-0.000380	5.375937	
0.000000	0.000000	1.500000	-0.002878	0.004611	0.000000	0.000000	0.000000	0.000000	0.000000	0.000000	0.000000	-0.065737	-0.043282	0.087352	-0.000879	-0.000270	0.000156	-0.001379	0.000318	-0.001682	0.021287	-0.009571	-0.007613	-0.018092	-0.029104	0.296636	-0.000784	-0.003356	-0.001031	-0.001682	-0.004362	5.408962	
0.000000	0.000000	1.500000	-0.002966	0.004283	0.000000	0.000000	0.000000	0.000000	0.000000	0.000000	0.000000	-0.065701	-0.043292	0.087403	-0.001482	0.000094	0.000460	0.001074	-0.000303	0.001532	-0.018089	0.010927	0.009107	-0.013023	-0.025982	0.296887	0.001862	-0.005659	0.000360	0.001532	0.005218	5.444890	
0.000000	0.000000	1.500000	-0.002912	0.004384	0.000000	0.000000	0.000000	0.000000	0.000000	0.000000	0.000000	-0.065690	-0.043289	0.087413	-0.001590	0.000080	0.000414	0.000307	0.000084	0.000314	-0.003244	-0.000422	-0.001372	-0.013990	-0.027058	0.297391	0.000551	-0.006072	0.000306	0.000314	-0.000786	5.475990	
0.000000	0.000000	1.500000	-0.002875	0.004587	0.000000	0.000000	0.000000	0.000000	0.000000	0.000000	0.000000	-0.065731	-0.043278	0.087349	-0.000838	-0.000272	0.000190	-0.001209	0.000333	-0.001932	0.022562	-0.010568	-0.006734	-0.018311	-0.029223	0.296720	-0.000624	-0.003199	-0.001039	-0.001932	-0.003858	15.599930	
0.000000	0.000000	1.000000	-0.003010	0.004279	0.000000	0.000000	0.000000	0.000000	0.000000	0.000000	0.000000	-0.065679	-0.043288	0.087400	-0.001436	0.000117	0.000447	0.001557	-0.000303	0.001524	-0.017958	0.011679	0.007708	-0.013139	-0.025844	0.280367	0.001664	-0.005486	0.000448	0.001524	0.004417	15.624598	
0.000000	0.000000	1.000000	-0.002874	0.004430	0.000000	0.000000	0.000000	0.000000	0.000000	0.000000	0.000000	-0.065665	-0.043266	0.087362	-0.002022	-0.000180	0.000242	0.000414	0.000657	-0.001139	-0.017585	-0.008921	-0.006139	-0.011519	-0.028783	0.284631	-0.000428	-0.007725	-0.000688	-0.001139	-0.003517	15.656846	
0.000000	0.000000	1.000000	-0.002931	0.004487	0.000000	0.000000	0.000000	0.000000	0.000000	0.000000	0.000000	-0.065665	-0.043258	0.087366	-0.002070	-0.000225	0.000205	0.000013	0.000254	0.000124	-0.001421	-0.001360	-0.001100	-0.012730	-0.028231	0.285289	0.000061	-0.007906	-0.000861	0.000124	-0.000630	15.689972	
0.000000	0.000000	1.000000	-0.003061	0.004570	0.000000	0.000000	0.000000	0.000000	0.000000	0.000000	0.000000	-0.065683	-0.043281	0.087408	-0.001528	0.000077	0.000414	-0.000556	-0.000680	0.001249	0.016263	0.009074	0.006265	-0.015830	-0.026238	0.285979	0.001437	-0.005835	0.000294	0.001249	0.003590	15.723595	
0.000000	0.000000	1.000000	-0.003003	0.004533	0.000000	0.000000	0.000000	0.000000	0.000000	0.000000	0.000000	-0.065693	-0.043290	0.087397	-0.001516	0.000071	0.000474	-0.000304	-0.000272	-0.000303	0.000362	-0.000166	0.001788	-0.014572	-0.027223	0.286047	0.001056	-0.005789	0.000273	-0.000303	0.001025	15.757701	
0.000000	0.000000	1.000000	-0.002813	0.004559	0.000000	0.000000	0.000000	0.000000	0.000000	0.000000	0.000000	-0.065711	-0.043253	0.087321	-0.001415	-0.000455	0.000028	-0.000526	0.001089	-0.002280	0.003026	-0.015802	-0.013374	-0.015098	-0.030525	0.285266	-0.001792	-0.005404	-0.001739	-0.002280	-0.007663	15.792064	
0.000000	0.000000	1.000000	-0.003120	0.004411	0.000000	0.000000	0.000000	0.000000	0.000000	0.000000	0.000000	-0.065690	-0.043290	0.087409	-0.001548	0.000127	0.000475	0.000625	-0.001093	0.002638	-0.004004	0.017458	0.013396	-0.014058	-0.025369	0.285738	0.002398	-0.005913	0.000484	0.002638	0.007675	15.824937	
0.000000	0.000000	1.000000	-0.002960	0.004506	0.000000	0.000000	0.000000	0.000000	0.000000	0.000000	0.000000	-0.065694	-0.043288	0.087403	-0.001423	0.000068	0.000489	-0.000104	0.000042	-0.000202	0.003753	-0.001774	0.000427	-0.015183	-0.027435	0.286331	0.000931	-0.005436	0.000258	-0.000202	0.000245	15.856775	
0.000000	0.000000	1.000000	-0.002975	0.004475	0.000000	0.000000	0.000000	0.000000	0.000000	0.000000	0.000000	-0.065690	-0.043290	0.087408	-0.001553	0.000097	0.000400	0.000120	-0.000057	0.000162	-0.003886	0.000876	-0.002661	-0.014135	-0.027125	0.285901	0.000349	-0.005930	0.000369	0.000162	-0.001525	15.891285	
0.000000	0.000000	1.000000	-0.002971	0.004477	0.000000	0.000000	0.000000	0.000000	0.000000	0.000000	0.000000	-0.065686	-0.043291	0.087402	-0.001525	0.000069	0.000474	0.000101	-0.000033	-0.000179	0.000821	-0.000845	0.002225	-0.014631	-0.027403	0.285809	0.001087	-0.005826	0.000262	-0.000179	0.001275	15.924539	
0.000000	0.000000	1.000000	-0.002852	0.004471	0.000000	0.000000	0.000000	0.000000	0.000000	0.000000	0.000000	-0.065682	-0.043264	0.087394	-0.001562	0.000106	0.000458	0.000137	0.000815	-0.000255	-0.001113	0.001128	-0.000499	-0.014370	-0.027106	0.285693	0.000725	-0.005968	0.000406	-0.000255	-0.000286	15.957025	
0.000000	0.000000	1.000000	-0.003025	0.004479	0.000000	0.000000	0.000000	0.000000	0.000000	0.000000	0.000000	-0.065679	-0.043278	0.087389	-0.002110	-0.000221	0.000231	0.000080	-0.000423	-0.000144	-0.016419	-0.009814	-0.006808	-0.011449	-0.029284	0.285675	-0.000560	-0.008058	-0.000844	-0.000144	-0.003901	15.991704	
0.000000	0.000000	1.000000	-0.002985	0.004505	0.000000	0.000000	0.000000	0.000000	0.000000	0.000000	0.000000	-0.065682	-0.043283	0.087406	-0.001452	0.000069	0.000355	-0.000096	-0.000129	0.000518	0.019717	0.008690	0.003721	-0.016482	-0.026522	0.285843	0.000970	-0.005548	0.000262	0.000518	0.002132	16.024218	
0.000000	0.000000	1.000000	-0.002928	0.004671	0.000000	0.000000	0.000000	0.000000	0.000000	0.000000	0.000000	-0.065726	-0.043274	0.087356	-0.001610	0.000188	0.000428	-0.001313	0.000260	-0.001500	-0.004732	0.003577	0.002185	-0.013955	-0.026658	0.285581	0.000964	-0.006150	0.000718	-0.001500	0.001252	16.057297	
0.000000	0.000000	1.000000	-0.002928	0.004185	0.000000	0.000000	0.000000	0.000000	0.000000	0.000000	0.000000	-0.065653	-0.043265	0.087337	-0.002021	-0.000156	0.000275	0.002196	0.000269	-0.000581	-0.012315	-0.010316	-0.004587	-0.012112	-0.029251	0.285268	-0.000192	-0.007718	-0.000596	-0.000581	-0.002628	16.090766	
0.000000	0.000000	1.000000	-0.002875	0.004699	0.000000	0.000000	0.000000	0.000000	0.000000	0.000000	0.000000	-0.065704	-0.043244	0.087303	-0.001382	-0.000447	0.000093	-0.001530	0.000642	-0.001011	0.019154	-0.008724	-0.005452	-0.016640	-0.029917	0.285309	-0.000743	-0.005279	-0.001706	-0.001011	-0.003124	16.124054	
0.000000	0.000000	1.000000	-0.003183	0.004392	0.000000	0.000000	0.000000	0.000000	0.000000	0.000000	0.000000	-0.065678	-0.043295	0.087412	-0.001540	0.000088	0.000401	0.000761	-0.001537	0.003283	-0.004742	0.016046	0.009229	-0.014133	-0.025862	0.286182	0.001717	-0.005883	0.000337	0.003283	0.005288	16.157266	
0.000000	0.000000	1.000000	-0.002839	0.004417	0.000000	0.000000	0.000000	0.000000	0.000000	0.000000	0.000000	-0.065662	-0.043265	0.087357	-0.002144	-0.000202	0.000222	0.000497	0.000910	-0.001658	-0.018125	-0.008719	-0.005345	-0.011358	-0.029196	0.286256	-0.000395	-0.008191	-0.000773	-0.001658	-0.003063	16.190975	
0.000000	0.000000	1.000000	-0.003058	0.004584	0.000000	0.000000	0.000000	0.000000	0.000000	0.000000	0.000000	-0.065684	-0.043286	0.087405	-0.001520	0.000157	0.000461	-0.000658	-0.000652	0.001447	0.018746	0.010773	0.007171	-0.016224	-0.026098	0.285840	0.001647	-0.005804	0.000598	0.001447	0.004109	16.224233	
0.000000	0.000000	1.000000	-0.002993	0.004454	0.000000	0.000000	0.000000	0.000000	0.000000	0.000000	0.000000	-0.065675	-0.043293	0.087398	-0.001512	0.000115	0.000453	0.000258	-0.000193	-0.000222	0.000236	-0.001246	-0.000254	-0.014744	-0.027486	0.286079	0.000756	-0.005774	0.000440	-0.000222	-0.000146	16.257216	
0.000000	0.000000	1.000000	-0.002984	0.004534	0.000000	0.000000	0.000000	0.000000	0.000000	0.000000	0.000000	-0.065685	-0.043297	0.087406	-0.001579	0.000102	0.000415	-0.000309	-0.000124	0.000228	-0.002025	-0.000407	-0.001145	-0.014355	-0.027436	0.285854	0.000553	-0.006032	0.000388	0.000228	-0.000656	16.290758	
0.000000	0.000000	1.000000	-0.002953	0.004503	0.000000	0.000000	0.000000	0.000000	0.000000	0.000000	0.000000	-0.065688	-0.043294	0.087408	-0.001486	0.000069	0.000487	-0.000084	0.000099	0.000079	0.002810	-0.000972	0.002172	-0.015048	-0.027641	0.285870	0.001105	-0.005674	0.000264	0.000079	0.001244	16.324903	
0.000000	0.000000	1.000000	-0.002867	0.004403	0.000000	0.000000	0.000000	0.000000	0.000000	0.000000	0.000000	-0.065668	-0.043270	0.087372	-0.002074	-0.000161	0.000249	0.000614	0.000710	-0.001101	-0.017646	-0.006914	-0.007132	-0.011604	-0.029002	0.285577	-0.000552	-0.007921	-0.000616	-0.001101	-0.004086	16.357231	
0.000000	0.000000	1.000000	-0.003080	0.004607	0.000000	0.000000	0.000000	0.000000	0.000000	0.000000	0.000000	-0.065695	-0.043297	0.087414	-0.001558	0.000100	0.000487	-0.000816	-0.000814	0.001273	0.015470	0.007828	0.007125	-0.015889	-0.026665	0.285771	0.001681	-0.005951	0.000380	0.001273	0.004082	16.390555	
0.000000	0.000000	1.000000	-0.002851	0.004368	0.000000	0.000000	0.000000	0.000000	0.000000	0.000000	0.000000	-0.065666	-0.043270	0.087355	-0.002165	-0.000276	0.000239	0.000852	0.000818	-0.001774	-0.018206	-0.011268	-0.007439	-0.011342	-0.029860	0.285676	-0.000608	-0.008269	-0.001054	-0.001774	-0.004262	16.423920	
0.000000	0.000000	1.000000	-0.002995	0.004461	0.000000	0.000000	0.000000	0.000000	0.000000	0.000000	0.000000	-0.065659	-0.043277	0.087365	-0.001977	-0.000197	0.000440	0.000211	-0.000212	0.000295	0.005648	0.002383	0.006024	-0.013862	-0.028194	0.285423	0.001434	-0.007550	-0.000751	0.000295	0.003452	16.457403	
0.000000	0.000000	1.000000	-0.002923	0.004478	0.000000	0.000000	0.000000	0.000000	0.000000	0.000000	0.000000	-0.065656	-0.043266	0.087412	-0.001489	0.000211	0.000451	0.000097	0.000318	0.001412	0.014619	0.012215	0.000351	-0.016082	-0.025902	0.286086	0.000818	-0.005689	0.000804	0.001412	0.000201	16.491491	
0.000000	0.000000	1.000000	-0.003085	0.004585	0.000000	0.000000	0.000000	0.000000	0.000000	0.000000	0.000000	-0.065679	-0.043295	0.087399	-0.001523	0.000070	0.000416	-0.000690	-0.000860	-0.000384	-0.001018	-0.004228	-0.001077	-0.014638	-0.028002	0.286091	0.000551	-0.005819	0.000266	-0.000384	-0.000617	16.535208	
0.000000	0.000000	1.000000	-0.002987	0.004489	0.000000	0.000000	0.000000	0.000000	0.000000	0.000000	0.000000	-0.065679	-0.043300	0.087392	-0.001533	0.000078	0.000413	0.000011	-0.000145	-0.000208	-0.000288	0.000235	-0.000090	-0.014731	-0.027592	0.285722	0.000652	-0.005855	0.000296	-0.000208	-0.000052	16.567608	
0.000000	0.000000	1.000000	-0.002855	0.004426	0.000000	0.000000	0.000000	0.000000	0.000000	0.000000	0.000000	-0.065664	-0.043273	0.087346	-0.002010	-0.000219	0.000286	0.000440	0.000797	-0.001377	-0.014324	-0.008886	-0.003798	-0.012145	-0.029463	0.285416	-0.000085	-0.007679	-0.000835	-0.001377	-0.002176	16.601400	
0.000000	0.000000	1.000000	-0.002956	0.004457	0.000000	0.000000	0.000000	0.000000	0.000000	0.000000	0.000000	-0.065656	-0.043271	0.087353	-0.001943	-0.000179	0.000286	0.000235	0.000074	0.000219	0.002025	0.001198	0.000011	-0.013693	-0.028322	0.285437	0.000355	-0.007421	-0.000683	0.000219	0.000007	16.633729	
0.000000	0.000000	1.000000	-0.003095	0.004519	0.000000	0.000000	0.000000	0.000000	0.000000	0.000000	0.000000	-0.065663	-0.043301	0.087401	-0.001560	0.000144	0.000430	-0.000194	-0.000912	0.001416	0.011491	0.009687	0.004318	-0.015637	-0.026426	0.286073	0.001215	-0.005958	0.000551	0.001416	0.002474	16.667934	
0.000000	0.000000	1.000000	-0.002861	0.004763	0.000000	0.000000	0.000000	0.000000	0.000000	0.000000	0.000000	-0.065729	-0.043276	0.087350	-0.000793	-0.000210	0.000195	-0.001987	0.000752	-0.001509	0.023004	-0.010620	-0.007061	-0.018882	-0.029620	0.285836	-0.000691	-0.003029	-0.000802	-0.001509	-0.004045	16.704673	
0.000000	0.000000	1.000000	-0.002973	0.004240	0.000000	0.000000	0.000000	0.000000	0.000000	0.000000	0.000000	-0.065669	-0.043278	0.087349	-0.002009	-0.000297	0.000253	0.001810	-0.000049	-0.000050	-0.036480	-0.002621	0.001757	-0.010285	-0.029230	0.285445	0.000480	-0.007674	-0.001135	-0.000050	0.001007	16.733665	
0.000000	0.000000	1.000000	-0.003090	0.004553	0.000000	0.000000	0.000000	0.000000	0.000000	0.000000	0.000000	-0.065683	-0.043307	0.087407	-0.001508	0.000059	0.000462	-0.000427	-0.000874	0.001741	0.015023	0.010686	0.006242	-0.016122	-0.026600	0.286086	0.001524	-0.005761	0.000225	0.001741	0.003577	16.768703	
0.000000	0.000000	1.000000	-0.002839	0.004406	0.000000	0.000000	0.000000	0.000000	0.000000	0.000000	0.000000	-0.065663	-0.043276	0.087364	-0.002072	-0.000240	0.000272	0.000588	0.000914	-0.001273	-0.016911	-0.008957	-0.005700	-0.011826	-0.029599	0.285968	-0.000325	-0.007914	-0.000915	-0.001273	-0.003266	16.800656	
0.000000	0.000000	1.000000	-0.003121	0.004581	0.000000	0.000000	0.000000	0.000000	0.000000	0.000000	0.000000	-0.065684	-0.043313	0.087409	-0.001609	0.000006	0.000452	-0.000632	-0.001102	0.001334	0.013889	0.007375	0.005405	-0.015721	-0.027142	0.285836	0.001402	-0.006146	0.000024	0.001334	0.003097	16.835735	
0.000000	0.000000	1.000000	-0.002854	0.004379	0.000000	0.000000	0.000000	0.000000	0.000000	0.000000	0.000000	-0.065658	-0.043286	0.087356	-0.002141	-0.000149	0.000293	0.000778	0.000810	-0.001593	-0.015970	-0.004661	-0.004770	-0.011730	-0.028899	0.285746	-0.000167	-0.008179	-0.000570	-0.001593	-0.002733	16.868494	
0.000000	0.000000	1.000000	-0.002956	0.004495	0.000000	0.000000	0.000000	0.000000	0.000000	0.000000	0.000000	-0.065660	-0.043283	0.087357	-0.002101	-0.000183	0.000251	-0.000044	0.000080	0.000033	0.001211	-0.001004	-0.001242	-0.013243	-0.028596	0.285422	0.000137	-0.008025	-0.000697	0.000033	-0.000712	16.904332	
0.000000	0.000000	1.000000	-0.003031	0.004639	0.000000	0.000000	0.000000	0.000000	0.000000	0.000000	0.000000	-0.065695	-0.043298	0.087405	-0.001538	0.000071	0.000432	-0.001052	-0.000451	0.001463	0.016898	0.007610	0.005407	-0.016236	-0.026939	0.286038	0.001358	-0.005874	0.000272	0.001463	0.003098	16.934465	
0.000000	0.000000	1.000000	-0.002948	0.004490	0.000000	0.000000	0.000000	0.000000	0.000000	0.000000	0.000000	-0.065695	-0.043294	0.087396	-0.001495	0.000113	0.000505	0.000008	0.000130	-0.000270	0.001277	0.001251	0.002214	-0.015062	-0.027493	0.286117	0.001161	-0.005711	0.000431	-0.000270	0.001269	16.967654	
0.000000	0.000000	1.000000	-0.002899	0.004357	0.000000	0.000000	0.000000	0.000000	0.000000	0.000000	0.000000	-0.065663	-0.043278	0.087362	-0.002133	-0.000125	0.000233	0.000946	0.000481	-0.001039	-0.019146	-0.007127	-0.008177	-0.011462	-0.029087	0.285569	-0.000708	-0.008149	-0.000477	-0.001039	-0.004685	17.001534	
0.000000	0.000000	1.000000	-0.002959	0.004492	0.000000	0.000000	0.000000	0.000000	0.000000	0.000000	0.000000	-0.065664	-0.043276	0.087347	-0.002101	-0.000212	0.000294	-0.000029	0.000050	-0.000456	0.000968	-0.002607	0.001840	-0.013249	-0.028883	0.285398	0.000595	-0.008026	-0.000809	-0.000456	0.001054	17.034286	
0.000000	0.000000	1.000000	-0.003015	0.004566	0.000000	0.000000	0.000000	0.000000	0.000000	0.000000	0.000000	-0.065682	-0.043288	0.087392	-0.001498	0.000040	0.000443	-0.000528	-0.000342	0.001360	0.018105	0.007551	0.004462	-0.016472	-0.027082	0.285897	0.001274	-0.005720	0.000153	0.001360	0.002557	17.067405	
0.000000	0.000000	1.000000	-0.003038	0.004501	0.000000	0.000000	0.000000	0.000000	0.000000	0.000000	0.000000	-0.065684	-0.043305	0.087404	-0.001450	0.000139	0.000465	-0.000068	-0.000512	0.000367	0.001423	0.002983	0.000658	-0.015215	-0.027240	0.286204	0.000880	-0.005539	0.000533	0.000367	0.000377	17.101188	
0.000000	0.000000	1.000000	-0.002969	0.004460	0.000000	0.000000	0.000000	0.000000	0.000000	0.000000	0.000000	-0.065677	-0.043305	0.087400	-0.001598	0.000159	0.000451	0.000217	-0.000011	-0.000129	-0.004432	0.000588	-0.000399	-0.014307	-0.027412	0.285937	0.000717	-0.006104	0.000608	-0.000129	-0.000228	17.136601	
0.000000	0.000000	1.000000	-0.003008	0.004515	0.000000	0.000000	0.000000	0.000000	0.000000	0.000000	0.000000	-0.065682	-0.043315	0.087419	-0.001428	0.000196	0.000447	-0.000170	-0.000286	0.000580	0.005089	0.001103	-0.000145	-0.015598	-0.027238	0.285921	0.000728	-0.005456	0.000748	0.000580	-0.000083	17.168250	
0.000000	0.000000	1.000000	-0.002809	0.004407	0.000000	0.000000	0.000000	0.000000	0.000000	0.000000	0.000000	-0.065663	-0.043277	0.087364	-0.002090	-0.000118	0.000290	0.000576	0.001128	-0.001666	-0.019866	-0.009410	-0.004698	-0.011577	-0.029335	0.285577	-0.000179	-0.007985	-0.000450	-0.001666	-0.002691	17.200920	
0.000000	0.000000	1.000000	-0.002940	0.004438	0.000000	0.000000	0.000000	0.000000	0.000000	0.000000	0.000000	-0.065651	-0.043271	0.087350	-0.002139	-0.000091	0.000254	0.000358	0.000186	-0.000415	-0.001466	0.000810	-0.001080	-0.012934	-0.028210	0.285266	0.000148	-0.008172	-0.000347	-0.000415	-0.000619	17.234188	
0.000000	0.000000	1.000000	-0.003001	0.004768	0.000000	0.000000	0.000000	0.000000	0.000000	0.000000	0.000000	-0.065718	-0.043279	0.087357	-0.000971	-0.000177	0.000257	-0.001999	-0.000251	0.000216	0.035041	-0.002573	0.000096	-0.019409	-0.028826	0.285620	0.000294	-0.003710	-0.000675	0.000216	0.000055	17.268573	
0.000000	0.000000	1.000000	-0.003025	0.004206	0.000000	0.000000	0.000000	0.000000	0.000000	0.000000	0.000000	-0.065650	-0.043293	0.087365	-0.002201	-0.000108	0.000298	0.002052	-0.000413	0.000229	-0.036899	0.002067	0.001214	-0.009814	-0.028261	0.285851	0.000521	-0.008408	-0.000411	0.000229	0.000696	17.301384	
0.000000	0.000000	1.000000	-0.002820	0.004653	0.000000	0.000000	0.000000	0.000000	0.000000	0.000000	0.000000	-0.065690	-0.043258	0.087299	-0.001339	-0.000499	0.000010	-0.001218	0.001049	-0.001977	0.025878	-0.011728	-0.008640	-0.017631	-0.030745	0.285411	-0.001326	-0.005113	-0.001905	-0.001977	-0.004950	17.334140	
0.000000	0.000000	1.000000	-0.003001	0.004313	0.000000	0.000000	0.000000	0.000000	0.000000	0.000000	0.000000	-0.065647	-0.043266	0.087351	-0.002063	-0.000238	0.000249	0.001295	-0.000243	0.001573	-0.021744	0.007815	0.007188	-0.011429	-0.028075	0.285605	0.001097	-0.007882	-0.000910	0.001573	0.004118	17.369736	
0.000000	0.000000	1.000000	-0.003021	0.004514	0.000000	0.000000	0.000000	0.000000	0.000000	0.000000	0.000000	-0.065653	-0.043280	0.087356	-0.002145	-0.000176	0.000272	-0.000188	-0.000396	0.000143	-0.002432	0.001878	0.000694	-0.012881	-0.028352	0.286138	0.000417	-0.008192	-0.000671	0.000143	0.000398	17.401161	
0.000000	0.000000	1.000000	-0.003107	0.004572	0.000000	0.000000	0.000000	0.000000	0.000000	0.000000	0.000000	-0.065673	-0.043313	0.087401	-0.001633	0.000074	0.000462	-0.000578	-0.000998	0.001359	0.015339	0.007486	0.005676	-0.015897	-0.027021	0.286204	0.001465	-0.006238	0.000283	0.001359	0.003252	17.440714	
0.000000	0.000000	1.000000	-0.002856	0.004371	0.000000	0.000000	0.000000	0.000000	0.000000	0.000000	0.000000	-0.065645	-0.043286	0.087352	-0.002138	-0.000121	0.000253	0.000827	0.000795	-0.001479	-0.015154	-0.005856	-0.006266	-0.011888	-0.029014	0.285862	-0.000430	-0.008168	-0.000463	-0.001479	-0.003590	17.474160	
0.000000	0.000000	1.000000	-0.003031	0.004584	0.000000	0.000000	0.000000	0.000000	0.000000	0.000000	0.000000	-0.065667	-0.043301	0.087423	-0.001499	0.000125	0.000409	-0.000656	-0.000444	0.002119	0.019176	0.007395	0.004690	-0.016593	-0.026839	0.285941	0.001226	-0.005726	0.000478	0.002119	0.002687	17.507243	
0.000000	0.000000	1.000000	-0.002917	0.004422	0.000000	0.000000	0.000000	0.000000	0.000000	0.000000	0.000000	-0.065652	-0.043289	0.087357	-0.002089	-0.000128	0.000272	0.000452	0.000349	-0.001979	-0.017703	-0.007589	-0.004124	-0.011799	-0.029216	0.285863	-0.000131	-0.007980	-0.000488	-0.001979	-0.002363	17.540946	
0.000000	0.000000	1.000000	-0.002936	0.004512	0.000000	0.000000	0.000000	0.000000	0.000000	0.000000	0.000000	-0.065658	-0.043282	0.087354	-0.002151	-0.000215	0.000256	-0.000175	0.000223	-0.000070	-0.001837	-0.002632	-0.000472	-0.012942	-0.028979	0.285338	0.000249	-0.008214	-0.000823	-0.000070	-0.000270	17.575945	
0.000000	0.000000	1.000000	-0.003055	0.004576	0.000000	0.000000	0.000000	0.000000	0.000000	0.000000	0.000000	-0.065678	-0.043303	0.087411	-0.001641	0.000130	0.000432	-0.000597	-0.000622	0.001699	0.015277	0.010355	0.005293	-0.015878	-0.026584	0.286047	0.001360	-0.006269	0.000496	0.001699	0.003033	17.607303	
0.000000	0.000000	1.000000	-0.002972	0.004489	0.000000	0.000000	0.000000	0.000000	0.000000	0.000000	0.000000	-0.065677	-0.043304	0.087413	-0.001534	0.000185	0.000466	0.000010	-0.000036	0.000055	0.003207	0.001663	0.001007	-0.015205	-0.027292	0.286246	0.000937	-0.005861	0.000707	0.000055	0.000577	17.643895	
0.000000	0.000000	1.000000	-0.002925	0.004503	0.000000	0.000000	0.000000	0.000000	0.000000	0.000000	0.000000	-0.065680	-0.043294	0.087415	-0.001542	0.000141	0.000456	-0.000092	0.000306	0.000054	-0.000221	-0.001311	-0.000296	-0.014876	-0.027723	0.285916	0.000754	-0.005889	0.000540	0.000054	-0.000170	17.674251	
0.000000	0.000000	1.000000	-0.002952	0.004527	0.000000	0.000000	0.000000	0.000000	0.000000	0.000000	0.000000	-0.065689	-0.043290	0.087400	-0.001401	0.000115	0.000475	-0.000263	0.000099	-0.000443	0.004215	-0.000780	0.000574	-0.015642	-0.027771	0.285728	0.000892	-0.005352	0.000441	-0.000443	0.000329	17.720068	
0.000000	0.000000	1.000000	-0.002937	0.004393	0.000000	0.000000	0.000000	0.000000	0.000000	0.000000	0.000000	-0.065666	-0.043284	0.087357	-0.002209	-0.000153	0.000317	0.000684	0.000203	-0.001270	-0.024232	-0.008066	-0.004756	-0.010894	-0.029396	0.285388	-0.000111	-0.008438	-0.000586	-0.001270	-0.002725	17.753240	
0.000000	0.000000	1.000000	-0.002996	0.004760	0.000000	0.000000	0.000000	0.000000	0.000000	0.000000	0.000000	-0.065731	-0.043291	0.087353	-0.000818	-0.000254	0.000193	-0.001941	-0.000211	-0.000125	0.041726	-0.003012	-0.003713	-0.020449	-0.029187	0.285376	-0.000299	-0.003125	-0.000969	-0.000125	-0.002128	17.786652	
0.000000	0.000000	1.000000	-0.003055	0.004343	0.000000	0.000000	0.000000	0.000000	0.000000	0.000000	0.000000	-0.065694	-0.043311	0.087402	-0.001592	-0.000018	0.000427	0.001102	-0.000621	0.001464	-0.023213	0.007064	0.007032	-0.012743	-0.027537	0.285992	0.001512	-0.006080	-0.000070	0.001464	0.004029	17.821158	
0.000000	0.000000	1.000000	-0.002934	0.004497	0.000000	0.000000	0.000000	0.000000	0.000000	0.000000	0.000000	-0.065695	-0.043303	0.087415	-0.001597	0.000105	0.000455	-0.000030	0.000243	0.000381	-0.000165	0.003711	0.000831	-0.014709	-0.027352	0.286253	0.000867	-0.006101	0.000403	0.000381	0.000476	17.853079	
0.000000	0.000000	1.000000	-0.002933	0.004461	0.000000	0.000000	0.000000	0.000000	0.000000	0.000000	0.000000	-0.065688	-0.043295	0.087406	-0.001593	0.000114	0.000455	0.000216	0.000241	-0.000257	0.000126	0.000252	-0.000000	-0.014717	-0.027701	0.285922	0.000764	-0.006086	0.000435	-0.000257	-0.000000	17.889391	
0.000000	0.000000	1.000000	-0.002915	0.004698	0.000000	0.000000	0.000000	0.000000	0.000000	0.000000	0.000000	-0.065738	-0.043283	0.087353	-0.000803	-0.000236	0.000182	-0.001512	0.000363	-0.001601	0.023702	-0.010506	-0.008180	-0.018991	-0.029907	0.285399	-0.000863	-0.003068	-0.000903	-0.001601	-0.004687	17.920054	
0.000000	0.000000	1.000000	-0.003088	0.004277	0.000000	0.000000	0.000000	0.000000	0.000000	0.000000	0.000000	-0.065686	-0.043312	0.087412	-0.001445	0.000166	0.000455	0.001581	-0.000856	0.001767	-0.019268	0.012065	0.008194	-0.013465	-0.026444	0.285728	0.001695	-0.005521	0.000633	0.001767	0.004695	17.953401	
0.000000	0.000000	1.000000	-0.002898	0.004522	0.000000	0.000000	0.000000	0.000000	0.000000	0.000000	0.000000	-0.065693	-0.043295	0.087407	-0.001513	0.000137	0.000478	-0.000224	0.000502	-0.000137	-0.002022	-0.000865	0.000678	-0.014788	-0.027695	0.286145	0.000886	-0.005778	0.000523	-0.000137	0.000388	17.986556	
0.000000	0.000000	1.000000	-0.002848	0.004553	0.000000	0.000000	0.000000	0.000000	0.000000	0.000000	0.000000	-0.065710	-0.043267	0.087307	-0.001314	-0.000479	-0.000024	-0.000495	0.000840	-0.002993	0.005978	-0.018485	-0.015058	-0.015992	-0.031515	0.285166	-0.002166	-0.005017	-0.001831	-0.002993	-0.008627	18.034457	
0.000000	0.000000	1.000000	-0.003060	0.004351	0.000000	0.000000	0.000000	0.000000	0.000000	0.000000	0.000000	-0.065674	-0.043289	0.087410	-0.001475	0.000075	0.000413	0.001057	-0.000648	0.003091	-0.004844	0.016629	0.013097	-0.014570	-0.026248	0.285654	0.002166	-0.005634	0.000287	0.003091	0.007504	18.068006	
0.000000	0.000000	1.000000	-0.002857	0.004583	0.000000	0.000000	0.000000	0.000000	0.000000	0.000000	0.000000	-0.065698	-0.043263	0.087312	-0.001468	-0.000453	0.000043	-0.000715	0.000768	-0.002946	0.000212	-0.015839	-0.011104	-0.015077	-0.031116	0.285801	-0.001528	-0.005607	-0.001730	-0.002946	-0.006362	18.100471	
0.000000	0.000000	1.000000	-0.003023	0.004363	0.000000	0.000000	0.000000	0.000000	0.000000	0.000000	0.000000	-0.065667	-0.043276	0.087369	-0.002059	-0.000087	0.000301	0.000939	-0.000398	0.001716	-0.017720	0.010988	0.007763	-0.011783	-0.027326	0.285505	0.001284	-0.007863	-0.000331	0.001716	0.004448	18.134106	
0.000000	0.000000	1.000000	-0.002968	0.004499	0.000000	0.000000	0.000000	0.000000	0.000000	0.000000	0.000000	-0.065669	-0.043277	0.087359	-0.002133	-0.000148	0.000304	-0.000073	-0.000013	-0.000316	-0.002231	-0.001844	0.000068	-0.012933	-0.028724	0.286044	0.000411	-0.008147	-0.000566	-0.000316	0.000039	18.167817	
0.000000	0.000000	1.000000	-0.002972	0.004441	0.000000	0.000000	0.000000	0.000000	0.000000	0.000000	0.000000	-0.065658	-0.043278	0.087356	-0.002011	-0.000214	0.000254	0.000344	-0.000043	-0.000092	0.003669	-0.001992	-0.001489	-0.013788	-0.028987	0.285754	0.000111	-0.007680	-0.000819	-0.000092	-0.000853	18.204437	
0.000000	0.000000	1.000000	-0.003031	0.004507	0.000000	0.000000	0.000000	0.000000	0.000000	0.000000	0.000000	-0.065662	-0.043294	0.087352	-0.002125	-0.000192	0.000347	-0.000133	-0.000464	-0.000118	-0.003421	0.000678	0.002795	-0.012864	-0.028628	0.285733	0.000836	-0.008116	-0.000733	-0.000118	0.001601	18.233878	
0.000000	0.000000	1.000000	-0.003055	0.004576	0.000000	0.000000	0.000000	0.000000	0.000000	0.000000	0.000000	-0.065682	-0.043314	0.087413	-0.001494	0.000201	0.000518	-0.000595	-0.000616	0.001821	0.018908	0.011788	0.005120	-0.016618	-0.026253	0.286155	0.001537	-0.005708	0.000768	0.001821	0.002934	18.271679	
0.000000	0.000000	1.000000	-0.002982	0.004452	0.000000	0.000000	0.000000	0.000000	0.000000	0.000000	0.000000	-0.065673	-0.043317	0.087410	-0.001530	0.000139	0.000424	0.000274	-0.000098	-0.000082	-0.001071	-0.001872	-0.002798	-0.014840	-0.027841	0.286268	0.000379	-0.005845	0.000530	-0.000082	-0.001603	18.301121	
0.000000	0.000000	1.000000	-0.002906	0.004504	0.000000	0.000000	0.000000	0.000000	0.000000	0.000000	0.000000	-0.065676	-0.043302	0.087401	-0.001515	0.000088	0.000404	-0.000102	0.000448	-0.000274	0.000442	-0.001516	-0.000624	-0.014999	-0.027950	0.285816	0.000572	-0.005788	0.000337	-0.000274	-0.000358	18.335054	
0.000000	0.000000	1.000000	-0.002853	0.004431	0.000000	0.000000	0.000000	0.000000	0.000000	0.000000	0.000000	-0.065663	-0.043275	0.087348	-0.002096	-0.000109	0.000282	0.000397	0.000812	-0.001583	-0.017417	-0.005905	-0.003663	-0.011774	-0.029051	0.285377	-0.000078	-0.008006	-0.000415	-0.001583	-0.002099	18.367375	
0.000000	0.000000	1.000000	-0.003053	0.004594	0.000000	0.000000	0.000000	0.000000	0.000000	0.000000	0.000000	-0.065687	-0.043296	0.087404	-0.001542	0.000101	0.000456	-0.000722	-0.000612	0.001676	0.016618	0.006288	0.005226	-0.016243	-0.027137	0.285706	0.001381	-0.005890	0.000385	0.001676	0.002994	18.402088	
0.000000	0.000000	1.000000	-0.002871	0.004377	0.000000	0.000000	0.000000	0.000000	0.000000	0.000000	0.000000	-0.065661	-0.043273	0.087346	-0.002112	-0.000121	0.000264	0.000792	0.000677	-0.001736	-0.017085	-0.006656	-0.005750	-0.011787	-0.029199	0.285762	-0.000358	-0.008065	-0.000462	-0.001736	-0.003294	18.435358	
0.000000	0.000000	1.000000	-0.002989	0.004454	0.000000	0.000000	0.000000	0.000000	0.000000	0.000000	0.000000	-0.065652	-0.043278	0.087362	-0.002035	-0.000057	0.000343	0.000259	-0.000159	0.000465	0.002283	0.001904	0.002374	-0.013606	-0.028085	0.285490	0.000772	-0.007775	-0.000220	0.000465	0.001360	18.468055	
0.000000	0.000000	1.000000	-0.003005	0.004523	0.000000	0.000000	0.000000	0.000000	0.000000	0.000000	0.000000	-0.065661	-0.043288	0.087348	-0.002022	-0.000177	0.000239	-0.000253	-0.000278	-0.000418	0.000405	-0.003596	-0.003131	-0.013518	-0.029032	0.285732	-0.000119	-0.007723	-0.000677	-0.000418	-0.001794	18.504012	
0.000000	0.000000	1.000000	-0.002948	0.004572	0.000000	0.000000	0.000000	0.000000	0.000000	0.000000	0.000000	-0.065680	-0.043283	0.087399	-0.001634	0.000085	0.000490	-0.000566	0.000143	0.001539	0.011648	0.007872	0.007533	-0.015618	-0.027056	0.286024	0.001736	-0.006240	0.000325	0.001539	0.004316	18.536585	
0.000000	0.000000	1.000000	-0.002900	0.004409	0.000000	0.000000	0.000000	0.000000	0.000000	0.000000	0.000000	-0.065661	-0.043267	0.087349	-0.002073	-0.000107	0.000208	0.000560	0.000467	-0.001490	-0.013186	-0.005751	-0.008452	-0.012218	-0.029060	0.285859	-0.000802	-0.007919	-0.000407	-0.001490	-0.004843	18.567570	
0.000000	0.000000	1.000000	-0.003162	0.004617	0.000000	0.000000	0.000000	0.000000	0.000000	0.000000	0.000000	-0.065690	-0.043314	0.087418	-0.001528	0.000073	0.000458	-0.000881	-0.001389	0.002065	0.016351	0.005393	0.007507	-0.016292	-0.027325	0.285925	0.001658	-0.005837	0.000279	0.002065	0.004301	18.601512	
0.000000	0.000000	1.000000	-0.002977	0.004431	0.000000	0.000000	0.000000	0.000000	0.000000	0.000000	0.000000	-0.065676	-0.043316	0.087414	-0.001546	0.000081	0.000462	0.000428	-0.000064	-0.000116	-0.000542	0.000242	0.000118	-0.014892	-0.027873	0.286263	0.000807	-0.005906	0.000310	-0.000116	0.000068	18.636165	
0.000000	0.000000	1.000000	-0.002980	0.004519	0.000000	0.000000	0.000000	0.000000	0.000000	0.000000	0.000000	-0.065683	-0.043318	0.087427	-0.001420	0.000144	0.000462	-0.000200	-0.000078	0.000388	0.003796	0.001896	-0.000014	-0.015594	-0.027460	0.285955	0.000784	-0.005423	0.000552	0.000388	-0.000008	18.668296	
0.000000	0.000000	1.000000	-0.002929	0.004518	0.000000	0.000000	0.000000	0.000000	0.000000	0.000000	0.000000	-0.065689	-0.043309	0.087422	-0.001421	0.000125	0.000489	-0.000194	0.000282	-0.000162	-0.000029	-0.000582	0.000817	-0.015265	-0.027796	0.285876	0.000939	-0.005426	0.000478	-0.000162	0.000468	18.701560	
0.000000	0.000000	1.000000	-0.002845	0.004355	0.000000	0.000000	0.000000	0.000000	0.000000	0.000000	0.000000	-0.065658	-0.043280	0.087353	-0.002146	-0.000182	0.000240	0.000945	0.000868	-0.002063	-0.021764	-0.009210	-0.007464	-0.011302	-0.029671	0.285308	-0.000624	-0.008197	-0.000695	-0.002063	-0.004276	18.736232	
0.000000	0.000000	1.000000	-0.002935	0.004523	0.000000	0.000000	0.000000	0.000000	0.000000	0.000000	0.000000	-0.065666	-0.043272	0.087356	-0.002087	-0.000253	0.000268	-0.000243	0.000229	0.000105	0.001760	-0.002141	0.000834	-0.013433	-0.029153	0.285230	0.000399	-0.007973	-0.000968	0.000105	0.000478	18.768112	
0.000000	0.000000	1.000000	-0.002991	0.004491	0.000000	0.000000	0.000000	0.000000	0.000000	0.000000	0.000000	-0.065666	-0.043278	0.087365	-0.002038	-0.000175	0.000279	-0.000013	-0.000175	0.000247	0.001494	0.002346	0.000333	-0.013572	-0.028488	0.285739	0.000374	-0.007783	-0.000669	0.000247	0.000191	18.801158	
0.000000	0.000000	1.000000	-0.002914	0.004458	0.000000	0.000000	0.000000	0.000000	0.000000	0.000000	0.000000	-0.065659	-0.043266	0.087354	-0.002110	-0.000252	0.000249	0.000216	0.000373	-0.000315	-0.002175	-0.002294	-0.000896	-0.013071	-0.029189	0.285763	0.000162	-0.008060	-0.000961	-0.000315	-0.000513	18.834811	
0.000000	0.000000	1.000000	-0.003041	0.004469	0.000000	0.000000	0.000000	0.000000	0.000000	0.000000	0.000000	-0.065654	-0.043284	0.087349	-0.002082	-0.000151	0.000264	0.000135	-0.000540	-0.000170	0.000855	0.003008	0.000428	-0.013393	-0.028319	0.285673	0.000356	-0.007951	-0.000578	-0.000170	0.000245	18.868420	
0.000000	0.000000	1.000000	-0.002946	0.004505	0.000000	0.000000	0.000000	0.000000	0.000000	0.000000	0.000000	-0.065658	-0.043279	0.087357	-0.002140	-0.000220	0.000287	-0.000113	0.000152	0.000252	-0.001753	-0.002061	0.000692	-0.013046	-0.029042	0.285780	0.000444	-0.008174	-0.000840	0.000252	0.000397	18.903803	
0.000000	0.000000	1.000000	-0.003062	0.004614	0.000000	0.000000	0.000000	0.000000	0.000000	0.000000	0.000000	-0.065687	-0.043301	0.087409	-0.001711	0.000104	0.000459	-0.000870	-0.000674	0.001574	0.012858	0.009733	0.005170	-0.015516	-0.026818	0.286195	0.001395	-0.006537	0.000399	0.001574	0.002962	18.936965	
0.000000	0.000000	1.000000	-0.002859	0.004672	0.000000	0.000000	0.000000	0.000000	0.000000	0.000000	0.000000	-0.065731	-0.043276	0.087368	-0.000847	-0.000196	0.000205	-0.001319	0.000768	-0.001233	0.025948	-0.009003	-0.007636	-0.019159	-0.029698	0.285962	-0.000724	-0.003234	-0.000748	-0.001233	-0.004375	18.971747	
0.000000	0.000000	1.000000	-0.002969	0.004202	0.000000	0.000000	0.000000	0.000000	0.000000	0.000000	0.000000	-0.065662	-0.043276	0.087359	-0.002100	-0.000205	0.000243	0.002082	-0.000017	-0.000269	-0.037608	-0.000264	0.001150	-0.010116	-0.028914	0.285487	0.000389	-0.008022	-0.000781	-0.000269	0.000659	19.002491	
0.000000	0.000000	1.000000	-0.002988	0.004556	0.000000	0.000000	0.000000	0.000000	0.000000	0.000000	0.000000	-0.065677	-0.043281	0.087396	-0.001624	0.000052	0.000443	-0.000463	-0.000152	0.001112	0.014284	0.007681	0.006013	-0.015904	-0.027138	0.285905	0.001455	-0.006203	0.000197	0.001112	0.003445	19.035062	
0.000000	0.000000	1.000000	-0.002990	0.004461	0.000000	0.000000	0.000000	0.000000	0.000000	0.000000	0.000000	-0.065671	-0.043287	0.087367	-0.002150	-0.000251	0.000245	0.000195	-0.000175	-0.000890	-0.015776	-0.009061	-0.005937	-0.011834	-0.029866	0.285869	-0.000412	-0.008212	-0.000957	-0.000890	-0.003402	19.070197	
0.000000	0.000000	1.000000	-0.003035	0.004530	0.000000	0.000000	0.000000	0.000000	0.000000	0.000000	0.000000	-0.065680	-0.043303	0.087406	-0.001559	0.000064	0.000451	-0.000266	-0.000481	0.001165	0.017728	0.009423	0.006153	-0.016402	-0.026985	0.285863	0.001495	-0.005955	0.000243	0.001165	0.003526	19.101759	
0.000000	0.000000	1.000000	-0.002826	0.004385	0.000000	0.000000	0.000000	0.000000	0.000000	0.000000	0.000000	-0.065655	-0.043270	0.087354	-0.002040	-0.000154	0.000214	0.000727	0.001008	-0.001552	-0.014430	-0.006531	-0.007108	-0.012296	-0.029297	0.285723	-0.000621	-0.007792	-0.000589	-0.001552	-0.004073	19.135027	
0.000000	0.000000	1.000000	-0.003048	0.004606	0.000000	0.000000	0.000000	0.000000	0.000000	0.000000	0.000000	-0.065683	-0.043289	0.087390	-0.001512	0.000039	0.000406	-0.000823	-0.000580	0.001096	0.015851	0.005783	0.005784	-0.016336	-0.027401	0.285663	0.001345	-0.005774	0.000148	0.001096	0.003314	19.168846	
0.000000	0.000000	1.000000	-0.002916	0.004442	0.000000	0.000000	0.000000	0.000000	0.000000	0.000000	0.000000	-0.065672	-0.043277	0.087366	-0.002054	-0.000168	0.000243	0.000333	0.000361	-0.000741	-0.016265	-0.006214	-0.004908	-0.012093	-0.029334	0.285843	-0.000291	-0.007845	-0.000643	-0.000741	-0.002812	19.201598	
0.000000	0.000000	1.000000	-0.003057	0.004554	0.000000	0.000000	0.000000	0.000000	0.000000	0.000000	0.000000	-0.065686	-0.043298	0.087406	-0.001424	0.000120	0.000450	-0.000441	-0.000640	0.001204	0.018885	0.008644	0.006204	-0.016869	-0.026880	0.285899	0.001507	-0.005440	0.000457	0.001204	0.003554	19.235970	
0.000000	0.000000	1.000000	-0.002851	0.004399	0.000000	0.000000	0.000000	0.000000	0.000000	0.000000	0.000000	-0.065665	-0.043271	0.087351	-0.002157	-0.000258	0.000236	0.000633	0.000820	-0.001633	-0.021995	-0.011331	-0.006422	-0.011321	-0.030130	0.285722	-0.000475	-0.008241	-0.000986	-0.001633	-0.003680	19.270250	
0.000000	0.000000	1.000000	-0.002991	0.004513	0.000000	0.000000	0.000000	0.000000	0.000000	0.000000	0.000000	-0.065671	-0.043277	0.087348	-0.002059	-0.000147	0.000270	-0.000174	-0.000183	-0.000114	0.002939	0.003329	0.001044	-0.013662	-0.028271	0.285375	0.000470	-0.007867	-0.000562	-0.000114	0.000598	19.303002	
0.000000	0.000000	1.000000	-0.003027	0.004777	0.000000	0.000000	0.000000	0.000000	0.000000	0.000000	0.000000	-0.065739	-0.043291	0.087372	-0.000703	-0.000134	0.000221	-0.002051	-0.000429	0.000744	0.040687	0.000407	-0.001481	-0.020770	-0.028538	0.285832	0.000065	-0.002686	-0.000510	0.000744	-0.000849	19.336531	
0.000000	0.000000	1.000000	-0.002932	0.004196	0.000000	0.000000	0.000000	0.000000	0.000000	0.000000	0.000000	-0.065669	-0.043283	0.087364	-0.002011	-0.000151	0.000300	0.002127	0.000250	-0.000260	-0.039241	-0.000521	0.002357	-0.010288	-0.028791	0.285910	0.000698	-0.007682	-0.000576	-0.000260	0.001350	19.368709	
0.000000	0.000000	1.000000	-0.002959	0.004429	0.000000	0.000000	0.000000	0.000000	0.000000	0.000000	0.000000	-0.065654	-0.043281	0.087350	-0.002056	-0.000143	0.000240	0.000426	0.000050	-0.000409	-0.001344	0.000227	-0.001778	-0.013325	-0.028523	0.285666	0.000079	-0.007854	-0.000547	-0.000409	-0.001019	19.402736	
0.000000	0.000000	1.000000	-0.003005	0.004536	0.000000	0.000000	0.000000	0.000000	0.000000	0.000000	0.000000	-0.065666	-0.043290	0.087367	-0.002173	-0.000183	0.000277	-0.000336	-0.000268	0.000514	-0.003495	-0.001202	0.001111	-0.012812	-0.028827	0.285782	0.000503	-0.008299	-0.000701	0.000514	0.000636	19.435462	
0.000000	0.000000	1.000000	-0.002931	0.004439	0.000000	0.000000	0.000000	0.000000	0.000000	0.000000	0.000000	-0.065654	-0.043282	0.087354	-0.002034	-0.000234	0.000292	0.000350	0.000254	-0.000403	0.004168	-0.001511	0.000427	-0.013889	-0.029051	0.285814	0.000460	-0.007768	-0.000893	-0.000403	0.000245	19.470195	
0.000000	0.000000	1.000000	-0.003081	0.004606	0.000000	0.000000	0.000000	0.000000	0.000000	0.000000	0.000000	-0.065681	-0.043309	0.087398	-0.001478	0.000071	0.000491	-0.000816	-0.000815	0.001317	0.016678	0.009138	0.005974	-0.016545	-0.026967	0.285996	0.001598	-0.005644	0.000271	0.001317	0.003423	19.502911	
0.000000	0.000000	1.000000	-0.002804	0.004429	0.000000	0.000000	0.000000	0.000000	0.000000	0.000000	0.000000	-0.065667	-0.043270	0.087358	-0.002047	-0.000226	0.000238	0.000418	0.001165	-0.001204	-0.017074	-0.008896	-0.007589	-0.012077	-0.029779	0.285867	-0.000594	-0.007818	-0.000862	-0.001204	-0.004348	19.536141	
0.000000	0.000000	1.000000	-0.002982	0.004503	0.000000	0.000000	0.000000	0.000000	0.000000	0.000000	0.000000	-0.065670	-0.043274	0.087361	-0.002056	-0.000155	0.000271	-0.000099	-0.000113	0.000107	-0.000284	0.002109	0.000994	-0.013394	-0.028417	0.285555	0.000474	-0.007854	-0.000594	0.000107	0.000570	19.569722	
0.000000	0.000000	1.000000	-0.002927	0.004429	0.000000	0.000000	0.000000	0.000000	0.000000	0.000000	0.000000	-0.065656	-0.043265	0.087338	-0.002001	-0.000270	0.000246	0.000425	0.000276	-0.000694	0.001665	-0.003451	-0.000735	-0.013761	-0.029359	0.285603	0.000215	-0.007643	-0.001033	-0.000694	-0.000421	19.603019	
0.000000	0.000000	1.000000	-0.003022	0.004517	0.000000	0.000000	0.000000	0.000000	0.000000	0.000000	0.000000	-0.065663	-0.043278	0.087347	-0.002112	-0.000166	0.000285	-0.000202	-0.000403	0.000256	-0.003322	0.003138	0.001152	-0.013001	-0.028335	0.285645	0.000529	-0.008066	-0.000633	0.000256	0.000660	19.638086	
0.000000	0.000000	1.000000	-0.003017	0.004588	0.000000	0.000000	0.000000	0.000000	0.000000	0.000000	0.000000	-0.065686	-0.043290	0.087403	-0.001503	0.000131	0.000434	-0.000684	-0.000351	0.001709	0.018267	0.008895	0.004472	-0.016633	-0.026811	0.286195	0.001289	-0.005740	0.000499	0.001709	0.002562	19.670224	
