0.078700	0.052824	0.000000	0.000000	0.000000	0.000000	0.623818	0.415432	0.000000	0.000000	0.000000	0.000000	0.100000	0.015000	0.000000	0.000000	0.000000	0.100000	1.000000	0.150000	0.000000	0.000000	0.000000	1.000000	1.000000	1.000000	1.000000	1.000000	0.145823	
0.141214	0.094163	0.000000	0.000000	0.000000	0.000000	0.623343	0.414173	0.000000	0.000000	0.000000	0.000000	0.135073	0.033594	0.000000	0.000000	0.000000	0.200000	0.350734	0.185944	0.000000	0.000000	0.000000	1.000000	0.367545	1.000000	0.367545	1.000000	0.230915	
0.203514	0.135380	0.000000	0.000000	0.000000	0.000000	0.622600	0.412194	0.000000	0.000000	0.000000	0.000000	0.230106	0.068133	0.000000	0.000000	0.000000	0.299801	0.950326	0.345386	0.000000	0.000000	0.000000	0.998007	1.000000	0.998007	1.000000	0.998007	0.329324	
0.265727	0.176469	0.000000	0.000000	0.000000	0.000000	0.621584	0.409495	0.000000	0.000000	0.000000	0.000000	0.273012	0.097053	0.000000	0.000000	0.000000	0.399525	0.429065	0.289202	0.000000	0.000000	0.000000	0.997243	0.495336	0.997243	0.495336	0.997243	0.429185	
0.327825	0.217256	0.000000	0.000000	0.000000	0.000000	0.620300	0.406087	0.000000	0.000000	0.000000	0.000000	0.359327	0.149712	0.000000	0.000000	0.000000	0.499107	0.863143	0.526590	0.000000	0.000000	0.000000	0.995819	1.000000	0.995819	1.000000	0.995819	0.544995	
0.389781	0.257666	0.000000	0.000000	0.000000	0.000000	0.618747	0.401976	0.000000	0.000000	0.000000	0.000000	0.402991	0.180800	0.000000	0.000000	0.000000	0.541744	0.436643	0.310874	0.000000	0.000000	0.000000	0.426368	0.532175	0.426368	0.532175	0.426368	0.627919	
0.451569	0.297629	0.000000	0.000000	0.000000	0.000000	0.616927	0.397170	0.000000	0.000000	0.000000	0.000000	0.486574	0.235310	0.000000	0.000000	0.000000	0.565792	0.835828	0.545105	0.000000	0.000000	0.000000	0.240484	0.997220	0.240484	0.997220	0.240484	0.727299	
0.513160	0.337080	0.000000	0.000000	0.000000	0.000000	0.614839	0.391676	0.000000	0.000000	0.000000	0.000000	0.527444	0.263057	0.000000	0.000000	0.000000	0.575878	0.408705	0.277469	0.000000	0.000000	0.000000	0.100860	0.493761	0.100860	0.493761	0.100860	0.827331	
0.575545	0.376595	0.000000	0.000000	0.000000	0.000000	0.612444	0.385394	0.000000	0.000000	0.000000	0.000000	0.610087	0.317268	0.000000	0.000000	0.000000	0.578963	0.826428	0.542111	0.000000	0.000000	0.000000	0.030849	0.988356	0.030849	0.988356	0.030849	0.929417	
0.638227	0.415757	0.000000	0.000000	0.000000	0.000000	0.609751	0.378362	0.000000	0.000000	0.000000	0.000000	0.648239	0.341975	0.000000	0.000000	0.000000	0.577666	0.381521	0.247072	0.000000	0.000000	0.000000	-0.012968	0.454531	-0.012968	0.454531	-0.012968	1.032198	
0.699061	0.453229	0.000000	0.000000	0.000000	0.000000	0.606857	0.370840	0.000000	0.000000	0.000000	0.000000	0.730588	0.394962	0.000000	0.000000	0.000000	0.573806	0.823491	0.529872	0.000000	0.000000	0.000000	-0.038599	0.979218	-0.038599	0.979218	-0.038599	1.131676	
0.759593	0.489901	0.000000	0.000000	0.000000	0.000000	0.603703	0.362680	0.000000	0.000000	0.000000	0.000000	0.766467	0.417154	0.000000	0.000000	0.000000	0.568214	0.358787	0.221913	0.000000	0.000000	0.000000	-0.055929	0.421786	-0.055929	0.421786	-0.055929	1.231402	
0.819796	0.525736	0.000000	0.000000	0.000000	0.000000	0.600285	0.353889	0.000000	0.000000	0.000000	0.000000	0.848623	0.468390	0.000000	0.000000	0.000000	0.561375	0.821563	0.512359	0.000000	0.000000	0.000000	-0.068381	0.968180	-0.068381	0.968180	-0.068381	1.331439	
0.879645	0.560661	0.000000	0.000000	0.000000	0.000000	0.596608	0.344483	0.000000	0.000000	0.000000	0.000000	0.882609	0.488371	0.000000	0.000000	0.000000	0.553523	0.339859	0.199812	0.000000	0.000000	0.000000	-0.078525	0.394069	-0.078525	0.394069	-0.078525	1.431572	
0.939112	0.594615	0.000000	0.000000	0.000000	0.000000	0.592672	0.334484	0.000000	0.000000	0.000000	0.000000	0.964217	0.537269	0.000000	0.000000	0.000000	0.544831	0.816080	0.488980	0.000000	0.000000	0.000000	-0.086921	0.951272	-0.086921	0.951272	-0.086921	1.531406	
0.998173	0.627541	0.000000	0.000000	0.000000	0.000000	0.588481	0.323906	0.000000	0.000000	0.000000	0.000000	0.996826	0.555362	0.000000	0.000000	0.000000	0.535318	0.326089	0.180930	0.000000	0.000000	0.000000	-0.095129	0.372647	-0.095129	0.372647	-0.095129	1.631446	
1.056803	0.659380	0.000000	0.000000	0.000000	0.000000	0.584035	0.312768	0.000000	0.000000	0.000000	0.000000	1.077837	0.601625	0.000000	0.000000	0.000000	0.525095	0.810104	0.462630	0.000000	0.000000	0.000000	-0.102230	0.932770	-0.102230	0.932770	-0.102230	1.731451	
1.114975	0.690078	0.000000	0.000000	0.000000	0.000000	0.579336	0.301087	0.000000	0.000000	0.000000	0.000000	1.109182	0.617873	0.000000	0.000000	0.000000	0.514067	0.313453	0.162481	0.000000	0.000000	0.000000	-0.110278	0.352674	-0.110278	0.352674	-0.110278	1.831441	
1.172665	0.719585	0.000000	0.000000	0.000000	0.000000	0.574383	0.288879	0.000000	0.000000	0.000000	0.000000	1.189270	0.661078	0.000000	0.000000	0.000000	0.502330	0.800886	0.432050	0.000000	0.000000	0.000000	-0.117368	0.909822	-0.117368	0.909822	-0.117368	1.932077	
1.229848	0.747849	0.000000	0.000000	0.000000	0.000000	0.569186	0.276183	0.000000	0.000000	0.000000	0.000000	1.219161	0.675345	0.000000	0.000000	0.000000	0.489749	0.298904	0.142666	0.000000	0.000000	0.000000	-0.125811	0.330667	-0.125811	0.330667	-0.125811	2.031761	
1.286500	0.774822	0.000000	0.000000	0.000000	0.000000	0.563740	0.262998	0.000000	0.000000	0.000000	0.000000	1.298363	0.715299	0.000000	0.000000	0.000000	0.476420	0.792019	0.399541	0.000000	0.000000	0.000000	-0.133297	0.886864	-0.133297	0.886864	-0.133297	2.131922	
1.342593	0.800434	0.000000	0.000000	0.000000	0.000000	0.558054	0.249371	0.000000	0.000000	0.000000	0.000000	1.326961	0.727645	0.000000	0.000000	0.000000	0.462129	0.285980	0.123462	0.000000	0.000000	0.000000	-0.142909	0.310754	-0.142909	0.310754	-0.142909	2.231785	
1.398105	0.824672	0.000000	0.000000	0.000000	0.000000	0.552125	0.235306	0.000000	0.000000	0.000000	0.000000	1.405204	0.764092	0.000000	0.000000	0.000000	0.447056	0.782435	0.364475	0.000000	0.000000	0.000000	-0.150724	0.862865	-0.150724	0.862865	-0.150724	2.331765	
1.457381	0.849250	0.000000	0.000000	0.000000	0.000000	0.545451	0.219656	0.000000	0.000000	0.000000	0.000000	1.432494	0.774348	0.000000	0.000000	0.000000	0.430054	0.272902	0.102555	0.000000	0.000000	0.000000	-0.170020	0.290418	-0.170020	0.290418	-0.170020	2.439632	
1.511608	0.870474	0.000000	0.000000	0.000000	0.000000	0.539028	0.204772	0.000000	0.000000	0.000000	0.000000	1.509837	0.806984	0.000000	0.000000	0.000000	0.412848	0.773429	0.326366	0.000000	0.000000	0.000000	-0.172066	0.839072	-0.172066	0.839072	-0.172066	2.539447	
1.565182	0.890191	0.000000	0.000000	0.000000	0.000000	0.532371	0.189534	0.000000	0.000000	0.000000	0.000000	1.535517	0.815232	0.000000	0.000000	0.000000	0.394525	0.256794	0.082476	0.000000	0.000000	0.000000	-0.183228	0.268310	-0.183228	0.268310	-0.183228	2.639444	
1.618079	0.908370	0.000000	0.000000	0.000000	0.000000	0.525484	0.173967	0.000000	0.000000	0.000000	0.000000	1.611871	0.843910	0.000000	0.000000	0.000000	0.375367	0.763543	0.286776	0.000000	0.000000	0.000000	-0.191582	0.815115	-0.191582	0.815115	-0.191582	2.739431	
1.670275	0.924976	0.000000	0.000000	0.000000	0.000000	0.518369	0.158095	0.000000	0.000000	0.000000	0.000000	1.635886	0.850093	0.000000	0.000000	0.000000	0.355021	0.240152	0.061829	0.000000	0.000000	0.000000	-0.203460	0.246098	-0.203460	0.246098	-0.203460	2.839465	
1.721750	0.939980	0.000000	0.000000	0.000000	0.000000	0.511031	0.141949	0.000000	0.000000	0.000000	0.000000	1.711161	0.874586	0.000000	0.000000	0.000000	0.333688	0.752751	0.244938	0.000000	0.000000	0.000000	-0.213332	0.790952	-0.213332	0.790952	-0.213332	2.939751	
1.772477	0.953358	0.000000	0.000000	0.000000	0.000000	0.503471	0.125569	0.000000	0.000000	0.000000	0.000000	1.733428	0.878718	0.000000	0.000000	0.000000	0.311093	0.222663	0.041315	0.000000	0.000000	0.000000	-0.225948	0.223913	-0.225948	0.223913	-0.225948	3.039441	
1.822440	0.965088	0.000000	0.000000	0.000000	0.000000	0.495692	0.108959	0.000000	0.000000	0.000000	0.000000	1.807621	0.898851	0.000000	0.000000	0.000000	0.287467	0.741933	0.201331	0.000000	0.000000	0.000000	-0.236253	0.767947	-0.236253	0.767947	-0.236253	3.139791	
1.871612	0.975146	0.000000	0.000000	0.000000	0.000000	0.487701	0.092169	0.000000	0.000000	0.000000	0.000000	1.828028	0.900976	0.000000	0.000000	0.000000	0.262477	0.204075	0.021246	0.000000	0.000000	0.000000	-0.249909	0.201725	-0.249909	0.201725	-0.249909	3.239440	
1.919975	0.983517	0.000000	0.000000	0.000000	0.000000	0.479495	0.075216	0.000000	0.000000	0.000000	0.000000	1.901037	0.916543	0.000000	0.000000	0.000000	0.236414	0.730083	0.155676	0.000000	0.000000	0.000000	-0.260621	0.745472	-0.260621	0.745472	-0.260621	3.339500	
1.967508	0.990187	0.000000	0.000000	0.000000	0.000000	0.471083	0.058131	0.000000	0.000000	0.000000	0.000000	1.919552	0.916753	0.000000	0.000000	0.000000	0.208865	0.185157	0.002101	0.000000	0.000000	0.000000	-0.275499	0.180499	-0.275499	0.180499	-0.275499	3.439548	
2.014190	0.995143	0.000000	0.000000	0.000000	0.000000	0.462467	0.040945	0.000000	0.000000	0.000000	0.000000	1.991315	0.927564	0.000000	0.000000	0.000000	0.180170	0.717625	0.108107	0.000000	0.000000	0.000000	-0.286940	0.724445	-0.286940	0.724445	-0.286940	3.539932	
2.060000	0.998376	0.000000	0.000000	0.000000	0.000000	0.453652	0.023691	0.000000	0.000000	0.000000	0.000000	2.007860	0.925969	0.000000	0.000000	0.000000	0.149942	0.165448	-0.015952	0.000000	0.000000	0.000000	-0.302280	0.159912	-0.302280	0.159912	-0.302280	3.639747	
2.104918	0.999881	0.000000	0.000000	0.000000	0.000000	0.444641	0.006397	0.000000	0.000000	0.000000	0.000000	2.078407	0.931868	0.000000	0.000000	0.000000	0.118571	0.705469	0.058988	0.000000	0.000000	0.000000	-0.313716	0.706366	-0.313716	0.706366	-0.313716	3.739636	
2.148925	0.999656	0.000000	0.000000	0.000000	0.000000	0.435438	-0.010910	0.000000	0.000000	0.000000	0.000000	2.093022	0.928633	0.000000	0.000000	0.000000	0.085633	0.146154	-0.032345	0.000000	0.000000	0.000000	-0.329381	0.141302	-0.329381	0.141302	-0.329381	3.839548	
2.192003	0.997700	0.000000	0.000000	0.000000	0.000000	0.426043	-0.028202	0.000000	0.000000	0.000000	0.000000	2.162292	0.929447	0.000000	0.000000	0.000000	0.051539	0.692701	0.008135	0.000000	0.000000	0.000000	-0.340934	0.690859	-0.340934	0.690859	-0.340934	3.939789	
2.234131	0.994019	0.000000	0.000000	0.000000	0.000000	0.416470	-0.045434	0.000000	0.000000	0.000000	0.000000	2.174811	0.924730	0.000000	0.000000	0.000000	0.015840	0.125191	-0.047163	0.000000	0.000000	0.000000	-0.356996	0.122595	-0.356996	0.122595	-0.356996	4.039467	
2.275294	0.988616	0.000000	0.000000	0.000000	0.000000	0.406712	-0.062597	0.000000	0.000000	0.000000	0.000000	2.242579	0.920278	0.000000	0.000000	0.000000	-0.020993	0.677682	-0.044521	0.000000	0.000000	0.000000	-0.368330	0.676892	-0.368330	0.676892	-0.368330	4.139562	
2.315471	0.981504	0.000000	0.000000	0.000000	0.000000	0.396781	-0.079647	0.000000	0.000000	0.000000	0.000000	2.253348	0.914289	0.000000	0.000000	0.000000	-0.059403	0.107686	-0.059888	0.000000	0.000000	0.000000	-0.384098	0.108919	-0.384098	0.108919	-0.384098	4.239496	
2.354647	0.972695	0.000000	0.000000	0.000000	0.000000	0.386680	-0.096556	0.000000	0.000000	0.000000	0.000000	2.319308	0.904437	0.000000	0.000000	0.000000	-0.098864	0.659595	-0.098524	0.000000	0.000000	0.000000	-0.394605	0.664281	-0.394605	0.664281	-0.394605	4.339491	
2.392804	0.962200	0.000000	0.000000	0.000000	0.000000	0.376407	-0.113304	0.000000	0.000000	0.000000	0.000000	2.328169	0.897382	0.000000	0.000000	0.000000	-0.139836	0.088614	-0.070549	0.000000	0.000000	0.000000	-0.409719	0.095144	-0.409719	0.095144	-0.409719	4.439692	
2.429925	0.950040	0.000000	0.000000	0.000000	0.000000	0.365973	-0.129854	0.000000	0.000000	0.000000	0.000000	2.392417	0.881992	0.000000	0.000000	0.000000	-0.181733	0.642479	-0.153898	0.000000	0.000000	0.000000	-0.418979	0.657658	-0.418979	0.657658	-0.418979	4.539535	
2.465995	0.936237	0.000000	0.000000	0.000000	0.000000	0.355381	-0.146180	0.000000	0.000000	0.000000	0.000000	2.399610	0.874070	0.000000	0.000000	0.000000	-0.225014	0.071933	-0.079227	0.000000	0.000000	0.000000	-0.432808	0.085067	-0.432808	0.085067	-0.432808	4.639513	
2.500998	0.920812	0.000000	0.000000	0.000000	0.000000	0.344634	-0.162254	0.000000	0.000000	0.000000	0.000000	2.461826	0.853055	0.000000	0.000000	0.000000	-0.269036	0.622159	-0.210146	0.000000	0.000000	0.000000	-0.440217	0.653363	-0.440217	0.653363	-0.440217	4.739520	
2.534919	0.903795	0.000000	0.000000	0.000000	0.000000	0.333738	-0.178046	0.000000	0.000000	0.000000	0.000000	2.467243	0.844529	0.000000	0.000000	0.000000	-0.314234	0.054168	-0.085262	0.000000	0.000000	0.000000	-0.451981	0.074882	-0.451981	0.074882	-0.451981	4.839446	
2.567743	0.885213	0.000000	0.000000	0.000000	0.000000	0.322698	-0.193530	0.000000	0.000000	0.000000	0.000000	2.527282	0.817805	0.000000	0.000000	0.000000	-0.359950	0.600397	-0.267236	0.000000	0.000000	0.000000	-0.457162	0.653597	-0.457162	0.653597	-0.457162	4.939495	
2.599456	0.865099	0.000000	0.000000	0.000000	0.000000	0.311518	-0.208680	0.000000	0.000000	0.000000	0.000000	2.531336	0.808807	0.000000	0.000000	0.000000	-0.406575	0.040534	-0.089981	0.000000	0.000000	0.000000	-0.466245	0.069630	-0.466245	0.069630	-0.466245	5.039661	
2.630045	0.843487	0.000000	0.000000	0.000000	0.000000	0.300203	-0.223470	0.000000	0.000000	0.000000	0.000000	2.588599	0.776500	0.000000	0.000000	0.000000	-0.453428	0.572629	-0.323071	0.000000	0.000000	0.000000	-0.468533	0.653712	-0.468533	0.653712	-0.468533	5.139791	
2.659496	0.820415	0.000000	0.000000	0.000000	0.000000	0.288758	-0.237872	0.000000	0.000000	0.000000	0.000000	2.591795	0.767017	0.000000	0.000000	0.000000	-0.500926	0.031965	-0.094833	0.000000	0.000000	0.000000	-0.474984	0.070277	-0.474984	0.070277	-0.474984	5.239749	
2.687795	0.795925	0.000000	0.000000	0.000000	0.000000	0.277189	-0.251861	0.000000	0.000000	0.000000	0.000000	2.646373	0.729038	0.000000	0.000000	0.000000	-0.548276	0.545777	-0.379789	0.000000	0.000000	0.000000	-0.473494	0.661111	-0.473494	0.661111	-0.473494	5.339569	
2.714932	0.770057	0.000000	0.000000	0.000000	0.000000	0.265500	-0.265415	0.000000	0.000000	0.000000	0.000000	2.648581	0.719312	0.000000	0.000000	0.000000	-0.595942	0.022076	-0.097262	0.000000	0.000000	0.000000	-0.476665	0.069535	-0.476665	0.069535	-0.476665	5.439625	
2.740893	0.742858	0.000000	0.000000	0.000000	0.000000	0.253696	-0.278509	0.000000	0.000000	0.000000	0.000000	2.699921	0.675954	0.000000	0.000000	0.000000	-0.643053	0.513406	-0.433575	0.000000	0.000000	0.000000	-0.471112	0.668266	-0.471112	0.668266	-0.471112	5.539463	
2.765669	0.714372	0.000000	0.000000	0.000000	0.000000	0.241782	-0.291122	0.000000	0.000000	0.000000	0.000000	2.701449	0.665952	0.000000	0.000000	0.000000	-0.690308	0.015275	-0.100019	0.000000	0.000000	0.000000	-0.472550	0.072199	-0.472550	0.072199	-0.472550	5.639515	
2.789248	0.684648	0.000000	0.000000	0.000000	0.000000	0.229763	-0.303234	0.000000	0.000000	0.000000	0.000000	2.748996	0.617659	0.000000	0.000000	0.000000	-0.736704	0.475473	-0.482930	0.000000	0.000000	0.000000	-0.463960	0.674131	-0.463960	0.674131	-0.463960	5.739528	
2.811620	0.653741	0.000000	0.000000	0.000000	0.000000	0.217645	-0.314819	0.000000	0.000000	0.000000	0.000000	2.749925	0.607441	0.000000	0.000000	0.000000	-0.783001	0.009288	-0.102182	0.000000	0.000000	0.000000	-0.462966	0.075531	-0.462966	0.075531	-0.462966	5.839546	
2.832776	0.621703	0.000000	0.000000	0.000000	0.000000	0.205433	-0.325856	0.000000	0.000000	0.000000	0.000000	2.793519	0.554445	0.000000	0.000000	0.000000	-0.828410	0.435948	-0.529959	0.000000	0.000000	0.000000	-0.454087	0.682838	-0.454087	0.682838	-0.454087	5.939490	
2.852706	0.588587	0.000000	0.000000	0.000000	0.000000	0.193132	-0.336334	0.000000	0.000000	0.000000	0.000000	2.794155	0.543753	0.000000	0.000000	0.000000	-0.873477	0.006352	-0.106918	0.000000	0.000000	0.000000	-0.450674	0.083078	-0.450674	0.083078	-0.450674	6.039612	
2.871401	0.554455	0.000000	0.000000	0.000000	0.000000	0.180747	-0.346226	0.000000	0.000000	0.000000	0.000000	2.833435	0.486639	0.000000	0.000000	0.000000	-0.917250	0.392804	-0.571146	0.000000	0.000000	0.000000	-0.437728	0.690066	-0.437728	0.690066	-0.437728	6.139551	
2.888854	0.519360	0.000000	0.000000	0.000000	0.000000	0.168279	-0.355522	0.000000	0.000000	0.000000	0.000000	2.833435	0.475922	0.000000	0.000000	0.000000	-0.960687	-0.000000	-0.107164	0.000000	0.000000	0.000000	-0.434375	0.085080	-0.434375	0.085080	-0.434375	6.239834	
2.905057	0.483371	0.000000	0.000000	0.000000	0.000000	0.155745	-0.364199	0.000000	0.000000	0.000000	0.000000	2.868310	0.414980	0.000000	0.000000	0.000000	-1.002913	0.348752	-0.609419	0.000000	0.000000	0.000000	-0.422254	0.699291	-0.422254	0.699291	-0.422254	6.339506	
2.920003	0.446540	0.000000	0.000000	0.000000	0.000000	0.143140	-0.372248	0.000000	0.000000	0.000000	0.000000	2.867929	0.403939	0.000000	0.000000	0.000000	-1.044649	-0.003818	-0.110412	0.000000	0.000000	0.000000	-0.417359	0.091028	-0.417359	0.091028	-0.417359	6.439764	
2.933685	0.408940	0.000000	0.000000	0.000000	0.000000	0.130477	-0.379651	0.000000	0.000000	0.000000	0.000000	2.897973	0.340116	0.000000	0.000000	0.000000	-1.085128	0.300442	-0.638235	0.000000	0.000000	0.000000	-0.404792	0.702796	-0.404792	0.702796	-0.404792	6.539559	
2.946098	0.370632	0.000000	0.000000	0.000000	0.000000	0.117755	-0.386398	0.000000	0.000000	0.000000	0.000000	2.897049	0.329005	0.000000	0.000000	0.000000	-1.125154	-0.009241	-0.111109	0.000000	0.000000	0.000000	-0.400256	0.093947	-0.400256	0.093947	-0.400256	6.639489	
2.957237	0.331668	0.000000	0.000000	0.000000	0.000000	0.104982	-0.392477	0.000000	0.000000	0.000000	0.000000	2.922186	0.262866	0.000000	0.000000	0.000000	-1.163992	0.251377	-0.661388	0.000000	0.000000	0.000000	-0.388381	0.705145	-0.388381	0.705145	-0.388381	6.739644	
2.967096	0.292134	0.000000	0.000000	0.000000	0.000000	0.092161	-0.397878	0.000000	0.000000	0.000000	0.000000	2.920916	0.251284	0.000000	0.000000	0.000000	-1.202321	-0.012701	-0.115824	0.000000	0.000000	0.000000	-0.383288	0.101346	-0.383288	0.101346	-0.383288	6.839761	
2.975671	0.252109	0.000000	0.000000	0.000000	0.000000	0.079305	-0.402588	0.000000	0.000000	0.000000	0.000000	2.941153	0.183352	0.000000	0.000000	0.000000	-1.239588	0.202366	-0.679314	0.000000	0.000000	0.000000	-0.372679	0.706608	-0.372679	0.706608	-0.372679	6.939876	
2.982958	0.211640	0.000000	0.000000	0.000000	0.000000	0.066412	-0.406602	0.000000	0.000000	0.000000	0.000000	2.939202	0.172058	0.000000	0.000000	0.000000	-1.276374	-0.019510	-0.112945	0.000000	0.000000	0.000000	-0.367851	0.100462	-0.367851	0.100462	-0.367851	7.039972	
2.988954	0.170809	0.000000	0.000000	0.000000	0.000000	0.053492	-0.409912	0.000000	0.000000	0.000000	0.000000	2.954589	0.102813	0.000000	0.000000	0.000000	-1.312166	0.153871	-0.692444	0.000000	0.000000	0.000000	-0.357927	0.707300	-0.357927	0.707300	-0.357927	7.139665	
2.993661	0.129660	0.000000	0.000000	0.000000	0.000000	0.040541	-0.412514	0.000000	0.000000	0.000000	0.000000	2.952005	0.091782	0.000000	0.000000	0.000000	-1.347627	-0.025839	-0.110310	0.000000	0.000000	0.000000	-0.354611	0.100033	-0.354611	0.100033	-0.354611	7.239792	
2.997067	0.088328	0.000000	0.000000	0.000000	0.000000	0.027586	-0.414399	0.000000	0.000000	0.000000	0.000000	2.962555	0.021866	0.000000	0.000000	0.000000	-1.382199	0.105499	-0.699169	0.000000	0.000000	0.000000	-0.345721	0.705180	-0.345721	0.705180	-0.345721	7.339677	
2.999177	0.046823	0.000000	0.000000	0.000000	0.000000	0.014613	-0.415569	0.000000	0.000000	0.000000	0.000000	2.959381	0.010945	0.000000	0.000000	0.000000	-1.416634	-0.031740	-0.109203	0.000000	0.000000	0.000000	-0.344340	0.101316	-0.344340	0.101316	-0.344340	7.439693	
2.999990	0.005237	0.000000	0.000000	0.000000	0.000000	0.001633	-0.416019	0.000000	0.000000	0.000000	0.000000	2.965181	-0.059364	0.000000	0.000000	0.000000	-1.450402	0.057997	-0.703092	0.000000	0.000000	0.000000	-0.337682	0.703659	-0.337682	0.703659	-0.337682	7.539652	
2.999504	-0.036358	0.000000	0.000000	0.000000	0.000000	-0.011347	-0.415750	0.000000	0.000000	0.000000	0.000000	2.961363	-0.069872	0.000000	0.000000	0.000000	-1.484084	-0.038179	-0.105080	0.000000	0.000000	0.000000	-0.336824	0.099734	-0.336824	0.099734	-0.336824	7.639602	
2.997721	-0.077891	0.000000	0.000000	0.000000	0.000000	-0.024322	-0.414761	0.000000	0.000000	0.000000	0.000000	2.962485	-0.140166	0.000000	0.000000	0.000000	-1.517218	0.011219	-0.702939	0.000000	0.000000	0.000000	-0.331335	0.701269	-0.331335	0.701269	-0.331335	7.739717	
2.994641	-0.119289	0.000000	0.000000	0.000000	0.000000	-0.037288	-0.413054	0.000000	0.000000	0.000000	0.000000	2.958027	-0.150468	0.000000	0.000000	0.000000	-1.550573	-0.044580	-0.103021	0.000000	0.000000	0.000000	-0.333555	0.100486	-0.333555	0.100486	-0.333555	7.839840	
2.990264	-0.160480	0.000000	0.000000	0.000000	0.000000	-0.050236	-0.410633	0.000000	0.000000	0.000000	0.000000	2.954491	-0.220506	0.000000	0.000000	0.000000	-1.583579	-0.035354	-0.700383	0.000000	0.000000	0.000000	-0.330064	0.699525	-0.330064	0.699525	-0.330064	7.939722	
2.984594	-0.201394	0.000000	0.000000	0.000000	0.000000	-0.063163	-0.407501	0.000000	0.000000	0.000000	0.000000	2.949389	-0.229634	0.000000	0.000000	0.000000	-1.616816	-0.051026	-0.091281	0.000000	0.000000	0.000000	-0.332368	0.091926	-0.332368	0.091926	-0.332368	8.039598	
2.977633	-0.241960	0.000000	0.000000	0.000000	0.000000	-0.076064	-0.403663	0.000000	0.000000	0.000000	0.000000	2.941222	-0.298994	0.000000	0.000000	0.000000	-1.649930	-0.081665	-0.693597	0.000000	0.000000	0.000000	-0.331138	0.696619	-0.331138	0.696619	-0.331138	8.139651	
2.969383	-0.282105	0.000000	0.000000	0.000000	0.000000	-0.088930	-0.399127	0.000000	0.000000	0.000000	0.000000	2.935507	-0.307276	0.000000	0.000000	0.000000	-1.683547	-0.057152	-0.082819	0.000000	0.000000	0.000000	-0.336173	0.087077	-0.336173	0.087077	-0.336173	8.239574	
2.959848	-0.321763	0.000000	0.000000	0.000000	0.000000	-0.101759	-0.393901	0.000000	0.000000	0.000000	0.000000	2.922729	-0.375172	0.000000	0.000000	0.000000	-1.717263	-0.127777	-0.678959	0.000000	0.000000	0.000000	-0.337160	0.689024	-0.337160	0.689024	-0.337160	8.339605	
2.949033	-0.360866	0.000000	0.000000	0.000000	0.000000	-0.114544	-0.387992	0.000000	0.000000	0.000000	0.000000	2.916447	-0.382527	0.000000	0.000000	0.000000	-1.751538	-0.062819	-0.073556	0.000000	0.000000	0.000000	-0.342742	0.081936	-0.342742	0.081936	-0.342742	8.439787	
2.936941	-0.399343	0.000000	0.000000	0.000000	0.000000	-0.127278	-0.381412	0.000000	0.000000	0.000000	0.000000	2.899099	-0.448781	0.000000	0.000000	0.000000	-1.785912	-0.173484	-0.662537	0.000000	0.000000	0.000000	-0.343742	0.682930	-0.343742	0.682930	-0.343742	8.539699	
2.923579	-0.437128	0.000000	0.000000	0.000000	0.000000	-0.139958	-0.374172	0.000000	0.000000	0.000000	0.000000	2.892357	-0.454911	0.000000	0.000000	0.000000	-1.821098	-0.067419	-0.061302	0.000000	0.000000	0.000000	-0.351865	0.074280	-0.351865	0.074280	-0.351865	8.639650	
2.908952	-0.474157	0.000000	0.000000	0.000000	0.000000	-0.152578	-0.366284	0.000000	0.000000	0.000000	0.000000	2.870422	-0.519239	0.000000	0.000000	0.000000	-1.856547	-0.219347	-0.643278	0.000000	0.000000	0.000000	-0.354491	0.677564	-0.354491	0.677564	-0.354491	8.739809	
2.893065	-0.510369	0.000000	0.000000	0.000000	0.000000	-0.165132	-0.357762	0.000000	0.000000	0.000000	0.000000	2.863197	-0.524465	0.000000	0.000000	0.000000	-1.892945	-0.072256	-0.052258	0.000000	0.000000	0.000000	-0.363973	0.070506	-0.363973	0.070506	-0.363973	8.839924	
2.875927	-0.545695	0.000000	0.000000	0.000000	0.000000	-0.177614	-0.348621	0.000000	0.000000	0.000000	0.000000	2.836692	-0.586423	0.000000	0.000000	0.000000	-1.929781	-0.265050	-0.619577	0.000000	0.000000	0.000000	-0.368361	0.671620	-0.368361	0.671620	-0.368361	8.939897	
2.857545	-0.580073	0.000000	0.000000	0.000000	0.000000	-0.190018	-0.338878	0.000000	0.000000	0.000000	0.000000	2.829104	-0.590475	0.000000	0.000000	0.000000	-1.967650	-0.075877	-0.040523	0.000000	0.000000	0.000000	-0.378693	0.064597	-0.378693	0.064597	-0.378693	9.039597	
2.837926	-0.613451	0.000000	0.000000	0.000000	0.000000	-0.202341	-0.328548	0.000000	0.000000	0.000000	0.000000	2.798082	-0.649599	0.000000	0.000000	0.000000	-2.006041	-0.310222	-0.591241	0.000000	0.000000	0.000000	-0.383912	0.665197	-0.383912	0.665197	-0.383912	9.139624	
2.817079	-0.645765	0.000000	0.000000	0.000000	0.000000	-0.214575	-0.317649	0.000000	0.000000	0.000000	0.000000	2.790024	-0.652841	0.000000	0.000000	0.000000	-2.045636	-0.080576	-0.032423	0.000000	0.000000	0.000000	-0.395952	0.063374	-0.395952	0.063374	-0.395952	9.239612	
2.795014	-0.676963	0.000000	0.000000	0.000000	0.000000	-0.226717	-0.306201	0.000000	0.000000	0.000000	0.000000	2.754360	-0.709043	0.000000	0.000000	0.000000	-2.085791	-0.356639	-0.562013	0.000000	0.000000	0.000000	-0.401547	0.662889	-0.401547	0.662889	-0.401547	9.339614	
2.771739	-0.706989	0.000000	0.000000	0.000000	0.000000	-0.238761	-0.294222	0.000000	0.000000	0.000000	0.000000	2.745976	-0.711201	0.000000	0.000000	0.000000	-2.127350	-0.083843	-0.021581	0.000000	0.000000	0.000000	-0.415592	0.060078	-0.415592	0.060078	-0.415592	9.439624	
2.747264	-0.735792	0.000000	0.000000	0.000000	0.000000	-0.250702	-0.281734	0.000000	0.000000	0.000000	0.000000	2.705574	-0.764125	0.000000	0.000000	0.000000	-2.169659	-0.404017	-0.529243	0.000000	0.000000	0.000000	-0.423089	0.662798	-0.423089	0.662798	-0.423089	9.539602	
2.721601	-0.763321	0.000000	0.000000	0.000000	0.000000	-0.262535	-0.268759	0.000000	0.000000	0.000000	0.000000	2.697052	-0.765010	0.000000	0.000000	0.000000	-2.213261	-0.085224	-0.008854	0.000000	0.000000	0.000000	-0.436016	0.055354	-0.436016	0.055354	-0.436016	9.639619	
2.694760	-0.789530	0.000000	0.000000	0.000000	0.000000	-0.274253	-0.255319	0.000000	0.000000	0.000000	0.000000	2.652074	-0.814005	0.000000	0.000000	0.000000	-2.257621	-0.449774	-0.489942	0.000000	0.000000	0.000000	-0.443602	0.661749	-0.443602	0.661749	-0.443602	9.739616	
2.666754	-0.814371	0.000000	0.000000	0.000000	0.000000	-0.285853	-0.241437	0.000000	0.000000	0.000000	0.000000	2.643234	-0.813967	0.000000	0.000000	0.000000	-2.303354	-0.088406	0.000376	0.000000	0.000000	0.000000	-0.457332	0.055767	-0.457332	0.055767	-0.457332	9.839624	
2.637593	-0.837804	0.000000	0.000000	0.000000	0.000000	-0.297330	-0.227137	0.000000	0.000000	0.000000	0.000000	2.593756	-0.858567	0.000000	0.000000	0.000000	-2.349739	-0.494782	-0.446004	0.000000	0.000000	0.000000	-0.463852	0.662486	-0.463852	0.662486	-0.463852	9.939634	
2.607291	-0.859787	0.000000	0.000000	0.000000	0.000000	-0.308677	-0.212443	0.000000	0.000000	0.000000	0.000000	2.584628	-0.857634	0.000000	0.000000	0.000000	-2.397415	-0.091272	0.009337	0.000000	0.000000	0.000000	-0.476756	0.057476	-0.476756	0.057476	-0.476756	10.039725	
2.575861	-0.880283	0.000000	0.000000	0.000000	0.000000	-0.319892	-0.197381	0.000000	0.000000	0.000000	0.000000	2.530656	-0.897510	0.000000	0.000000	0.000000	-2.445579	-0.539727	-0.398761	0.000000	0.000000	0.000000	-0.481643	0.667155	-0.481643	0.667155	-0.481643	10.140002	
2.543316	-0.899255	0.000000	0.000000	0.000000	0.000000	-0.330969	-0.181977	0.000000	0.000000	0.000000	0.000000	2.520882	-0.896050	0.000000	0.000000	0.000000	-2.494824	-0.097732	0.014601	0.000000	0.000000	0.000000	-0.492449	0.065638	-0.492449	0.065638	-0.492449	10.240070	
2.509670	-0.916670	0.000000	0.000000	0.000000	0.000000	-0.341901	-0.166260	0.000000	0.000000	0.000000	0.000000	2.462446	-0.930873	0.000000	0.000000	0.000000	-2.544318	-0.584365	-0.348235	0.000000	0.000000	0.000000	-0.494939	0.676194	-0.494939	0.676194	-0.494939	10.340067	
2.474939	-0.932498	0.000000	0.000000	0.000000	0.000000	-0.352685	-0.150257	0.000000	0.000000	0.000000	0.000000	2.452092	-0.928791	0.000000	0.000000	0.000000	-2.594617	-0.103540	0.020823	0.000000	0.000000	0.000000	-0.502990	0.073904	-0.502990	0.073904	-0.502990	10.440652	
2.439137	-0.946717	0.000000	0.000000	0.000000	0.000000	-0.363320	-0.133986	0.000000	0.000000	0.000000	0.000000	2.389419	-0.958134	0.000000	0.000000	0.000000	-2.644844	-0.626725	-0.293435	0.000000	0.000000	0.000000	-0.502270	0.687904	-0.502270	0.687904	-0.502270	10.539926	
2.402280	-0.959290	0.000000	0.000000	0.000000	0.000000	-0.373793	-0.117494	0.000000	0.000000	0.000000	0.000000	2.378001	-0.955667	0.000000	0.000000	0.000000	-2.695581	-0.114184	0.024670	0.000000	0.000000	0.000000	-0.507367	0.088626	-0.507367	0.088626	-0.507367	10.639845	
2.364383	-0.970208	0.000000	0.000000	0.000000	0.000000	-0.384111	-0.100779	0.000000	0.000000	0.000000	0.000000	2.311674	-0.979048	0.000000	0.000000	0.000000	-2.745703	-0.663269	-0.233804	0.000000	0.000000	0.000000	-0.501220	0.699241	-0.501220	0.699241	-0.501220	10.739871	
2.325461	-0.979448	0.000000	0.000000	0.000000	0.000000	-0.394262	-0.083902	0.000000	0.000000	0.000000	0.000000	2.299007	-0.976161	0.000000	0.000000	0.000000	-2.796023	-0.126671	0.028866	0.000000	0.000000	0.000000	-0.503205	0.105742	-0.503205	0.105742	-0.503205	10.839732	
2.285534	-0.986986	0.000000	0.000000	0.000000	0.000000	-0.404229	-0.066897	0.000000	0.000000	0.000000	0.000000	2.229444	-0.993332	0.000000	0.000000	0.000000	-2.845408	-0.695631	-0.171706	0.000000	0.000000	0.000000	-0.493848	0.712670	-0.493848	0.712670	-0.493848	10.939642	
2.244619	-0.992820	0.000000	0.000000	0.000000	0.000000	-0.414030	-0.049762	0.000000	0.000000	0.000000	0.000000	2.215483	-0.989899	0.000000	0.000000	0.000000	-2.894459	-0.139608	0.034323	0.000000	0.000000	0.000000	-0.490511	0.123510	-0.490511	0.123510	-0.490511	11.039666	
2.202733	-0.996936	0.000000	0.000000	0.000000	0.000000	-0.423653	-0.032540	0.000000	0.000000	0.000000	0.000000	2.143304	-1.000714	0.000000	0.000000	0.000000	-2.942265	-0.721794	-0.108147	0.000000	0.000000	0.000000	-0.478055	0.726320	-0.478055	0.726320	-0.478055	11.139707	
2.159893	-0.999327	0.000000	0.000000	0.000000	0.000000	-0.433091	-0.015263	0.000000	0.000000	0.000000	0.000000	2.127794	-0.996627	0.000000	0.000000	0.000000	-2.989444	-0.155095	0.040867	0.000000	0.000000	0.000000	-0.471790	0.143932	-0.471790	0.143932	-0.471790	11.239641	
2.116119	-0.999988	0.000000	0.000000	0.000000	0.000000	-0.442343	0.002042	0.000000	0.000000	0.000000	0.000000	2.053278	-1.001147	0.000000	0.000000	0.000000	-3.034952	-0.745164	-0.045199	0.000000	0.000000	0.000000	-0.455080	0.743406	-0.455080	0.743406	-0.455080	11.339646	
2.071430	-0.998919	0.000000	0.000000	0.000000	0.000000	-0.451403	0.019343	0.000000	0.000000	0.000000	0.000000	2.035925	-0.996268	0.000000	0.000000	0.000000	-3.079611	-0.173526	0.048796	0.000000	0.000000	0.000000	-0.446593	0.167346	-0.446593	0.167346	-0.446593	11.439654	
2.025843	-0.996121	0.000000	0.000000	0.000000	0.000000	-0.460268	0.036611	0.000000	0.000000	0.000000	0.000000	1.959375	-0.994583	0.000000	0.000000	0.000000	-3.122432	-0.765499	0.016847	0.000000	0.000000	0.000000	-0.428208	0.762986	-0.428208	0.762986	-0.428208	11.539708	
1.979381	-0.991599	0.000000	0.000000	0.000000	0.000000	-0.468933	0.053815	0.000000	0.000000	0.000000	0.000000	1.939999	-0.988715	0.000000	0.000000	0.000000	3.119168	-0.193762	0.058676	0.000000	0.000000	0.000000	-0.415854	0.192603	-0.415854	0.192603	-0.415854	11.641239	
1.932062	-0.985361	0.000000	0.000000	0.000000	0.000000	-0.477396	0.070926	0.000000	0.000000	0.000000	0.000000	1.861891	-0.981014	0.000000	0.000000	0.000000	3.079518	-0.781080	0.077008	0.000000	0.000000	0.000000	-0.396500	0.782610	-0.396500	0.782610	-0.396500	11.739640	
1.883907	-0.977417	0.000000	0.000000	0.000000	0.000000	-0.485652	0.087915	0.000000	0.000000	0.000000	0.000000	1.840588	-0.973949	0.000000	0.000000	0.000000	3.041315	-0.213034	0.070656	0.000000	0.000000	0.000000	-0.382029	0.217007	-0.382029	0.217007	-0.382029	11.839710	
1.834936	-0.967782	0.000000	0.000000	0.000000	0.000000	-0.493699	0.104752	0.000000	0.000000	0.000000	0.000000	1.761185	-0.960502	0.000000	0.000000	0.000000	3.005112	-0.794026	0.134470	0.000000	0.000000	0.000000	-0.362031	0.803499	-0.362031	0.803499	-0.362031	11.939760	
1.785171	-0.956472	0.000000	0.000000	0.000000	0.000000	-0.501531	0.121407	0.000000	0.000000	0.000000	0.000000	1.738028	-0.952070	0.000000	0.000000	0.000000	2.970424	-0.231569	0.084323	0.000000	0.000000	0.000000	-0.346884	0.240888	-0.346884	0.240888	-0.346884	12.039651	
1.734635	-0.943508	0.000000	0.000000	0.000000	0.000000	-0.509146	0.137851	0.000000	0.000000	0.000000	0.000000	1.657531	-0.933181	0.000000	0.000000	0.000000	2.937746	-0.804971	0.188891	0.000000	0.000000	0.000000	-0.326772	0.825382	-0.326772	0.825382	-0.326772	12.139651	
1.683347	-0.928909	0.000000	0.000000	0.000000	0.000000	-0.516541	0.154059	0.000000	0.000000	0.000000	0.000000	1.632387	-0.923221	0.000000	0.000000	0.000000	2.906655	-0.251442	0.099600	0.000000	0.000000	0.000000	-0.310909	0.266398	-0.310909	0.266398	-0.310909	12.239740	
1.631332	-0.912705	0.000000	0.000000	0.000000	0.000000	-0.523713	0.169997	0.000000	0.000000	0.000000	0.000000	1.551139	-0.899276	0.000000	0.000000	0.000000	2.877496	-0.812478	0.239447	0.000000	0.000000	0.000000	-0.291591	0.845897	-0.291591	0.845897	-0.291591	12.339697	
1.578610	-0.894919	0.000000	0.000000	0.000000	0.000000	-0.530658	0.185643	0.000000	0.000000	0.000000	0.000000	1.524199	-0.887699	0.000000	0.000000	0.000000	2.849873	-0.269399	0.115771	0.000000	0.000000	0.000000	-0.276230	0.290279	-0.276230	0.290279	-0.276230	12.439674	
1.525206	-0.875586	0.000000	0.000000	0.000000	0.000000	-0.537373	0.200967	0.000000	0.000000	0.000000	0.000000	1.442199	-0.859039	0.000000	0.000000	0.000000	2.824102	-0.820004	0.286598	0.000000	0.000000	0.000000	-0.257715	0.867785	-0.257715	0.867785	-0.257715	12.539673	
1.471140	-0.854736	0.000000	0.000000	0.000000	0.000000	-0.543856	0.215945	0.000000	0.000000	0.000000	0.000000	1.413560	-0.845783	0.000000	0.000000	0.000000	2.799749	-0.286395	0.132563	0.000000	0.000000	0.000000	-0.243534	0.313465	-0.243534	0.313465	-0.243534	12.639738	
1.416439	-0.832408	0.000000	0.000000	0.000000	0.000000	-0.550103	0.230547	0.000000	0.000000	0.000000	0.000000	1.330979	-0.812799	0.000000	0.000000	0.000000	2.777136	-0.825808	0.329836	0.000000	0.000000	0.000000	-0.226127	0.888595	-0.226127	0.888595	-0.226127	12.739685	
1.361125	-0.808640	0.000000	0.000000	0.000000	0.000000	-0.556113	0.244750	0.000000	0.000000	0.000000	0.000000	1.300764	-0.797849	0.000000	0.000000	0.000000	2.755812	-0.302144	0.149502	0.000000	0.000000	0.000000	-0.213238	0.335587	-0.213238	0.335587	-0.213238	12.839742	
1.305222	-0.783471	0.000000	0.000000	0.000000	0.000000	-0.561882	0.258531	0.000000	0.000000	0.000000	0.000000	1.217542	-0.760850	0.000000	0.000000	0.000000	2.736049	-0.832221	0.369987	0.000000	0.000000	0.000000	-0.197630	0.910277	-0.197630	0.910277	-0.197630	12.939694	
1.248754	-0.756946	0.000000	0.000000	0.000000	0.000000	-0.567408	0.271864	0.000000	0.000000	0.000000	0.000000	1.185901	-0.744236	0.000000	0.000000	0.000000	2.717496	-0.316415	0.166137	0.000000	0.000000	0.000000	-0.185533	0.356294	-0.185533	0.356294	-0.185533	13.039792	
1.191745	-0.729111	0.000000	0.000000	0.000000	0.000000	-0.572688	0.284727	0.000000	0.000000	0.000000	0.000000	1.102223	-0.703634	0.000000	0.000000	0.000000	2.700346	-0.836773	0.406025	0.000000	0.000000	0.000000	-0.171499	0.929723	-0.171499	0.929723	-0.171499	13.139842	
1.134222	-0.700016	0.000000	0.000000	0.000000	0.000000	-0.577720	0.297096	0.000000	0.000000	0.000000	0.000000	1.069314	-0.685429	0.000000	0.000000	0.000000	2.684302	-0.329099	0.182050	0.000000	0.000000	0.000000	-0.160438	0.375325	-0.160438	0.375325	-0.160438	13.239824	
1.076207	-0.669709	0.000000	0.000000	0.000000	0.000000	-0.582503	0.308951	0.000000	0.000000	0.000000	0.000000	0.985153	-0.641541	0.000000	0.000000	0.000000	2.669501	-0.841609	0.438882	0.000000	0.000000	0.000000	-0.148012	0.948910	-0.148012	0.948910	-0.148012	13.339827	
1.017727	-0.638243	0.000000	0.000000	0.000000	0.000000	-0.587033	0.320272	0.000000	0.000000	0.000000	0.000000	0.951149	-0.621849	0.000000	0.000000	0.000000	2.655669	-0.340035	0.196919	0.000000	0.000000	0.000000	-0.138322	0.392391	-0.138322	0.392391	-0.138322	13.439747	
0.958807	-0.605673	0.000000	0.000000	0.000000	0.000000	-0.591309	0.331038	0.000000	0.000000	0.000000	0.000000	0.866535	-0.575007	0.000000	0.000000	0.000000	2.642985	-0.846140	0.468416	0.000000	0.000000	0.000000	-0.126833	0.966956	-0.126833	0.966956	-0.126833	13.539682	
0.899472	-0.572054	0.000000	0.000000	0.000000	0.000000	-0.595329	0.341231	0.000000	0.000000	0.000000	0.000000	0.831631	-0.553987	0.000000	0.000000	0.000000	2.631187	-0.349036	0.210200	0.000000	0.000000	0.000000	-0.117987	0.407059	-0.117987	0.407059	-0.117987	13.639694	
0.839747	-0.537445	0.000000	0.000000	0.000000	0.000000	-0.599092	0.350834	0.000000	0.000000	0.000000	0.000000	0.746695	-0.504586	0.000000	0.000000	0.000000	2.620447	-0.849360	0.494013	0.000000	0.000000	0.000000	-0.107402	0.982447	-0.107402	0.982447	-0.107402	13.739746	
0.779659	-0.501906	0.000000	0.000000	0.000000	0.000000	-0.602596	0.359830	0.000000	0.000000	0.000000	0.000000	0.710949	-0.482346	0.000000	0.000000	0.000000	2.610513	-0.357464	0.222397	0.000000	0.000000	0.000000	-0.099339	0.420736	-0.099339	0.420736	-0.099339	13.839765	
0.719233	-0.465497	0.000000	0.000000	0.000000	0.000000	-0.605839	0.368203	0.000000	0.000000	0.000000	0.000000	0.625706	-0.430713	0.000000	0.000000	0.000000	2.601523	-0.852434	0.516333	0.000000	0.000000	0.000000	-0.089901	0.996525	-0.089901	0.996525	-0.089901	13.939711	
0.658497	-0.428285	0.000000	0.000000	0.000000	0.000000	-0.608820	0.375939	0.000000	0.000000	0.000000	0.000000	0.589241	-0.407401	0.000000	0.000000	0.000000	2.593225	-0.364642	0.233124	0.000000	0.000000	0.000000	-0.082980	0.432615	-0.082980	0.432615	-0.082980	14.039701	
0.597476	-0.390331	0.000000	0.000000	0.000000	0.000000	-0.611537	0.383024	0.000000	0.000000	0.000000	0.000000	0.504485	-0.354319	0.000000	0.000000	0.000000	2.585788	-0.847561	0.530815	0.000000	0.000000	0.000000	-0.074369	1.000000	-0.074369	1.000000	-0.074369	14.139961	
0.536197	-0.351701	0.000000	0.000000	0.000000	0.000000	-0.613990	0.389447	0.000000	0.000000	0.000000	0.000000	0.467050	-0.329885	0.000000	0.000000	0.000000	2.579089	-0.374350	0.244346	0.000000	0.000000	0.000000	-0.066990	0.446925	-0.066990	0.446925	-0.066990	14.239698	
0.474685	-0.312463	0.000000	0.000000	0.000000	0.000000	-0.616177	0.395195	0.000000	0.000000	0.000000	0.000000	0.382933	-0.275800	0.000000	0.000000	0.000000	2.573146	-0.841168	0.540847	0.000000	0.000000	0.000000	-0.059430	1.000000	-0.059430	1.000000	-0.059430	14.341228	
0.412967	-0.272683	0.000000	0.000000	0.000000	0.000000	-0.618097	0.400260	0.000000	0.000000	0.000000	0.000000	0.344647	-0.250413	0.000000	0.000000	0.000000	2.567917	-0.382864	0.253873	0.000000	0.000000	0.000000	-0.052289	0.459319	-0.052289	0.459319	-0.052289	14.439716	
0.351072	-0.232432	0.000000	0.000000	0.000000	0.000000	-0.619750	0.404632	0.000000	0.000000	0.000000	0.000000	0.261023	-0.195572	0.000000	0.000000	0.000000	2.563404	-0.836238	0.548409	0.000000	0.000000	0.000000	-0.045129	1.000000	-0.045129	1.000000	-0.045129	14.539780	
0.289024	-0.191779	0.000000	0.000000	0.000000	0.000000	-0.621135	0.408303	0.000000	0.000000	0.000000	0.000000	0.222367	-0.169657	0.000000	0.000000	0.000000	2.559563	-0.386567	0.259147	0.000000	0.000000	0.000000	-0.038410	0.465358	-0.038410	0.465358	-0.038410	14.639728	
0.226851	-0.150793	0.000000	0.000000	0.000000	0.000000	-0.622251	0.411268	0.000000	0.000000	0.000000	0.000000	0.139090	-0.114292	0.000000	0.000000	0.000000	2.556425	-0.832761	0.553652	0.000000	0.000000	0.000000	-0.031377	1.000000	-0.031377	1.000000	-0.031377	14.739774	
0.164578	-0.109544	0.000000	0.000000	0.000000	0.000000	-0.623098	0.413522	0.000000	0.000000	0.000000	0.000000	0.100171	-0.088049	0.000000	0.000000	0.000000	2.553893	-0.389190	0.262425	0.000000	0.000000	0.000000	-0.025319	0.469384	-0.025319	0.469384	-0.025319	14.839919	
0.102236	-0.068108	0.000000	0.000000	0.000000	0.000000	-0.623675	0.415059	0.000000	0.000000	0.000000	0.000000	0.017102	-0.032375	0.000000	0.000000	0.000000	2.552058	-0.830692	0.556739	0.000000	0.000000	0.000000	-0.018354	1.000000	-0.018354	1.000000	-0.018354	14.939883	
0.039847	-0.026553	0.000000	0.000000	0.000000	0.000000	-0.623983	0.415879	0.000000	0.000000	0.000000	0.000000	-0.021879	-0.006073	0.000000	0.000000	0.000000	2.550787	-0.389808	0.263030	0.000000	0.000000	0.000000	-0.012712	0.470246	-0.012712	0.470246	-0.012712	15.040066	
-0.022557	0.015047	0.000000	0.000000	0.000000	0.000000	-0.624020	0.415978	0.000000	0.000000	0.000000	0.000000	-0.104872	0.049713	0.000000	0.000000	0.000000	2.550123	-0.829938	0.557857	0.000000	0.000000	0.000000	-0.006633	1.000000	-0.006633	1.000000	-0.006633	15.139851	
-0.084950	0.056619	0.000000	0.000000	0.000000	0.000000	-0.623787	0.415358	0.000000	0.000000	0.000000	0.000000	-0.143289	0.075513	0.000000	0.000000	0.000000	2.550147	-0.384171	0.258000	0.000000	0.000000	0.000000	0.000232	0.462765	0.000232	0.462765	0.000232	15.239754	
-0.147308	0.098095	0.000000	0.000000	0.000000	0.000000	-0.623285	0.414019	0.000000	0.000000	0.000000	0.000000	-0.226355	0.131191	0.000000	0.000000	0.000000	2.550773	-0.830659	0.556782	0.000000	0.000000	0.000000	0.006267	1.000000	0.006267	1.000000	0.006267	15.339811	
