X 	 Y 	 Z 	 Phi 	 Theta 	 Psi 	 Vx 	 Vy 	 Vz 	 dPhi 	 dTheta 	 dPsi 	Xd 	 Yd 	 Zd 	 Phid 	 Thetad 	 Psid 	  t
-3.000	  0.000	  0.200	  0.000	  0.000	  0.000	  0.000	  0.000	  0.000	  0.000	  0.000	  0.000	  0.000	  0.000	  0.000	  0.000	  0.000	  0.000	  0.518	 
-3.000	  0.000	  0.196	  0.000	  0.000	  0.000	  0.000	  0.000	  0.000	  0.000	  0.000	  0.000	  0.000	  0.000	  0.000	  0.000	  0.000	  0.000	  1.073	 
-3.000	  0.000	  0.191	  0.000	 -0.000	  0.000	  0.000	  0.000	  0.000	  0.000	 -0.000	  0.000	  0.000	  0.000	  0.000	  0.000	  0.000	  0.000	  1.136	 
-3.000	  0.000	  0.187	  0.000	  0.000	  0.000	  0.000	  0.000	  0.000	  0.000	  0.001	  0.000	  0.000	  0.000	  0.000	  0.000	  0.000	  0.000	  1.235	 
-3.000	  0.000	  0.185	  0.000	  0.000	  0.000	  0.000	  0.000	  0.000	  0.000	  0.002	  0.000	  0.000	  0.000	  0.000	  0.000	  0.000	  0.000	  1.628	 
-3.000	  0.000	  0.184	  0.000	  0.000	  0.000	  0.000	  0.000	  0.000	  0.000	  0.004	  0.000	  0.000	  0.000	  0.000	  0.000	  0.000	  0.000	  1.672	 
-3.000	  0.000	  0.185	  0.000	  0.000	  0.000	  0.000	  0.000	  0.000	  0.000	  0.007	  0.000	  0.000	  0.000	  0.000	  0.000	  0.000	  0.000	  1.705	 
-3.000	  0.000	  0.187	  0.000	  0.001	  0.000	  0.000	  0.000	  0.000	  0.000	  0.010	  0.000	  0.000	  0.000	  0.000	  0.000	  0.000	  0.000	  1.739	 
-3.000	  0.000	  0.189	  0.000	  0.001	  0.000	  0.000	  0.000	  0.000	  0.000	  0.014	  0.000	  0.000	  0.000	  0.000	  0.000	  0.000	  0.000	  1.773	 
-3.000	  0.000	  0.192	  0.000	  0.002	  0.000	  0.000	  0.000	  0.000	  0.000	  0.018	  0.000	  0.000	  0.000	  0.000	  0.000	  0.000	  0.000	  1.805	 
-3.000	  0.000	  0.195	  0.000	  0.003	  0.000	  0.000	  0.000	  0.000	  0.000	  0.022	  0.000	  0.000	  0.000	  0.000	  0.000	  0.000	  0.000	  1.838	 
-3.000	  0.000	  0.199	  0.000	  0.003	  0.000	  0.000	  0.000	  0.000	  0.000	  0.027	  0.000	  0.000	  0.000	  0.000	  0.000	  0.000	  0.000	  1.878	 
-2.999	  0.000	  0.203	  0.000	  0.005	  0.000	  0.000	  0.000	  0.000	  0.000	  0.031	  0.000	  0.000	  0.000	  0.000	  0.000	  0.000	  0.000	  1.911	 
-2.999	  0.000	  0.207	  0.000	  0.006	  0.000	  0.000	  0.000	  0.000	  0.000	  0.036	  0.000	  0.000	  0.000	  0.000	  0.000	  0.000	  0.000	  1.947	 
-2.999	  0.000	  0.211	  0.000	  0.007	  0.000	  0.000	  0.000	  0.000	  0.000	  0.041	  0.000	  0.000	  0.000	  0.000	  0.000	  0.000	  0.000	  1.980	 
-2.998	  0.000	  0.214	  0.000	  0.009	  0.000	  0.000	  0.000	  0.000	  0.000	  0.045	  0.000	  0.000	  0.000	  0.000	  0.000	  0.000	  0.000	  2.014	 
-2.998	  0.000	  0.218	  0.000	  0.010	  0.000	  0.000	  0.000	  0.000	  0.000	  0.048	  0.000	  0.000	  0.000	  0.000	  0.000	  0.000	  0.000	  2.047	 
-2.997	  0.000	  0.222	  0.000	  0.012	  0.000	  0.000	  0.000	  0.000	  0.000	  0.052	  0.000	  0.000	  0.000	  0.000	  0.000	  0.000	  0.000	  2.080	 
-2.996	  0.000	  0.226	  0.000	  0.014	  0.000	  0.000	  0.000	  0.000	  0.000	  0.054	  0.000	  0.000	  0.000	  0.000	  0.000	  0.000	  0.000	  2.113	 
-2.995	  0.000	  0.230	  0.000	  0.016	  0.000	  0.000	  0.000	  0.000	  0.000	  0.056	  0.000	  0.000	  0.000	  0.000	  0.000	  0.000	  0.000	  2.147	 
-2.994	  0.000	  0.233	  0.000	  0.017	  0.000	  0.000	  0.000	  0.000	  0.000	  0.057	  0.000	  0.000	  0.000	  0.000	  0.000	  0.000	  0.000	  2.181	 
-2.992	  0.000	  0.236	  0.000	  0.019	  0.000	  0.000	  0.000	  0.000	  0.000	  0.057	  0.000	  0.000	  0.000	  0.000	  0.000	  0.000	  0.000	  2.220	 
-2.990	  0.000	  0.240	  0.000	  0.021	  0.000	  0.000	  0.000	  0.000	  0.000	  0.057	  0.000	  0.000	  0.000	  0.000	  0.000	  0.000	  0.000	  2.253	 
-2.988	  0.000	  0.243	  0.000	  0.023	  0.000	  0.000	  0.000	  0.000	  0.000	  0.055	  0.000	  0.000	  0.000	  0.000	  0.000	  0.000	  0.000	  2.287	 
-2.986	  0.000	  0.246	  0.000	  0.025	  0.000	  0.000	  0.000	  0.000	  0.000	  0.053	  0.000	  0.000	  0.000	  0.000	  0.000	  0.000	  0.000	  2.320	 
-2.983	  0.000	  0.248	  0.000	  0.027	  0.000	  0.000	  0.000	  0.000	  0.000	  0.050	  0.000	  0.000	  0.000	  0.000	  0.000	  0.000	  0.000	  2.354	 
-2.980	  0.000	  0.251	  0.000	  0.028	  0.000	  0.000	  0.000	  0.000	  0.000	  0.046	  0.000	  0.000	  0.000	  0.000	  0.000	  0.000	  0.000	  2.386	 
-2.977	  0.000	  0.254	  0.000	  0.030	  0.000	  0.000	  0.000	  0.000	  0.000	  0.042	  0.000	  0.000	  0.000	  0.000	  0.000	  0.000	  0.000	  2.422	 
-2.973	  0.000	  0.256	  0.000	  0.031	  0.000	  0.000	  0.000	  0.000	  0.000	  0.037	  0.000	  0.000	  0.000	  0.000	  0.000	  0.000	  0.000	  2.455	 
-2.969	  0.000	  0.258	  0.000	  0.032	  0.000	  0.000	  0.000	  0.000	  0.000	  0.031	  0.000	  0.000	  0.000	  0.000	  0.000	  0.000	  0.000	  2.490	 
-2.964	  0.000	  0.260	  0.000	  0.033	  0.000	  0.000	  0.000	  0.000	  0.000	  0.025	  0.000	  0.000	  0.000	  0.000	  0.000	  0.000	  0.000	  2.522	 
-2.960	  0.000	  0.262	  0.000	  0.033	  0.000	  0.000	  0.000	  0.000	  0.000	  0.018	  0.000	  0.000	  0.000	  0.000	  0.000	  0.000	  0.000	  2.556	 
-2.955	  0.000	  0.264	  0.000	  0.034	  0.000	  0.000	  0.000	  0.000	  0.000	  0.012	  0.000	  0.000	  0.000	  0.000	  0.000	  0.000	  0.000	  2.589	 
-2.949	  0.000	  0.266	  0.000	  0.034	  0.000	  0.000	  0.000	  0.000	  0.000	  0.005	  0.000	  0.000	  0.000	  0.000	  0.000	  0.000	  0.000	  2.623	 
-2.943	  0.000	  0.268	  0.000	  0.034	  0.000	  0.000	  0.000	  0.000	 -0.000	 -0.002	  0.000	  0.000	  0.000	  0.000	  0.000	  0.000	  0.000	  2.655	 
-2.937	  0.000	  0.269	  0.000	  0.033	  0.000	  0.000	  0.000	  0.000	 -0.000	 -0.010	  0.000	  0.000	  0.000	  0.000	  0.000	  0.000	  0.000	  2.689	 
-2.930	  0.000	  0.271	  0.000	  0.033	  0.000	  0.000	  0.000	  0.000	 -0.000	 -0.017	  0.000	  0.000	  0.000	  0.000	  0.000	  0.000	  0.000	  2.723	 
-2.923	  0.000	  0.272	  0.000	  0.032	  0.000	  0.000	  0.000	  0.000	 -0.000	 -0.023	  0.000	  0.000	  0.000	  0.000	  0.000	  0.000	  0.000	  2.756	 
-2.916	  0.000	  0.273	  0.000	  0.031	  0.000	  0.000	  0.000	  0.000	 -0.000	 -0.030	  0.000	  0.000	  0.000	  0.000	  0.000	  0.000	  0.000	  2.789	 
-2.908	  0.000	  0.274	  0.000	  0.030	  0.000	  0.000	  0.000	  0.000	 -0.000	 -0.036	  0.000	  0.000	  0.000	  0.000	  0.000	  0.000	  0.000	  2.823	 
-2.901	  0.000	  0.275	  0.000	  0.028	  0.000	  0.000	  0.000	  0.000	 -0.000	 -0.041	  0.000	  0.000	  0.000	  0.000	  0.000	  0.000	  0.000	  2.856	 
-2.892	  0.000	  0.277	  0.000	  0.027	  0.000	  0.000	  0.000	  0.000	 -0.000	 -0.047	  0.000	  0.000	  0.000	  0.000	  0.000	  0.000	  0.000	  2.890	 
-2.884	  0.000	  0.277	  0.000	  0.025	  0.000	  0.000	  0.000	  0.000	 -0.000	 -0.051	  0.000	  0.000	  0.000	  0.000	  0.000	  0.000	  0.000	  2.923	 
-2.875	  0.000	  0.278	  0.000	  0.023	  0.000	  0.000	  0.000	  0.000	 -0.000	 -0.055	  0.000	  0.000	  0.000	  0.000	  0.000	  0.000	  0.000	  2.956	 
-2.866	  0.000	  0.279	  0.000	  0.021	  0.000	  0.000	  0.000	  0.000	 -0.000	 -0.058	  0.000	  0.000	  0.000	  0.000	  0.000	  0.000	  0.000	  2.989	 
-2.857	  0.000	  0.280	  0.000	  0.019	  0.000	  0.000	  0.000	  0.000	 -0.000	 -0.061	  0.000	  0.000	  0.000	  0.000	  0.000	  0.000	  0.000	  3.023	 
-2.848	  0.000	  0.281	 -0.000	  0.017	  0.000	  0.000	  0.000	  0.000	 -0.000	 -0.062	  0.000	  0.000	  0.000	  0.000	  0.000	  0.000	  0.000	  3.056	 
-2.839	  0.000	  0.281	 -0.000	  0.015	  0.000	  0.000	  0.000	  0.000	 -0.000	 -0.063	  0.000	  0.000	  0.000	  0.000	  0.000	  0.000	  0.000	  3.090	 
-2.829	  0.000	  0.282	 -0.000	  0.013	  0.000	  0.000	  0.000	  0.000	 -0.000	 -0.064	  0.000	  0.000	  0.000	  0.000	  0.000	  0.000	  0.000	  3.122	 
-2.819	  0.000	  0.283	 -0.000	  0.011	  0.000	  0.000	  0.000	  0.000	 -0.000	 -0.063	  0.000	  0.000	  0.000	  0.000	  0.000	  0.000	  0.000	  3.156	 
-2.810	  0.000	  0.283	 -0.000	  0.009	  0.000	  0.000	  0.000	  0.000	 -0.000	 -0.062	  0.000	  0.000	  0.000	  0.000	  0.000	  0.000	  0.000	  3.189	 
-2.800	  0.000	  0.284	 -0.000	  0.007	  0.000	  0.000	  0.000	  0.000	 -0.000	 -0.060	  0.000	  0.000	  0.000	  0.000	  0.000	  0.000	  0.000	  3.228	 
-2.790	  0.000	  0.284	 -0.000	  0.005	  0.000	  0.000	  0.000	  0.000	 -0.000	 -0.058	  0.000	  0.000	  0.000	  0.000	  0.000	  0.000	  0.000	  3.261	 
-2.780	  0.000	  0.285	 -0.000	  0.003	  0.000	  0.000	  0.000	  0.000	 -0.000	 -0.055	  0.000	  0.000	  0.000	  0.000	  0.000	  0.000	  0.000	  3.295	 
-2.770	  0.000	  0.285	 -0.000	  0.001	  0.000	  0.000	  0.000	  0.000	 -0.000	 -0.051	  0.000	  0.000	  0.000	  0.000	  0.000	  0.000	  0.000	  3.328	 
-2.760	  0.000	  0.286	 -0.000	 -0.000	  0.000	  0.000	  0.000	  0.000	 -0.000	 -0.048	  0.000	  0.000	  0.000	  0.000	  0.000	  0.000	  0.000	  3.367	 
-2.751	  0.000	  0.286	 -0.000	 -0.002	  0.000	  0.000	  0.000	  0.000	 -0.000	 -0.043	  0.000	  0.000	  0.000	  0.000	  0.000	  0.000	  0.000	  3.401	 
-2.741	  0.000	  0.287	 -0.000	 -0.003	  0.000	  0.000	  0.000	  0.000	 -0.000	 -0.039	  0.000	  0.000	  0.000	  0.000	  0.000	  0.000	  0.000	  3.434	 
-2.731	  0.000	  0.287	 -0.000	 -0.004	  0.000	  0.000	  0.000	  0.000	 -0.000	 -0.034	  0.000	  0.000	  0.000	  0.000	  0.000	  0.000	  0.000	  3.468	 
-2.722	  0.000	  0.287	 -0.000	 -0.005	  0.000	  0.000	  0.000	  0.000	 -0.000	 -0.029	  0.000	  0.000	  0.000	  0.000	  0.000	  0.000	  0.000	  3.501	 
-2.712	  0.000	  0.288	 -0.000	 -0.006	  0.000	  0.000	  0.000	  0.000	  0.000	 -0.023	  0.000	  0.000	  0.000	  0.000	  0.000	  0.000	  0.000	  3.534	 
-2.702	  0.000	  0.288	 -0.000	 -0.006	  0.000	  0.000	  0.000	  0.000	  0.000	 -0.018	  0.000	  0.000	  0.000	  0.000	  0.000	  0.000	  0.000	  3.568	 
-2.693	  0.000	  0.288	 -0.000	 -0.007	  0.000	  0.000	  0.000	  0.000	  0.000	 -0.013	  0.000	  0.000	  0.000	  0.000	  0.000	  0.000	  0.000	  3.601	 
-2.684	  0.000	  0.288	 -0.000	 -0.007	  0.000	  0.000	  0.000	  0.000	  0.000	 -0.008	  0.000	  0.000	  0.000	  0.000	  0.000	  0.000	  0.000	  3.634	 
-2.674	  0.000	  0.289	 -0.000	 -0.007	  0.000	  0.000	  0.000	  0.000	  0.000	 -0.003	  0.000	  0.000	  0.000	  0.000	  0.000	  0.000	  0.000	  3.668	 
-2.665	  0.000	  0.289	 -0.000	 -0.007	  0.000	  0.000	  0.000	  0.000	  0.000	  0.001	  0.000	  0.000	  0.000	  0.000	  0.000	  0.000	  0.000	  3.701	 
-2.656	  0.000	  0.289	 -0.000	 -0.007	  0.000	  0.000	  0.000	  0.000	  0.000	  0.006	  0.000	  0.000	  0.000	  0.000	  0.000	  0.000	  0.000	  3.736	 
-2.647	  0.000	  0.289	 -0.000	 -0.007	  0.000	  0.000	  0.000	  0.000	  0.000	  0.010	  0.000	  0.000	  0.000	  0.000	  0.000	  0.000	  0.000	  3.778	 
-2.638	  0.000	  0.290	 -0.000	 -0.006	  0.000	  0.000	  0.000	  0.000	  0.000	  0.013	  0.000	  0.000	  0.000	  0.000	  0.000	  0.000	  0.000	  3.811	 
-2.629	  0.000	  0.290	 -0.000	 -0.006	  0.000	  0.000	  0.000	  0.000	  0.000	  0.016	  0.000	  0.000	  0.000	  0.000	  0.000	  0.000	  0.000	  3.848	 
-2.620	  0.000	  0.290	 -0.000	 -0.005	  0.000	  0.000	  0.000	  0.000	  0.000	  0.019	  0.000	  0.000	  0.000	  0.000	  0.000	  0.000	  0.000	  3.881	 
-2.612	  0.000	  0.290	 -0.000	 -0.004	  0.000	  0.000	  0.000	  0.000	  0.000	  0.021	  0.000	  0.000	  0.000	  0.000	  0.000	  0.000	  0.000	  3.915	 
-2.603	  0.000	  0.290	 -0.000	 -0.004	  0.000	  0.000	  0.000	  0.000	  0.000	  0.023	  0.000	  0.000	  0.000	  0.000	  0.000	  0.000	  0.000	  3.948	 
-2.594	  0.000	  0.290	 -0.000	 -0.003	  0.000	  0.000	  0.000	  0.000	  0.000	  0.024	  0.000	  0.000	  0.000	  0.000	  0.000	  0.000	  0.000	  3.982	 
-2.585	  0.000	  0.290	  0.000	 -0.002	  0.000	  0.000	  0.000	  0.000	  0.000	  0.025	  0.000	  0.000	  0.000	  0.000	  0.000	  0.000	  0.000	  4.015	 
-2.576	  0.000	  0.291	  0.000	 -0.001	  0.000	  0.000	  0.000	  0.000	  0.000	  0.025	  0.000	  0.000	  0.000	  0.000	  0.000	  0.000	  0.000	  4.048	 
-2.568	  0.000	  0.291	  0.000	 -0.000	  0.000	  0.000	  0.000	  0.000	  0.000	  0.024	  0.000	  0.000	  0.000	  0.000	  0.000	  0.000	  0.000	  4.081	 
-2.559	  0.000	  0.291	  0.000	  0.001	  0.000	  0.000	  0.000	  0.000	  0.000	  0.024	  0.000	  0.000	  0.000	  0.000	  0.000	  0.000	  0.000	  4.115	 
-2.550	  0.000	  0.291	  0.000	  0.001	  0.000	  0.000	  0.000	  0.000	  0.000	  0.022	  0.000	  0.000	  0.000	  0.000	  0.000	  0.000	  0.000	  4.148	 
-2.541	  0.000	  0.291	  0.000	  0.002	  0.000	  0.000	  0.000	  0.000	  0.000	  0.021	  0.000	  0.000	  0.000	  0.000	  0.000	  0.000	  0.000	  4.183	 
-2.533	  0.000	  0.291	  0.000	  0.003	  0.000	  0.000	  0.000	  0.000	  0.000	  0.019	  0.000	  0.000	  0.000	  0.000	  0.000	  0.000	  0.000	  4.215	 
-2.524	  0.000	  0.291	  0.000	  0.003	  0.000	  0.000	  0.000	  0.000	  0.000	  0.017	  0.000	  0.000	  0.000	  0.000	  0.000	  0.000	  0.000	  4.254	 
-2.515	  0.000	  0.291	  0.000	  0.004	  0.000	  0.000	  0.000	  0.000	  0.000	  0.014	  0.000	  0.000	  0.000	  0.000	  0.000	  0.000	  0.000	  4.287	 
-2.506	  0.000	  0.291	  0.000	  0.004	  0.000	  0.000	  0.000	  0.000	  0.000	  0.012	  0.000	  0.000	  0.000	  0.000	  0.000	  0.000	  0.000	  4.322	 
-2.497	  0.000	  0.291	  0.000	  0.004	  0.000	  0.000	  0.000	  0.000	  0.000	  0.009	  0.000	  0.000	  0.000	  0.000	  0.000	  0.000	  0.000	  4.355	 
-2.488	  0.000	  0.291	  0.000	  0.005	  0.000	  0.000	  0.000	  0.000	  0.000	  0.006	  0.000	  0.000	  0.000	  0.000	  0.000	  0.000	  0.000	  4.387	 
-2.479	  0.000	  0.291	  0.000	  0.005	  0.000	  0.000	  0.000	  0.000	  0.000	  0.003	  0.000	  0.000	  0.000	  0.000	  0.000	  0.000	  0.000	  4.420	 
-2.470	  0.000	  0.291	  0.000	  0.005	  0.000	  0.000	  0.000	  0.000	  0.000	  0.000	  0.000	  0.000	  0.000	  0.000	  0.000	  0.000	  0.000	  4.458	 
-2.460	  0.000	  0.292	  0.000	  0.005	  0.000	  0.000	  0.000	  0.000	 -0.000	 -0.002	  0.000	  0.000	  0.000	  0.000	  0.000	  0.000	  0.000	  4.491	 
-2.451	  0.000	  0.292	  0.000	  0.004	  0.000	  0.000	  0.000	  0.000	 -0.000	 -0.005	  0.000	  0.000	  0.000	  0.000	  0.000	  0.000	  0.000	  4.525	 
-2.442	  0.000	  0.292	  0.000	  0.004	  0.000	  0.000	  0.000	  0.000	 -0.000	 -0.008	  0.000	  0.000	  0.000	  0.000	  0.000	  0.000	  0.000	  4.558	 
-2.432	  0.000	  0.292	  0.000	  0.004	  0.000	  0.000	  0.000	  0.000	 -0.000	 -0.010	  0.000	  0.000	  0.000	  0.000	  0.000	  0.000	  0.000	  4.591	 
-2.423	  0.000	  0.292	  0.000	  0.003	  0.000	  0.000	  0.000	  0.000	 -0.000	 -0.012	  0.000	  0.000	  0.000	  0.000	  0.000	  0.000	  0.000	  4.625	 
-2.414	  0.000	  0.292	  0.000	  0.003	  0.000	  0.000	  0.000	  0.000	 -0.000	 -0.014	  0.000	  0.000	  0.000	  0.000	  0.000	  0.000	  0.000	  4.659	 
-2.404	  0.000	  0.292	  0.000	  0.002	  0.000	  0.000	  0.000	  0.000	 -0.000	 -0.016	  0.000	  0.000	  0.000	  0.000	  0.000	  0.000	  0.000	  4.691	 
-2.395	  0.000	  0.292	  0.000	  0.002	  0.000	  0.000	  0.000	  0.000	 -0.000	 -0.017	  0.000	  0.000	  0.000	  0.000	  0.000	  0.000	  0.000	  4.726	 
-2.385	  0.000	  0.292	  0.000	  0.001	  0.000	  0.000	  0.000	  0.000	 -0.000	 -0.018	  0.000	  0.000	  0.000	  0.000	  0.000	  0.000	  0.000	  4.758	 
-2.376	  0.000	  0.292	  0.000	  0.001	  0.000	  0.000	  0.000	  0.000	 -0.000	 -0.019	  0.000	  0.000	  0.000	  0.000	  0.000	  0.000	  0.000	  4.792	 
-2.366	  0.000	  0.292	  0.000	 -0.000	  0.000	  0.000	  0.000	  0.000	 -0.000	 -0.020	  0.000	  0.000	  0.000	  0.000	  0.000	  0.000	  0.000	  4.825	 
-2.357	  0.000	  0.292	  0.000	 -0.001	  0.000	  0.000	  0.000	  0.000	 -0.000	 -0.020	  0.000	  0.000	  0.000	  0.000	  0.000	  0.000	  0.000	  4.862	 
-2.347	  0.000	  0.292	 -0.000	 -0.001	  0.000	  0.000	  0.000	  0.000	 -0.000	 -0.019	  0.000	  0.000	  0.000	  0.000	  0.000	  0.000	  0.000	  4.895	 
-2.338	  0.000	  0.292	 -0.000	 -0.002	  0.000	  0.000	  0.000	  0.000	 -0.000	 -0.019	  0.000	  0.000	  0.000	  0.000	  0.000	  0.000	  0.000	  4.929	 
-2.329	  0.000	  0.292	 -0.000	 -0.003	  0.000	  0.000	  0.000	  0.000	 -0.000	 -0.018	  0.000	  0.000	  0.000	  0.000	  0.000	  0.000	  0.000	  4.962	 
-2.319	  0.000	  0.292	 -0.000	 -0.003	  0.000	  0.000	  0.000	  0.000	 -0.000	 -0.017	  0.000	  0.000	  0.000	  0.000	  0.000	  0.000	  0.000	  4.996	 
-2.310	  0.000	  0.292	 -0.000	 -0.004	  0.000	  0.000	  0.000	  0.000	 -0.000	 -0.016	  0.000	  0.000	  0.000	  0.000	  0.000	  0.000	  0.000	  5.028	 
-2.301	  0.000	  0.292	 -0.000	 -0.004	  0.000	  0.000	  0.000	  0.000	 -0.000	 -0.014	  0.000	  0.000	  0.000	  0.000	  0.000	  0.000	  0.000	  5.062	 
-2.291	  0.000	  0.292	 -0.000	 -0.005	  0.000	  0.000	  0.000	  0.000	 -0.000	 -0.012	  0.000	  0.000	  0.000	  0.000	  0.000	  0.000	  0.000	  5.095	 
-2.282	  0.000	  0.292	 -0.000	 -0.005	  0.000	  0.000	  0.000	  0.000	 -0.000	 -0.010	  0.000	  0.000	  0.000	  0.000	  0.000	  0.000	  0.000	  5.129	 
-2.273	  0.000	  0.292	 -0.000	 -0.005	  0.000	  0.000	  0.000	  0.000	 -0.000	 -0.008	  0.000	  0.000	  0.000	  0.000	  0.000	  0.000	  0.000	  5.162	 
-2.264	  0.000	  0.292	 -0.000	 -0.005	  0.000	  0.000	  0.000	  0.000	 -0.000	 -0.006	  0.000	  0.000	  0.000	  0.000	  0.000	  0.000	  0.000	  5.199	 
-2.255	  0.000	  0.292	 -0.000	 -0.006	  0.000	  0.000	  0.000	  0.000	 -0.000	 -0.004	  0.000	  0.000	  0.000	  0.000	  0.000	  0.000	  0.000	  5.232	 
-2.246	  0.000	  0.292	 -0.000	 -0.006	  0.000	  0.000	  0.000	  0.000	 -0.000	 -0.002	  0.000	  0.000	  0.000	  0.000	  0.000	  0.000	  0.000	  5.267	 
-2.238	  0.000	  0.292	 -0.000	 -0.006	  0.000	  0.000	  0.000	  0.000	 -0.000	  0.000	  0.000	  0.000	  0.000	  0.000	  0.000	  0.000	  0.000	  5.299	 
-2.229	  0.000	  0.292	 -0.000	 -0.005	  0.000	  0.000	  0.000	  0.000	  0.000	  0.003	  0.000	  0.000	  0.000	  0.000	  0.000	  0.000	  0.000	  5.340	 
-2.220	  0.000	  0.292	 -0.000	 -0.005	  0.000	  0.000	  0.000	  0.000	  0.000	  0.005	  0.000	  0.000	  0.000	  0.000	  0.000	  0.000	  0.000	  5.374	 
-2.211	  0.000	  0.292	 -0.000	 -0.005	  0.000	  0.000	  0.000	  0.000	  0.000	  0.007	  0.000	  0.000	  0.000	  0.000	  0.000	  0.000	  0.000	  5.407	 
-2.203	  0.000	  0.292	 -0.000	 -0.005	  0.000	  0.000	  0.000	  0.000	  0.000	  0.008	  0.000	  0.000	  0.000	  0.000	  0.000	  0.000	  0.000	  5.440	 
-2.194	  0.000	  0.292	 -0.000	 -0.004	  0.000	  0.000	  0.000	  0.000	  0.000	  0.010	  0.000	  0.000	  0.000	  0.000	  0.000	  0.000	  0.000	  5.474	 
-2.186	  0.000	  0.292	 -0.000	 -0.004	  0.000	  0.000	  0.000	  0.000	  0.000	  0.012	  0.000	  0.000	  0.000	  0.000	  0.000	  0.000	  0.000	  5.507	 
-2.177	  0.000	  0.292	 -0.000	 -0.004	  0.000	  0.000	  0.000	  0.000	  0.000	  0.013	  0.000	  0.000	  0.000	  0.000	  0.000	  0.000	  0.000	  5.541	 
-2.169	  0.000	  0.292	 -0.000	 -0.003	  0.000	  0.000	  0.000	  0.000	  0.000	  0.014	  0.000	  0.000	  0.000	  0.000	  0.000	  0.000	  0.000	  5.573	 
-2.160	  0.000	  0.292	 -0.000	 -0.003	  0.000	  0.000	  0.000	  0.000	  0.000	  0.015	  0.000	  0.000	  0.000	  0.000	  0.000	  0.000	  0.000	  5.610	 
-2.152	  0.000	  0.292	 -0.000	 -0.002	  0.000	  0.000	  0.000	  0.000	  0.000	  0.015	  0.000	  0.000	  0.000	  0.000	  0.000	  0.000	  0.000	  5.643	 
-2.144	  0.000	  0.292	 -0.000	 -0.002	  0.000	  0.000	  0.000	  0.000	  0.000	  0.016	  0.000	  0.000	  0.000	  0.000	  0.000	  0.000	  0.000	  5.681	 
-2.135	  0.000	  0.292	 -0.000	 -0.001	  0.000	  0.000	  0.000	  0.000	  0.000	  0.016	  0.000	  0.000	  0.000	  0.000	  0.000	  0.000	  0.000	  5.714	 
-2.127	  0.000	  0.292	 -0.000	 -0.001	  0.000	  0.000	  0.000	  0.000	  0.000	  0.015	  0.000	  0.000	  0.000	  0.000	  0.000	  0.000	  0.000	  5.748	 
-2.119	  0.000	  0.292	 -0.000	 -0.000	  0.000	  0.000	  0.000	  0.000	  0.000	  0.015	  0.000	  0.000	  0.000	  0.000	  0.000	  0.000	  0.000	  5.781	 
-2.110	  0.000	  0.292	 -0.000	  0.000	  0.000	  0.000	  0.000	  0.000	  0.000	  0.015	  0.000	  0.000	  0.000	  0.000	  0.000	  0.000	  0.000	  5.822	 
-2.102	  0.000	  0.292	 -0.000	  0.001	  0.000	  0.000	  0.000	  0.000	  0.000	  0.014	  0.000	  0.000	  0.000	  0.000	  0.000	  0.000	  0.000	  5.855	 
-2.093	  0.000	  0.292	 -0.000	  0.001	  0.000	  0.000	  0.000	  0.000	  0.000	  0.013	  0.000	  0.000	  0.000	  0.000	  0.000	  0.000	  0.000	  5.892	 
-2.085	  0.000	  0.292	 -0.000	  0.002	  0.000	  0.000	  0.000	  0.000	  0.000	  0.012	  0.000	  0.000	  0.000	  0.000	  0.000	  0.000	  0.000	  5.925	 
-2.076	  0.000	  0.292	 -0.000	  0.002	  0.000	  0.000	  0.000	  0.000	  0.000	  0.010	  0.000	  0.000	  0.000	  0.000	  0.000	  0.000	  0.000	  5.959	 
-2.068	  0.000	  0.292	 -0.000	  0.002	  0.000	  0.000	  0.000	  0.000	  0.000	  0.009	  0.000	  0.000	  0.000	  0.000	  0.000	  0.000	  0.000	  5.991	 
-2.060	  0.000	  0.292	 -0.000	  0.003	  0.000	  0.000	  0.000	  0.000	  0.000	  0.008	  0.000	  0.000	  0.000	  0.000	  0.000	  0.000	  0.000	  6.025	 
-2.051	  0.000	  0.292	 -0.000	  0.003	  0.000	  0.000	  0.000	  0.000	  0.000	  0.006	  0.000	  0.000	  0.000	  0.000	  0.000	  0.000	  0.000	  6.058	 
-2.042	  0.000	  0.292	 -0.000	  0.003	  0.000	  0.000	  0.000	  0.000	  0.000	  0.005	  0.000	  0.000	  0.000	  0.000	  0.000	  0.000	  0.000	  6.092	 
-2.034	  0.000	  0.292	 -0.000	  0.003	  0.000	  0.000	  0.000	  0.000	  0.000	  0.003	  0.000	  0.000	  0.000	  0.000	  0.000	  0.000	  0.000	  6.125	 
-2.025	  0.000	  0.292	 -0.000	  0.003	  0.000	  0.000	  0.000	  0.000	  0.000	  0.001	  0.000	  0.000	  0.000	  0.000	  0.000	  0.000	  0.000	  6.159	 
-2.017	  0.000	  0.292	  0.000	  0.003	  0.000	  0.000	  0.000	  0.000	  0.000	 -0.000	  0.000	  0.000	  0.000	  0.000	  0.000	  0.000	  0.000	  6.192	 
-2.008	  0.000	  0.292	  0.000	  0.003	  0.000	  0.000	  0.000	  0.000	  0.000	 -0.002	  0.000	  0.000	  0.000	  0.000	  0.000	  0.000	  0.000	  6.227	 
-1.999	  0.000	  0.292	  0.000	  0.003	  0.000	  0.000	  0.000	  0.000	  0.000	 -0.003	  0.000	  0.000	  0.000	  0.000	  0.000	  0.000	  0.000	  6.259	 
-1.990	  0.000	  0.292	  0.000	  0.003	  0.000	  0.000	  0.000	  0.000	  0.000	 -0.004	  0.000	  0.000	  0.000	  0.000	  0.000	  0.000	  0.000	  6.293	 
-1.982	  0.000	  0.292	  0.000	  0.003	  0.000	  0.000	  0.000	  0.000	  0.000	 -0.005	  0.000	  0.000	  0.000	  0.000	  0.000	  0.000	  0.000	  6.325	 
-1.973	  0.000	  0.292	  0.000	  0.002	  0.000	  0.000	  0.000	  0.000	  0.000	 -0.007	  0.000	  0.000	  0.000	  0.000	  0.000	  0.000	  0.000	  6.363	 
-1.964	  0.000	  0.292	  0.000	  0.002	  0.000	  0.000	  0.000	  0.000	  0.000	 -0.007	  0.000	  0.000	  0.000	  0.000	  0.000	  0.000	  0.000	  6.396	 
-1.955	  0.000	  0.292	  0.000	  0.002	  0.000	  0.000	  0.000	  0.000	  0.000	 -0.008	  0.000	  0.000	  0.000	  0.000	  0.000	  0.000	  0.000	  6.429	 
-1.946	  0.000	  0.292	  0.000	  0.002	  0.000	  0.000	  0.000	  0.000	  0.000	 -0.009	  0.000	  0.000	  0.000	  0.000	  0.000	  0.000	  0.000	  6.462	 
-1.937	  0.000	  0.292	  0.000	  0.001	  0.000	  0.000	  0.000	  0.000	  0.000	 -0.009	  0.000	  0.000	  0.000	  0.000	  0.000	  0.000	  0.000	  6.496	 
-1.928	  0.000	  0.292	  0.000	  0.001	  0.000	  0.000	  0.000	  0.000	  0.000	 -0.010	  0.000	  0.000	  0.000	  0.000	  0.000	  0.000	  0.000	  6.529	 
-1.920	  0.000	  0.292	  0.000	  0.001	  0.000	  0.000	  0.000	  0.000	  0.000	 -0.010	  0.000	  0.000	  0.000	  0.000	  0.000	  0.000	  0.000	  6.563	 
-1.911	  0.000	  0.292	  0.000	  0.000	  0.000	  0.000	  0.000	  0.000	  0.000	 -0.010	  0.000	  0.000	  0.000	  0.000	  0.000	  0.000	  0.000	  6.596	 
-1.902	  0.000	  0.292	  0.000	 -0.000	  0.000	  0.000	  0.000	  0.000	  0.000	 -0.009	  0.000	  0.000	  0.000	  0.000	  0.000	  0.000	  0.000	  6.633	 
-1.893	  0.000	  0.292	  0.000	 -0.000	  0.000	  0.000	  0.000	  0.000	  0.000	 -0.009	  0.000	  0.000	  0.000	  0.000	  0.000	  0.000	  0.000	  6.666	 
-1.884	  0.000	  0.292	  0.000	 -0.001	  0.000	  0.000	  0.000	  0.000	  0.000	 -0.009	  0.000	  0.000	  0.000	  0.000	  0.000	  0.000	  0.000	  6.702	 
-1.875	  0.000	  0.292	  0.000	 -0.001	  0.000	  0.000	  0.000	  0.000	  0.000	 -0.008	  0.000	  0.000	  0.000	  0.000	  0.000	  0.000	  0.000	  6.736	 
-1.866	  0.000	  0.292	  0.000	 -0.001	  0.000	  0.000	  0.000	  0.000	  0.000	 -0.007	  0.000	  0.000	  0.000	  0.000	  0.000	  0.000	  0.000	  6.778	 
-1.857	  0.000	  0.292	  0.000	 -0.001	  0.000	  0.000	  0.000	  0.000	  0.000	 -0.007	  0.000	  0.000	  0.000	  0.000	  0.000	  0.000	  0.000	  6.811	 
-1.849	  0.000	  0.292	  0.000	 -0.002	  0.000	  0.000	  0.000	  0.000	  0.000	 -0.006	  0.000	  0.000	  0.000	  0.000	  0.000	  0.000	  0.000	  6.845	 
-1.840	  0.000	  0.292	  0.000	 -0.002	  0.000	  0.000	  0.000	  0.000	  0.000	 -0.005	  0.000	  0.000	  0.000	  0.000	  0.000	  0.000	  0.000	  6.878	 
-1.831	  0.000	  0.292	  0.000	 -0.002	  0.000	  0.000	  0.000	  0.000	  0.000	 -0.004	  0.000	  0.000	  0.000	  0.000	  0.000	  0.000	  0.000	  6.912	 
-1.822	  0.000	  0.292	  0.000	 -0.002	  0.000	  0.000	  0.000	  0.000	  0.000	 -0.003	  0.000	  0.000	  0.000	  0.000	  0.000	  0.000	  0.000	  6.944	 
-1.814	  0.000	  0.292	  0.000	 -0.002	  0.000	  0.000	  0.000	  0.000	  0.000	 -0.002	  0.000	  0.000	  0.000	  0.000	  0.000	  0.000	  0.000	  6.978	 
-1.805	  0.000	  0.292	  0.000	 -0.002	  0.000	  0.000	  0.000	  0.000	  0.000	 -0.001	  0.000	  0.000	  0.000	  0.000	  0.000	  0.000	  0.000	  7.012	 
-1.796	  0.000	  0.292	  0.000	 -0.002	  0.000	  0.000	  0.000	  0.000	  0.000	  0.000	  0.000	  0.000	  0.000	  0.000	  0.000	  0.000	  0.000	  7.045	 
-1.788	  0.000	  0.292	  0.000	 -0.002	  0.000	  0.000	  0.000	  0.000	  0.000	  0.001	  0.000	  0.000	  0.000	  0.000	  0.000	  0.000	  0.000	  7.077	 
-1.779	  0.000	  0.292	  0.000	 -0.002	  0.000	  0.000	  0.000	  0.000	  0.000	  0.002	  0.000	  0.000	  0.000	  0.000	  0.000	  0.000	  0.000	  7.112	 
-1.770	  0.000	  0.292	  0.000	 -0.002	  0.000	  0.000	  0.000	  0.000	  0.000	  0.003	  0.000	  0.000	  0.000	  0.000	  0.000	  0.000	  0.000	  7.144	 
-1.762	  0.000	  0.292	  0.000	 -0.002	  0.000	  0.000	  0.000	  0.000	 -0.000	  0.004	  0.000	  0.000	  0.000	  0.000	  0.000	  0.000	  0.000	  7.178	 
-1.753	  0.000	  0.292	  0.000	 -0.001	  0.000	  0.000	  0.000	  0.000	 -0.000	  0.005	  0.000	  0.000	  0.000	  0.000	  0.000	  0.000	  0.000	  7.212	 
-1.745	  0.000	  0.292	  0.000	 -0.001	  0.000	  0.000	  0.000	  0.000	 -0.000	  0.005	  0.000	  0.000	  0.000	  0.000	  0.000	  0.000	  0.000	  7.251	 
-1.736	  0.000	  0.292	  0.000	 -0.001	  0.000	  0.000	  0.000	  0.000	 -0.000	  0.006	  0.000	  0.000	  0.000	  0.000	  0.000	  0.000	  0.000	  7.284	 
-1.727	  0.000	  0.292	  0.000	 -0.001	  0.000	  0.000	  0.000	  0.000	 -0.000	  0.006	  0.000	  0.000	  0.000	  0.000	  0.000	  0.000	  0.000	  7.318	 
-1.719	  0.000	  0.292	  0.000	 -0.001	  0.000	  0.000	  0.000	  0.000	 -0.000	  0.007	  0.000	  0.000	  0.000	  0.000	  0.000	  0.000	  0.000	  7.351	 
-1.710	  0.000	  0.292	  0.000	 -0.000	  0.000	  0.000	  0.000	  0.000	 -0.000	  0.007	  0.000	  0.000	  0.000	  0.000	  0.000	  0.000	  0.000	  7.386	 
-1.702	  0.000	  0.292	  0.000	 -0.000	  0.000	  0.000	  0.000	  0.000	 -0.000	  0.007	  0.000	  0.000	  0.000	  0.000	  0.000	  0.000	  0.000	  7.418	 
-1.693	  0.000	  0.292	  0.000	 -0.000	  0.000	  0.000	  0.000	  0.000	 -0.000	  0.007	  0.000	  0.000	  0.000	  0.000	  0.000	  0.000	  0.000	  7.451	 
-1.685	  0.000	  0.292	  0.000	  0.000	  0.000	  0.000	  0.000	  0.000	 -0.000	  0.007	  0.000	  0.000	  0.000	  0.000	  0.000	  0.000	  0.000	  7.485	 
-1.676	  0.000	  0.292	  0.000	  0.000	  0.000	  0.000	  0.000	  0.000	 -0.000	  0.006	  0.000	  0.000	  0.000	  0.000	  0.000	  0.000	  0.000	  7.522	 
-1.668	  0.000	  0.292	 -0.000	  0.001	  0.000	  0.000	  0.000	  0.000	 -0.000	  0.006	  0.000	  0.000	  0.000	  0.000	  0.000	  0.000	  0.000	  7.555	 
-1.659	  0.000	  0.292	 -0.000	  0.001	  0.000	  0.000	  0.000	  0.000	 -0.000	  0.006	  0.000	  0.000	  0.000	  0.000	  0.000	  0.000	  0.000	  7.589	 
-1.651	  0.000	  0.292	 -0.000	  0.001	  0.000	  0.000	  0.000	  0.000	 -0.000	  0.005	  0.000	  0.000	  0.000	  0.000	  0.000	  0.000	  0.000	  7.622	 
-1.642	  0.000	  0.292	 -0.000	  0.001	  0.000	  0.000	  0.000	  0.000	 -0.000	  0.005	  0.000	  0.000	  0.000	  0.000	  0.000	  0.000	  0.000	  7.659	 
-1.633	  0.000	  0.292	 -0.000	  0.001	  0.000	  0.000	  0.000	  0.000	 -0.000	  0.004	  0.000	  0.000	  0.000	  0.000	  0.000	  0.000	  0.000	  7.692	 
-1.625	  0.000	  0.292	 -0.000	  0.001	  0.000	  0.000	  0.000	  0.000	 -0.000	  0.003	  0.000	  0.000	  0.000	  0.000	  0.000	  0.000	  0.000	  7.730	 
-1.616	  0.000	  0.292	 -0.000	  0.001	  0.000	  0.000	  0.000	  0.000	 -0.000	  0.003	  0.000	  0.000	  0.000	  0.000	  0.000	  0.000	  0.000	  7.764	 
-1.607	  0.000	  0.292	 -0.000	  0.002	  0.000	  0.000	  0.000	  0.000	 -0.000	  0.002	  0.000	  0.000	  0.000	  0.000	  0.000	  0.000	  0.000	  7.797	 
-1.599	  0.000	  0.292	 -0.000	  0.002	  0.000	  0.000	  0.000	  0.000	 -0.000	  0.001	  0.000	  0.000	  0.000	  0.000	  0.000	  0.000	  0.000	  7.831	 
-1.590	  0.000	  0.292	 -0.000	  0.002	  0.000	  0.000	  0.000	  0.000	 -0.000	  0.000	  0.000	  0.000	  0.000	  0.000	  0.000	  0.000	  0.000	  7.864	 
-1.581	  0.000	  0.292	 -0.000	  0.002	  0.000	  0.000	  0.000	  0.000	 -0.000	 -0.000	  0.000	  0.000	  0.000	  0.000	  0.000	  0.000	  0.000	  7.897	 
-1.573	  0.000	  0.292	 -0.000	  0.002	  0.000	  0.000	  0.000	  0.000	 -0.000	 -0.001	  0.000	  0.000	  0.000	  0.000	  0.000	  0.000	  0.000	  7.933	 
-1.564	  0.000	  0.292	 -0.000	  0.001	  0.000	  0.000	  0.000	  0.000	 -0.000	 -0.002	  0.000	  0.000	  0.000	  0.000	  0.000	  0.000	  0.000	  7.966	 
-1.555	  0.000	  0.292	 -0.000	  0.001	  0.000	  0.000	  0.000	  0.000	 -0.000	 -0.002	  0.000	  0.000	  0.000	  0.000	  0.000	  0.000	  0.000	  8.000	 
-1.546	  0.000	  0.292	 -0.000	  0.001	  0.000	  0.000	  0.000	  0.000	 -0.000	 -0.003	  0.000	  0.000	  0.000	  0.000	  0.000	  0.000	  0.000	  8.033	 
-1.538	  0.000	  0.292	 -0.000	  0.001	  0.000	  0.000	  0.000	  0.000	  0.000	 -0.003	  0.000	  0.000	  0.000	  0.000	  0.000	  0.000	  0.000	  8.079	 
-1.529	  0.000	  0.292	 -0.000	  0.001	  0.000	  0.000	  0.000	  0.000	  0.000	 -0.004	  0.000	  0.000	  0.000	  0.000	  0.000	  0.000	  0.000	  8.113	 
-1.520	  0.000	  0.292	 -0.000	  0.001	  0.000	  0.000	  0.000	  0.000	  0.000	 -0.004	  0.000	  0.000	  0.000	  0.000	  0.000	  0.000	  0.000	  8.149	 
-1.511	  0.000	  0.292	 -0.000	  0.001	  0.000	  0.000	  0.000	  0.000	  0.000	 -0.004	  0.000	  0.000	  0.000	  0.000	  0.000	  0.000	  0.000	  8.183	 
-1.502	  0.000	  0.292	 -0.000	  0.001	  0.000	  0.000	  0.000	  0.000	  0.000	 -0.005	  0.000	  0.000	  0.000	  0.000	  0.000	  0.000	  0.000	  8.221	 
-1.494	  0.000	  0.292	 -0.000	  0.000	  0.000	  0.000	  0.000	  0.000	  0.000	 -0.005	  0.000	  0.000	  0.000	  0.000	  0.000	  0.000	  0.000	  8.255	 
-1.485	  0.000	  0.292	 -0.000	  0.000	  0.000	  0.000	  0.000	  0.000	  0.000	 -0.005	  0.000	  0.000	  0.000	  0.000	  0.000	  0.000	  0.000	  8.288	 
-1.476	  0.000	  0.292	 -0.000	  0.000	  0.000	  0.000	  0.000	  0.000	  0.000	 -0.005	  0.000	  0.000	  0.000	  0.000	  0.000	  0.000	  0.000	  8.321	 
-1.467	  0.000	  0.292	 -0.000	 -0.000	  0.000	  0.000	  0.000	  0.000	  0.000	 -0.005	  0.000	  0.000	  0.000	  0.000	  0.000	  0.000	  0.000	  8.359	 
-1.458	  0.000	  0.292	 -0.000	 -0.000	  0.000	  0.000	  0.000	  0.000	  0.000	 -0.005	  0.000	  0.000	  0.000	  0.000	  0.000	  0.000	  0.000	  8.392	 
-1.449	  0.000	  0.292	 -0.000	 -0.000	  0.000	  0.000	  0.000	  0.000	  0.000	 -0.004	  0.000	  0.000	  0.000	  0.000	  0.000	  0.000	  0.000	  8.426	 
-1.441	  0.000	  0.292	  0.000	 -0.000	  0.000	  0.000	  0.000	  0.000	  0.000	 -0.004	  0.000	  0.000	  0.000	  0.000	  0.000	  0.000	  0.000	  8.458	 
-1.432	  0.000	  0.292	  0.000	 -0.001	  0.000	  0.000	  0.000	  0.000	  0.000	 -0.004	  0.000	  0.000	  0.000	  0.000	  0.000	  0.000	  0.000	  8.493	 
-1.423	  0.000	  0.292	  0.000	 -0.001	  0.000	  0.000	  0.000	  0.000	  0.000	 -0.003	  0.000	  0.000	  0.000	  0.000	  0.000	  0.000	  0.000	  8.525	 
-1.414	  0.000	  0.292	  0.000	 -0.001	  0.000	  0.000	  0.000	  0.000	  0.000	 -0.003	  0.000	  0.000	  0.000	  0.000	  0.000	  0.000	  0.000	  8.559	 
-1.406	  0.000	  0.292	  0.000	 -0.001	  0.000	  0.000	  0.000	  0.000	  0.000	 -0.002	  0.000	  0.000	  0.000	  0.000	  0.000	  0.000	  0.000	  8.592	 
-1.397	  0.000	  0.292	  0.000	 -0.001	  0.000	  0.000	  0.000	  0.000	  0.000	 -0.002	  0.000	  0.000	  0.000	  0.000	  0.000	  0.000	  0.000	  8.625	 
-1.388	  0.000	  0.292	  0.000	 -0.001	  0.000	  0.000	  0.000	  0.000	  0.000	 -0.001	  0.000	  0.000	  0.000	  0.000	  0.000	  0.000	  0.000	  8.658	 
-1.379	  0.000	  0.292	  0.000	 -0.001	  0.000	  0.000	  0.000	  0.000	  0.000	 -0.001	  0.000	  0.000	  0.000	  0.000	  0.000	  0.000	  0.000	  8.692	 
-1.371	  0.000	  0.292	  0.000	 -0.001	  0.000	  0.000	  0.000	  0.000	  0.000	 -0.000	  0.000	  0.000	  0.000	  0.000	  0.000	  0.000	  0.000	  8.726	 
-1.362	  0.000	  0.292	  0.000	 -0.001	  0.000	  0.000	  0.000	  0.000	  0.000	  0.000	  0.000	  0.000	  0.000	  0.000	  0.000	  0.000	  0.000	  8.769	 
-1.353	  0.000	  0.292	  0.000	 -0.001	  0.000	  0.000	  0.000	  0.000	  0.000	  0.001	  0.000	  0.000	  0.000	  0.000	  0.000	  0.000	  0.000	  8.802	 
-1.344	  0.000	  0.292	  0.000	 -0.001	  0.000	  0.000	  0.000	  0.000	  0.000	  0.001	  0.000	  0.000	  0.000	  0.000	  0.000	  0.000	  0.000	  8.835	 
-1.336	  0.000	  0.292	  0.000	 -0.001	  0.000	  0.000	  0.000	  0.000	  0.000	  0.002	  0.000	  0.000	  0.000	  0.000	  0.000	  0.000	  0.000	  8.868	 
-1.327	  0.000	  0.292	  0.000	 -0.001	  0.000	  0.000	  0.000	  0.000	  0.000	  0.002	  0.000	  0.000	  0.000	  0.000	  0.000	  0.000	  0.000	  8.902	 
-1.318	  0.000	  0.292	  0.000	 -0.001	  0.000	  0.000	  0.000	  0.000	 -0.000	  0.002	  0.000	  0.000	  0.000	  0.000	  0.000	  0.000	  0.000	  8.935	 
-1.310	  0.000	  0.292	  0.000	 -0.001	  0.000	  0.000	  0.000	  0.000	 -0.000	  0.003	  0.000	  0.000	  0.000	  0.000	  0.000	  0.000	  0.000	  8.971	 
-1.301	  0.000	  0.292	  0.000	 -0.001	  0.000	  0.000	  0.000	  0.000	 -0.000	  0.003	  0.000	  0.000	  0.000	  0.000	  0.000	  0.000	  0.000	  9.005	 
-1.293	  0.000	  0.292	  0.000	 -0.001	  0.000	  0.000	  0.000	  0.000	 -0.000	  0.003	  0.000	  0.000	  0.000	  0.000	  0.000	  0.000	  0.000	  9.039	 
-1.284	  0.000	  0.292	  0.000	 -0.000	  0.000	  0.000	  0.000	  0.000	 -0.000	  0.003	  0.000	  0.000	  0.000	  0.000	  0.000	  0.000	  0.000	  9.071	 
-1.275	  0.000	  0.292	  0.000	 -0.000	  0.000	  0.000	  0.000	  0.000	 -0.000	  0.003	  0.000	  0.000	  0.000	  0.000	  0.000	  0.000	  0.000	  9.105	 
-1.267	  0.000	  0.292	  0.000	 -0.000	  0.000	  0.000	  0.000	  0.000	 -0.000	  0.003	  0.000	  0.000	  0.000	  0.000	  0.000	  0.000	  0.000	  9.138	 
-1.258	  0.000	  0.292	  0.000	 -0.000	  0.000	  0.000	  0.000	  0.000	 -0.000	  0.003	  0.000	  0.000	  0.000	  0.000	  0.000	  0.000	  0.000	  9.172	 
-1.249	  0.000	  0.292	  0.000	  0.000	  0.000	  0.000	  0.000	  0.000	 -0.000	  0.003	  0.000	  0.000	  0.000	  0.000	  0.000	  0.000	  0.000	  9.205	 
-1.241	  0.000	  0.292	  0.000	  0.000	  0.000	  0.000	  0.000	  0.000	 -0.000	  0.003	  0.000	  0.000	  0.000	  0.000	  0.000	  0.000	  0.000	  9.244	 
-1.232	  0.000	  0.292	  0.000	  0.000	  0.000	  0.000	  0.000	  0.000	 -0.000	  0.003	  0.000	  0.000	  0.000	  0.000	  0.000	  0.000	  0.000	  9.277	 
-1.223	  0.000	  0.292	  0.000	  0.000	  0.000	  0.000	  0.000	  0.000	 -0.000	  0.003	  0.000	  0.000	  0.000	  0.000	  0.000	  0.000	  0.000	  9.311	 
-1.215	  0.000	  0.292	  0.000	  0.000	  0.000	  0.000	  0.000	  0.000	 -0.000	  0.003	  0.000	  0.000	  0.000	  0.000	  0.000	  0.000	  0.000	  9.344	 
-1.206	  0.000	  0.292	 -0.000	  0.000	  0.000	  0.000	  0.000	  0.000	 -0.000	  0.002	  0.000	  0.000	  0.000	  0.000	  0.000	  0.000	  0.000	  9.379	 
-1.197	  0.000	  0.292	 -0.000	  0.001	  0.000	  0.000	  0.000	  0.000	 -0.000	  0.002	  0.000	  0.000	  0.000	  0.000	  0.000	  0.000	  0.000	  9.410	 
-1.189	  0.000	  0.292	 -0.000	  0.001	  0.000	  0.000	  0.000	  0.000	 -0.000	  0.002	  0.000	  0.000	  0.000	  0.000	  0.000	  0.000	  0.000	  9.448	 
-1.180	  0.000	  0.292	 -0.000	  0.001	  0.000	  0.000	  0.000	  0.000	 -0.000	  0.001	  0.000	  0.000	  0.000	  0.000	  0.000	  0.000	  0.000	  9.481	 
-1.171	  0.000	  0.292	 -0.000	  0.001	  0.000	  0.000	  0.000	  0.000	 -0.000	  0.001	  0.000	  0.000	  0.000	  0.000	  0.000	  0.000	  0.000	  9.515	 
-1.163	  0.000	  0.292	 -0.000	  0.001	  0.000	  0.000	  0.000	  0.000	 -0.000	  0.001	  0.000	  0.000	  0.000	  0.000	  0.000	  0.000	  0.000	  9.548	 
-1.154	  0.000	  0.292	 -0.000	  0.001	  0.000	  0.000	  0.000	  0.000	 -0.000	  0.000	  0.000	  0.000	  0.000	  0.000	  0.000	  0.000	  0.000	  9.581	 
-1.145	  0.000	  0.292	 -0.000	  0.001	  0.000	  0.000	  0.000	  0.000	 -0.000	 -0.000	  0.000	  0.000	  0.000	  0.000	  0.000	  0.000	  0.000	  9.615	 
-1.137	  0.000	  0.292	 -0.000	  0.001	  0.000	  0.000	  0.000	  0.000	 -0.000	 -0.000	  0.000	  0.000	  0.000	  0.000	  0.000	  0.000	  0.000	  9.648	 
-1.128	  0.000	  0.292	 -0.000	  0.001	  0.000	  0.000	  0.000	  0.000	 -0.000	 -0.001	  0.000	  0.000	  0.000	  0.000	  0.000	  0.000	  0.000	  9.681	 
-1.119	  0.000	  0.292	 -0.000	  0.001	  0.000	  0.000	  0.000	  0.000	 -0.000	 -0.001	  0.000	  0.000	  0.000	  0.000	  0.000	  0.000	  0.000	  9.715	 
-1.110	  0.000	  0.292	 -0.000	  0.001	  0.000	  0.000	  0.000	  0.000	 -0.000	 -0.001	  0.000	  0.000	  0.000	  0.000	  0.000	  0.000	  0.000	  9.748	 
-1.102	  0.000	  0.292	 -0.000	  0.001	  0.000	  0.000	  0.000	  0.000	 -0.000	 -0.002	  0.000	  0.000	  0.000	  0.000	  0.000	  0.000	  0.000	  9.790	 
-1.093	  0.000	  0.292	 -0.000	  0.000	  0.000	  0.000	  0.000	  0.000	 -0.000	 -0.002	  0.000	  0.000	  0.000	  0.000	  0.000	  0.000	  0.000	  9.823	 
-1.084	  0.000	  0.292	 -0.000	  0.000	  0.000	  0.000	  0.000	  0.000	  0.000	 -0.002	  0.000	  0.000	  0.000	  0.000	  0.000	  0.000	  0.000	  9.857	 
-1.075	  0.000	  0.292	 -0.000	  0.000	  0.000	  0.000	  0.000	  0.000	  0.000	 -0.002	  0.000	  0.000	  0.000	  0.000	  0.000	  0.000	  0.000	  9.890	 
-1.067	  0.000	  0.292	 -0.000	  0.000	  0.000	  0.000	  0.000	  0.000	  0.000	 -0.002	  0.000	  0.000	  0.000	  0.000	  0.000	  0.000	  0.000	  9.930	 
-1.058	  0.000	  0.292	 -0.000	  0.000	  0.000	  0.000	  0.000	  0.000	  0.000	 -0.002	  0.000	  0.000	  0.000	  0.000	  0.000	  0.000	  0.000	  9.963	 
-1.049	  0.000	  0.292	 -0.000	  0.000	  0.000	  0.000	  0.000	  0.000	  0.000	 -0.002	  0.000	  0.000	  0.000	  0.000	  0.000	  0.000	  0.000	 10.000	 
-1.040	  0.000	  0.292	 -0.000	  0.000	  0.000	  0.000	  0.000	  0.000	  0.000	 -0.002	  0.000	  0.000	  0.000	  0.000	  0.000	  0.000	  0.000	 10.034	 
-1.032	  0.000	  0.292	 -0.000	 -0.000	  0.000	  0.000	  0.000	  0.000	  0.000	 -0.002	  0.000	  0.000	  0.000	  0.000	  0.000	  0.000	  0.000	 10.080	 
-1.023	  0.000	  0.292	 -0.000	 -0.000	  0.000	  0.000	  0.000	  0.000	  0.000	 -0.002	  0.000	  0.000	  0.000	  0.000	  0.000	  0.000	  0.000	 10.113	 
-1.014	  0.000	  0.292	 -0.000	 -0.000	  0.000	  0.000	  0.000	  0.000	  0.000	 -0.002	  0.000	  0.000	  0.000	  0.000	  0.000	  0.000	  0.000	 10.147	 
-1.005	  0.000	  0.292	 -0.000	 -0.000	  0.000	  0.000	  0.000	  0.000	  0.000	 -0.002	  0.000	  0.000	  0.000	  0.000	  0.000	  0.000	  0.000	 10.179	 
-0.997	  0.000	  0.292	 -0.000	 -0.000	  0.000	  0.000	  0.000	  0.000	  0.000	 -0.002	  0.000	  0.000	  0.000	  0.000	  0.000	  0.000	  0.000	 10.213	 
-0.988	  0.000	  0.292	 -0.000	 -0.000	  0.000	  0.000	  0.000	  0.000	  0.000	 -0.002	  0.000	  0.000	  0.000	  0.000	  0.000	  0.000	  0.000	 10.246	 
-0.979	  0.000	  0.292	  0.000	 -0.000	  0.000	  0.000	  0.000	  0.000	  0.000	 -0.001	  0.000	  0.000	  0.000	  0.000	  0.000	  0.000	  0.000	 10.279	 
-0.970	  0.000	  0.292	  0.000	 -0.000	  0.000	  0.000	  0.000	  0.000	  0.000	 -0.001	  0.000	  0.000	  0.000	  0.000	  0.000	  0.000	  0.000	 10.312	 
-0.962	  0.000	  0.292	  0.000	 -0.000	  0.000	  0.000	  0.000	  0.000	  0.000	 -0.001	  0.000	  0.000	  0.000	  0.000	  0.000	  0.000	  0.000	 10.350	 
-0.953	  0.000	  0.292	  0.000	 -0.000	  0.000	  0.000	  0.000	  0.000	  0.000	 -0.001	  0.000	  0.000	  0.000	  0.000	  0.000	  0.000	  0.000	 10.383	 
-0.944	  0.000	  0.292	  0.000	 -0.001	  0.000	  0.000	  0.000	  0.000	  0.000	 -0.000	  0.000	  0.000	  0.000	  0.000	  0.000	  0.000	  0.000	 10.422	 
-0.935	  0.000	  0.292	  0.000	 -0.001	  0.000	  0.000	  0.000	  0.000	  0.000	 -0.000	  0.000	  0.000	  0.000	  0.000	  0.000	  0.000	  0.000	 10.455	 
-0.927	  0.000	  0.292	  0.000	 -0.001	  0.000	  0.000	  0.000	  0.000	  0.000	  0.000	  0.000	  0.000	  0.000	  0.000	  0.000	  0.000	  0.000	 10.490	 
-0.918	  0.000	  0.292	  0.000	 -0.000	  0.000	  0.000	  0.000	  0.000	  0.000	  0.000	  0.000	  0.000	  0.000	  0.000	  0.000	  0.000	  0.000	 10.522	 
-0.909	  0.000	  0.292	  0.000	 -0.000	  0.000	  0.000	  0.000	  0.000	  0.000	  0.001	  0.000	  0.000	  0.000	  0.000	  0.000	  0.000	  0.000	 10.556	 
-0.901	  0.000	  0.292	  0.000	 -0.000	  0.000	  0.000	  0.000	  0.000	  0.000	  0.001	  0.000	  0.000	  0.000	  0.000	  0.000	  0.000	  0.000	 10.589	 
-0.892	  0.000	  0.292	  0.000	 -0.000	  0.000	  0.000	  0.000	  0.000	  0.000	  0.001	  0.000	  0.000	  0.000	  0.000	  0.000	  0.000	  0.000	 10.623	 
-0.883	  0.000	  0.292	  0.000	 -0.000	  0.000	  0.000	  0.000	  0.000	  0.000	  0.001	  0.000	  0.000	  0.000	  0.000	  0.000	  0.000	  0.000	 10.656	 
-0.875	  0.000	  0.292	  0.000	 -0.000	  0.000	  0.000	  0.000	  0.000	  0.000	  0.001	  0.000	  0.000	  0.000	  0.000	  0.000	  0.000	  0.000	 10.693	 
-0.866	  0.000	  0.292	  0.000	 -0.000	  0.000	  0.000	  0.000	  0.000	 -0.000	  0.001	  0.000	  0.000	  0.000	  0.000	  0.000	  0.000	  0.000	 10.726	 
-0.857	  0.000	  0.292	  0.000	 -0.000	  0.000	  0.000	  0.000	  0.000	 -0.000	  0.001	  0.000	  0.000	  0.000	  0.000	  0.000	  0.000	  0.000	 10.760	 
-0.849	  0.000	  0.292	  0.000	 -0.000	  0.000	  0.000	  0.000	  0.000	 -0.000	  0.002	  0.000	  0.000	  0.000	  0.000	  0.000	  0.000	  0.000	 10.793	 
-0.840	  0.000	  0.292	  0.000	 -0.000	  0.000	  0.000	  0.000	  0.000	 -0.000	  0.002	  0.000	  0.000	  0.000	  0.000	  0.000	  0.000	  0.000	 10.827	 
-0.831	  0.000	  0.292	  0.000	 -0.000	  0.000	  0.000	  0.000	  0.000	 -0.000	  0.002	  0.000	  0.000	  0.000	  0.000	  0.000	  0.000	  0.000	 10.860	 
-0.822	  0.000	  0.292	  0.000	 -0.000	  0.000	  0.000	  0.000	  0.000	 -0.000	  0.002	  0.000	  0.000	  0.000	  0.000	  0.000	  0.000	  0.000	 10.901	 
-0.814	  0.000	  0.292	  0.000	  0.000	  0.000	  0.000	  0.000	  0.000	 -0.000	  0.002	  0.000	  0.000	  0.000	  0.000	  0.000	  0.000	  0.000	 10.934	 
-0.805	  0.000	  0.292	  0.000	  0.000	  0.000	  0.000	  0.000	  0.000	 -0.000	  0.002	  0.000	  0.000	  0.000	  0.000	  0.000	  0.000	  0.000	 10.969	 
-0.796	  0.000	  0.292	  0.000	  0.000	  0.000	  0.000	  0.000	  0.000	 -0.000	  0.001	  0.000	  0.000	  0.000	  0.000	  0.000	  0.000	  0.000	 11.001	 
-0.788	  0.000	  0.292	  0.000	  0.000	  0.000	  0.000	  0.000	  0.000	 -0.000	  0.001	  0.000	  0.000	  0.000	  0.000	  0.000	  0.000	  0.000	 11.038	 
-0.779	  0.000	  0.292	  0.000	  0.000	  0.000	  0.000	  0.000	  0.000	 -0.000	  0.001	  0.000	  0.000	  0.000	  0.000	  0.000	  0.000	  0.000	 11.071	 
-0.770	  0.000	  0.292	 -0.000	  0.000	  0.000	  0.000	  0.000	  0.000	 -0.000	  0.001	  0.000	  0.000	  0.000	  0.000	  0.000	  0.000	  0.000	 11.105	 
