0.078548	0.052494	0.000000	0.000000	0.000000	0.000000	0.623822	0.415448	0.000000	0.000000	0.000000	0.000000	0.065725	0.015000	0.000000	0.000000	0.000000	0.100000	0.657248	0.150000	0.000000	0.000000	0.000000	1.000000	0.657248	1.000000	0.657248	1.000000	0.175372	
0.142660	0.095075	0.000000	0.000000	0.000000	0.000000	0.623330	0.414137	0.000000	0.000000	0.000000	0.000000	0.134602	0.036986	0.000000	0.000000	0.000000	0.200000	0.688774	0.219861	0.000000	0.000000	0.000000	1.000000	0.707283	1.000000	0.707283	1.000000	0.238114	
0.219438	0.146782	0.000000	0.000000	0.000000	0.000000	0.622334	0.411450	0.000000	0.000000	0.000000	0.000000	0.203937	0.066346	0.000000	0.000000	0.000000	0.300000	0.693348	0.293599	0.000000	0.000000	0.000000	1.000000	0.737856	1.000000	0.737856	1.000000	0.369078	
0.281350	0.186756	0.000000	0.000000	0.000000	0.000000	0.621287	0.408705	0.000000	0.000000	0.000000	0.000000	0.272032	0.103078	0.000000	0.000000	0.000000	0.399786	0.680950	0.367320	0.000000	0.000000	0.000000	0.997864	0.759087	0.997864	0.759087	0.997864	0.455610	
0.343427	0.227466	0.000000	0.000000	0.000000	0.000000	0.619934	0.405118	0.000000	0.000000	0.000000	0.000000	0.337506	0.145530	0.000000	0.000000	0.000000	0.490589	0.654740	0.424519	0.000000	0.000000	0.000000	0.908029	0.768342	0.908029	0.768342	0.908029	0.575842	
0.405346	0.267768	0.000000	0.000000	0.000000	0.000000	0.618314	0.400832	0.000000	0.000000	0.000000	0.000000	0.400484	0.186207	0.000000	0.000000	0.000000	0.531974	0.629779	0.406771	0.000000	0.000000	0.000000	0.413847	0.747149	0.413847	0.747149	0.413847	0.652943	
0.467087	0.307613	0.000000	0.000000	0.000000	0.000000	0.616426	0.395851	0.000000	0.000000	0.000000	0.000000	0.459443	0.224444	0.000000	0.000000	0.000000	0.552283	0.589593	0.382366	0.000000	0.000000	0.000000	0.203086	0.702065	0.203086	0.702065	0.203086	0.752744	
0.528637	0.346925	0.000000	0.000000	0.000000	0.000000	0.614272	0.390185	0.000000	0.000000	0.000000	0.000000	0.517329	0.261583	0.000000	0.000000	0.000000	0.560610	0.578857	0.371393	0.000000	0.000000	0.000000	0.083274	0.687642	0.083274	0.687642	0.083274	0.852764	
0.589961	0.385641	0.000000	0.000000	0.000000	0.000000	0.611851	0.383844	0.000000	0.000000	0.000000	0.000000	0.574635	0.297880	0.000000	0.000000	0.000000	0.562419	0.573062	0.362973	0.000000	0.000000	0.000000	0.018092	0.678338	0.018092	0.678338	0.018092	0.953571	
0.651036	0.423696	0.000000	0.000000	0.000000	0.000000	0.609165	0.376836	0.000000	0.000000	0.000000	0.000000	0.631492	0.333375	0.000000	0.000000	0.000000	0.560484	0.568564	0.354948	0.000000	0.000000	0.000000	-0.019353	0.670257	-0.019353	0.670257	-0.019353	1.053030	
0.711808	0.461003	0.000000	0.000000	0.000000	0.000000	0.606216	0.369178	0.000000	0.000000	0.000000	0.000000	0.687917	0.368048	0.000000	0.000000	0.000000	0.556297	0.564253	0.346724	0.000000	0.000000	0.000000	-0.041868	0.662238	-0.041868	0.662238	-0.041868	1.152960	
0.772273	0.497509	0.000000	0.000000	0.000000	0.000000	0.603005	0.360880	0.000000	0.000000	0.000000	0.000000	0.743898	0.401868	0.000000	0.000000	0.000000	0.550699	0.559814	0.338205	0.000000	0.000000	0.000000	-0.055984	0.653991	-0.055984	0.653991	-0.055984	1.252850	
0.832405	0.533170	0.000000	0.000000	0.000000	0.000000	0.599532	0.351958	0.000000	0.000000	0.000000	0.000000	0.799422	0.434795	0.000000	0.000000	0.000000	0.544058	0.555240	0.329266	0.000000	0.000000	0.000000	-0.066403	0.645452	-0.066403	0.645452	-0.066403	1.353151	
0.892190	0.567888	0.000000	0.000000	0.000000	0.000000	0.595802	0.342431	0.000000	0.000000	0.000000	0.000000	0.854482	0.466776	0.000000	0.000000	0.000000	0.536490	0.550594	0.319818	0.000000	0.000000	0.000000	-0.075689	0.636638	-0.075689	0.636638	-0.075689	1.452946	
0.951578	0.601634	0.000000	0.000000	0.000000	0.000000	0.591812	0.332305	0.000000	0.000000	0.000000	0.000000	0.909062	0.497763	0.000000	0.000000	0.000000	0.528061	0.545807	0.309864	0.000000	0.000000	0.000000	-0.084285	0.627504	-0.084285	0.627504	-0.084285	1.553294	
1.010550	0.634335	0.000000	0.000000	0.000000	0.000000	0.587566	0.321608	0.000000	0.000000	0.000000	0.000000	0.963154	0.527708	0.000000	0.000000	0.000000	0.518804	0.540916	0.299450	0.000000	0.000000	0.000000	-0.092566	0.618116	-0.092566	0.618116	-0.092566	1.652947	
1.069086	0.665940	0.000000	0.000000	0.000000	0.000000	0.583066	0.310351	0.000000	0.000000	0.000000	0.000000	1.016744	0.556565	0.000000	0.000000	0.000000	0.508723	0.535897	0.288571	0.000000	0.000000	0.000000	-0.100811	0.608465	-0.100811	0.608465	-0.100811	1.753090	
1.127167	0.696418	0.000000	0.000000	0.000000	0.000000	0.578306	0.298539	0.000000	0.000000	0.000000	0.000000	1.069814	0.584287	0.000000	0.000000	0.000000	0.497808	0.530709	0.277221	0.000000	0.000000	0.000000	-0.109151	0.598527	-0.109151	0.598527	-0.109151	1.852936	
1.184753	0.725657	0.000000	0.000000	0.000000	0.000000	0.573306	0.286235	0.000000	0.000000	0.000000	0.000000	1.122358	0.610842	0.000000	0.000000	0.000000	0.486092	0.525432	0.265550	0.000000	0.000000	0.000000	-0.117163	0.588461	-0.117163	0.588461	-0.117163	1.952802	
1.241836	0.753656	0.000000	0.000000	0.000000	0.000000	0.568049	0.273409	0.000000	0.000000	0.000000	0.000000	1.174353	0.636176	0.000000	0.000000	0.000000	0.473482	0.519955	0.253340	0.000000	0.000000	0.000000	-0.126101	0.578080	-0.126101	0.578080	-0.126101	2.053096	
1.298373	0.780352	0.000000	0.000000	0.000000	0.000000	0.562558	0.260153	0.000000	0.000000	0.000000	0.000000	1.225789	0.660272	0.000000	0.000000	0.000000	0.460089	0.514362	0.240963	0.000000	0.000000	0.000000	-0.133931	0.567651	-0.133931	0.567651	-0.133931	2.152714	
1.354350	0.805677	0.000000	0.000000	0.000000	0.000000	0.556820	0.246431	0.000000	0.000000	0.000000	0.000000	1.276649	0.683073	0.000000	0.000000	0.000000	0.445734	0.508600	0.228010	0.000000	0.000000	0.000000	-0.143549	0.556955	-0.143549	0.556955	-0.143549	2.252663	
1.409735	0.829604	0.000000	0.000000	0.000000	0.000000	0.550843	0.232286	0.000000	0.000000	0.000000	0.000000	1.326913	0.704561	0.000000	0.000000	0.000000	0.430522	0.502638	0.214873	0.000000	0.000000	0.000000	-0.152122	0.546164	-0.152122	0.546164	-0.152122	2.352685	
1.464512	0.852109	0.000000	0.000000	0.000000	0.000000	0.544624	0.217730	0.000000	0.000000	0.000000	0.000000	1.376567	0.724690	0.000000	0.000000	0.000000	0.414324	0.496533	0.201298	0.000000	0.000000	0.000000	-0.161977	0.535235	-0.161977	0.535235	-0.161977	2.452558	
1.518656	0.873141	0.000000	0.000000	0.000000	0.000000	0.538169	0.202795	0.000000	0.000000	0.000000	0.000000	1.425590	0.743441	0.000000	0.000000	0.000000	0.397178	0.490239	0.187501	0.000000	0.000000	0.000000	-0.171464	0.524242	-0.171464	0.524242	-0.171464	2.552754	
1.572156	0.892661	0.000000	0.000000	0.000000	0.000000	0.531482	0.187513	0.000000	0.000000	0.000000	0.000000	1.473971	0.760780	0.000000	0.000000	0.000000	0.379014	0.483808	0.173398	0.000000	0.000000	0.000000	-0.181636	0.513220	-0.181636	0.513220	-0.181636	2.652541	
1.624959	0.910635	0.000000	0.000000	0.000000	0.000000	0.524565	0.171906	0.000000	0.000000	0.000000	0.000000	1.521691	0.776686	0.000000	0.000000	0.000000	0.359819	0.477193	0.159059	0.000000	0.000000	0.000000	-0.191954	0.502179	-0.191954	0.502179	-0.191954	2.752549	
1.677062	0.927034	0.000000	0.000000	0.000000	0.000000	0.517420	0.155999	0.000000	0.000000	0.000000	0.000000	1.568733	0.791134	0.000000	0.000000	0.000000	0.339545	0.470424	0.144480	0.000000	0.000000	0.000000	-0.202740	0.491170	-0.202740	0.491170	-0.202740	2.852577	
1.728440	0.941830	0.000000	0.000000	0.000000	0.000000	0.510051	0.139820	0.000000	0.000000	0.000000	0.000000	1.615083	0.804105	0.000000	0.000000	0.000000	0.318164	0.463499	0.129706	0.000000	0.000000	0.000000	-0.213809	0.480236	-0.213809	0.480236	-0.213809	2.952898	
1.779069	0.954993	0.000000	0.000000	0.000000	0.000000	0.502462	0.123404	0.000000	0.000000	0.000000	0.000000	1.660726	0.815581	0.000000	0.000000	0.000000	0.295642	0.456435	0.114761	0.000000	0.000000	0.000000	-0.225216	0.469427	-0.225216	0.469427	-0.225216	3.052628	
1.828940	0.966503	0.000000	0.000000	0.000000	0.000000	0.494656	0.106773	0.000000	0.000000	0.000000	0.000000	1.705650	0.825547	0.000000	0.000000	0.000000	0.271942	0.449233	0.099660	0.000000	0.000000	0.000000	-0.237001	0.458779	-0.237001	0.458779	-0.237001	3.152566	
1.878006	0.976341	0.000000	0.000000	0.000000	0.000000	0.486636	0.089958	0.000000	0.000000	0.000000	0.000000	1.749839	0.833990	0.000000	0.000000	0.000000	0.247032	0.441898	0.084432	0.000000	0.000000	0.000000	-0.249103	0.448337	-0.249103	0.448337	-0.249103	3.252653	
1.926261	0.984490	0.000000	0.000000	0.000000	0.000000	0.478405	0.072986	0.000000	0.000000	0.000000	0.000000	1.793284	0.840900	0.000000	0.000000	0.000000	0.220878	0.434451	0.069102	0.000000	0.000000	0.000000	-0.261537	0.438159	-0.261537	0.438159	-0.261537	3.352601	
1.973683	0.990935	0.000000	0.000000	0.000000	0.000000	0.469967	0.055888	0.000000	0.000000	0.000000	0.000000	1.835975	0.846270	0.000000	0.000000	0.000000	0.193452	0.426905	0.053695	0.000000	0.000000	0.000000	-0.274260	0.428297	-0.274260	0.428297	-0.274260	3.452680	
2.020251	0.995665	0.000000	0.000000	0.000000	0.000000	0.461326	0.038694	0.000000	0.000000	0.000000	0.000000	1.877903	0.850093	0.000000	0.000000	0.000000	0.164729	0.419278	0.038233	0.000000	0.000000	0.000000	-0.287236	0.418807	-0.287236	0.418807	-0.287236	3.552624	
2.065945	0.998672	0.000000	0.000000	0.000000	0.000000	0.452485	0.021428	0.000000	0.000000	0.000000	0.000000	1.919061	0.852366	0.000000	0.000000	0.000000	0.134680	0.411584	0.022728	0.000000	0.000000	0.000000	-0.300485	0.409740	-0.300485	0.409740	-0.300485	3.652673	
2.110744	0.999951	0.000000	0.000000	0.000000	0.000000	0.443448	0.004130	0.000000	0.000000	0.000000	0.000000	1.959446	0.853088	0.000000	0.000000	0.000000	0.103300	0.403853	0.007222	0.000000	0.000000	0.000000	-0.313799	0.401165	-0.313799	0.401165	-0.313799	3.752623	
2.154630	0.999499	0.000000	0.000000	0.000000	0.000000	0.434220	-0.013176	0.000000	0.000000	0.000000	0.000000	1.999056	0.852259	0.000000	0.000000	0.000000	0.070573	0.396096	-0.008291	0.000000	0.000000	0.000000	-0.327271	0.393129	-0.327271	0.393129	-0.327271	3.852702	
2.197584	0.997317	0.000000	0.000000	0.000000	0.000000	0.424803	-0.030459	0.000000	0.000000	0.000000	0.000000	2.037890	0.849880	0.000000	0.000000	0.000000	0.036498	0.388342	-0.023788	0.000000	0.000000	0.000000	-0.340752	0.385698	-0.340752	0.385698	-0.340752	3.952723	
2.239588	0.993409	0.000000	0.000000	0.000000	0.000000	0.415203	-0.047693	0.000000	0.000000	0.000000	0.000000	2.075952	0.845954	0.000000	0.000000	0.000000	0.001078	0.380612	-0.039267	0.000000	0.000000	0.000000	-0.354196	0.378926	-0.354196	0.378926	-0.354196	4.052732	
2.280622	0.987783	0.000000	0.000000	0.000000	0.000000	0.405421	-0.064840	0.000000	0.000000	0.000000	0.000000	2.113244	0.840483	0.000000	0.000000	0.000000	-0.035662	0.372920	-0.054708	0.000000	0.000000	0.000000	-0.367402	0.372861	-0.367402	0.372861	-0.367402	4.152649	
2.320670	0.980446	0.000000	0.000000	0.000000	0.000000	0.395464	-0.081879	0.000000	0.000000	0.000000	0.000000	2.149773	0.833470	0.000000	0.000000	0.000000	-0.073701	0.365299	-0.070128	0.000000	0.000000	0.000000	-0.380395	0.367567	-0.380395	0.367567	-0.380395	4.252792	
2.359713	0.971412	0.000000	0.000000	0.000000	0.000000	0.385338	-0.098771	0.000000	0.000000	0.000000	0.000000	2.185549	0.824919	0.000000	0.000000	0.000000	-0.112989	0.357757	-0.085507	0.000000	0.000000	0.000000	-0.392877	0.363082	-0.392877	0.363082	-0.392877	4.352704	
2.397736	0.960698	0.000000	0.000000	0.000000	0.000000	0.375044	-0.115498	0.000000	0.000000	0.000000	0.000000	2.220577	0.814832	0.000000	0.000000	0.000000	-0.153482	0.350279	-0.100875	0.000000	0.000000	0.000000	-0.404924	0.359419	-0.404924	0.359419	-0.404924	4.452854	
2.434720	0.948320	0.000000	0.000000	0.000000	0.000000	0.364583	-0.132029	0.000000	0.000000	0.000000	0.000000	2.254862	0.803210	0.000000	0.000000	0.000000	-0.195106	0.342854	-0.116218	0.000000	0.000000	0.000000	-0.416244	0.356591	-0.416244	0.356591	-0.416244	4.553104	
2.470652	0.934297	0.000000	0.000000	0.000000	0.000000	0.353971	-0.148318	0.000000	0.000000	0.000000	0.000000	2.288414	0.790058	0.000000	0.000000	0.000000	-0.237758	0.335517	-0.131520	0.000000	0.000000	0.000000	-0.426516	0.354649	-0.426516	0.354649	-0.426516	4.653135	
2.505515	0.918663	0.000000	0.000000	0.000000	0.000000	0.343207	-0.164353	0.000000	0.000000	0.000000	0.000000	2.321230	0.775377	0.000000	0.000000	0.000000	-0.281352	0.328158	-0.146811	0.000000	0.000000	0.000000	-0.435946	0.353504	-0.435946	0.353504	-0.435946	4.752948	
2.539293	0.901434	0.000000	0.000000	0.000000	0.000000	0.332288	-0.180117	0.000000	0.000000	0.000000	0.000000	2.353304	0.759168	0.000000	0.000000	0.000000	-0.325789	0.320742	-0.162083	0.000000	0.000000	0.000000	-0.444362	0.353134	-0.444362	0.353134	-0.444362	4.853110	
2.571972	0.882653	0.000000	0.000000	0.000000	0.000000	0.321232	-0.195549	0.000000	0.000000	0.000000	0.000000	2.384630	0.741446	0.000000	0.000000	0.000000	-0.370885	0.313261	-0.177229	0.000000	0.000000	0.000000	-0.450968	0.353506	-0.450968	0.353506	-0.450968	4.952788	
2.603538	0.862337	0.000000	0.000000	0.000000	0.000000	0.310034	-0.210652	0.000000	0.000000	0.000000	0.000000	2.415186	0.722212	0.000000	0.000000	0.000000	-0.416562	0.305556	-0.192339	0.000000	0.000000	0.000000	-0.456771	0.354492	-0.456771	0.354492	-0.456771	5.052945	
2.633984	0.840533	0.000000	0.000000	0.000000	0.000000	0.298704	-0.225389	0.000000	0.000000	0.000000	0.000000	2.444951	0.701486	0.000000	0.000000	0.000000	-0.462629	0.297657	-0.207261	0.000000	0.000000	0.000000	-0.460663	0.356065	-0.460663	0.356065	-0.460663	5.152700	
2.663283	0.817273	0.000000	0.000000	0.000000	0.000000	0.287242	-0.239740	0.000000	0.000000	0.000000	0.000000	2.473892	0.679285	0.000000	0.000000	0.000000	-0.508969	0.289405	-0.222010	0.000000	0.000000	0.000000	-0.463405	0.358067	-0.463405	0.358067	-0.463405	5.252764	
2.691430	0.792595	0.000000	0.000000	0.000000	0.000000	0.275653	-0.253678	0.000000	0.000000	0.000000	0.000000	2.501973	0.655638	0.000000	0.000000	0.000000	-0.555410	0.280805	-0.236464	0.000000	0.000000	0.000000	-0.464411	0.360436	-0.464411	0.360436	-0.464411	5.352996	
2.718413	0.766546	0.000000	0.000000	0.000000	0.000000	0.263949	-0.267170	0.000000	0.000000	0.000000	0.000000	2.529154	0.630580	0.000000	0.000000	0.000000	-0.601805	0.271811	-0.250583	0.000000	0.000000	0.000000	-0.463949	0.363084	-0.463949	0.363084	-0.463949	5.452754	
2.744226	0.739172	0.000000	0.000000	0.000000	0.000000	0.252129	-0.280204	0.000000	0.000000	0.000000	0.000000	2.555390	0.604148	0.000000	0.000000	0.000000	-0.648039	0.262364	-0.264320	0.000000	0.000000	0.000000	-0.462337	0.365911	-0.462337	0.365911	-0.462337	5.552938	
2.768844	0.710522	0.000000	0.000000	0.000000	0.000000	0.240202	-0.292751	0.000000	0.000000	0.000000	0.000000	2.580638	0.576391	0.000000	0.000000	0.000000	-0.693968	0.252484	-0.277570	0.000000	0.000000	0.000000	-0.459287	0.368846	-0.459287	0.368846	-0.459287	5.652818	
2.792264	0.680637	0.000000	0.000000	0.000000	0.000000	0.228167	-0.304793	0.000000	0.000000	0.000000	0.000000	2.604851	0.547359	0.000000	0.000000	0.000000	-0.739510	0.242121	-0.290319	0.000000	0.000000	0.000000	-0.455425	0.371808	-0.455425	0.371808	-0.455425	5.752842	
2.814477	0.649571	0.000000	0.000000	0.000000	0.000000	0.216036	-0.316308	0.000000	0.000000	0.000000	0.000000	2.627988	0.517111	0.000000	0.000000	0.000000	-0.784541	0.231371	-0.302481	0.000000	0.000000	0.000000	-0.450306	0.374787	-0.450306	0.374787	-0.450306	5.852883	
2.835478	0.617386	0.000000	0.000000	0.000000	0.000000	0.203811	-0.327275	0.000000	0.000000	0.000000	0.000000	2.650005	0.485709	0.000000	0.000000	0.000000	-0.828996	0.220170	-0.314016	0.000000	0.000000	0.000000	-0.444557	0.377670	-0.444557	0.377670	-0.444557	5.952961	
2.855246	0.584129	0.000000	0.000000	0.000000	0.000000	0.191496	-0.337678	0.000000	0.000000	0.000000	0.000000	2.670864	0.453221	0.000000	0.000000	0.000000	-0.872802	0.208593	-0.324880	0.000000	0.000000	0.000000	-0.438054	0.380447	-0.438054	0.380447	-0.438054	6.054573	
2.873777	0.549865	0.000000	0.000000	0.000000	0.000000	0.179101	-0.347493	0.000000	0.000000	0.000000	0.000000	2.690531	0.419721	0.000000	0.000000	0.000000	-0.915888	0.196667	-0.335006	0.000000	0.000000	0.000000	-0.430865	0.383053	-0.430865	0.383053	-0.430865	6.152991	
2.891066	0.514638	0.000000	0.000000	0.000000	0.000000	0.166626	-0.356709	0.000000	0.000000	0.000000	0.000000	2.708973	0.385280	0.000000	0.000000	0.000000	-0.958225	0.184426	-0.344407	0.000000	0.000000	0.000000	-0.423366	0.385481	-0.423366	0.385481	-0.423366	6.253138	
2.907107	0.478536	0.000000	0.000000	0.000000	0.000000	0.154081	-0.365303	0.000000	0.000000	0.000000	0.000000	2.726166	0.349982	0.000000	0.000000	0.000000	-0.999752	0.171924	-0.352981	0.000000	0.000000	0.000000	-0.415275	0.387651	-0.415275	0.387651	-0.415275	6.352884	
2.921886	0.441605	0.000000	0.000000	0.000000	0.000000	0.141468	-0.373266	0.000000	0.000000	0.000000	0.000000	2.742084	0.313904	0.000000	0.000000	0.000000	-1.040470	0.159187	-0.360782	0.000000	0.000000	0.000000	-0.407179	0.389581	-0.407179	0.389581	-0.407179	6.452868	
2.935401	0.403892	0.000000	0.000000	0.000000	0.000000	0.128784	-0.380591	0.000000	0.000000	0.000000	0.000000	2.756710	0.277126	0.000000	0.000000	0.000000	-1.080375	0.146261	-0.367780	0.000000	0.000000	0.000000	-0.399048	0.391243	-0.399048	0.391243	-0.399048	6.553308	
2.947646	0.365490	0.000000	0.000000	0.000000	0.000000	0.116056	-0.387247	0.000000	0.000000	0.000000	0.000000	2.770033	0.239736	0.000000	0.000000	0.000000	-1.119428	0.133228	-0.373896	0.000000	0.000000	0.000000	-0.390525	0.392576	-0.390525	0.392576	-0.390525	6.652875	
2.958618	0.326472	0.000000	0.000000	0.000000	0.000000	0.103284	-0.393233	0.000000	0.000000	0.000000	0.000000	2.782040	0.201817	0.000000	0.000000	0.000000	-1.157667	0.120067	-0.379188	0.000000	0.000000	0.000000	-0.382390	0.393586	-0.382390	0.393586	-0.382390	6.752957	
2.968306	0.286873	0.000000	0.000000	0.000000	0.000000	0.090461	-0.398541	0.000000	0.000000	0.000000	0.000000	2.792722	0.163452	0.000000	0.000000	0.000000	-1.195128	0.106824	-0.383657	0.000000	0.000000	0.000000	-0.374618	0.394267	-0.374618	0.394267	-0.374618	6.852999	
2.976710	0.246771	0.000000	0.000000	0.000000	0.000000	0.077596	-0.403161	0.000000	0.000000	0.000000	0.000000	2.802077	0.124723	0.000000	0.000000	0.000000	-1.231844	0.093545	-0.387290	0.000000	0.000000	0.000000	-0.367156	0.394603	-0.367156	0.394603	-0.367156	6.952903	
2.983827	0.206248	0.000000	0.000000	0.000000	0.000000	0.064700	-0.407082	0.000000	0.000000	0.000000	0.000000	2.810102	0.085713	0.000000	0.000000	0.000000	-1.267857	0.080252	-0.390096	0.000000	0.000000	0.000000	-0.360135	0.394584	-0.360135	0.394584	-0.360135	7.052914	
2.989652	0.165374	0.000000	0.000000	0.000000	0.000000	0.051778	-0.410298	0.000000	0.000000	0.000000	0.000000	2.816799	0.046505	0.000000	0.000000	0.000000	-1.303226	0.066966	-0.392082	0.000000	0.000000	0.000000	-0.353681	0.394205	-0.353681	0.394205	-0.353681	7.152851	
2.994184	0.124208	0.000000	0.000000	0.000000	0.000000	0.038828	-0.412804	0.000000	0.000000	0.000000	0.000000	2.822168	0.007177	0.000000	0.000000	0.000000	-1.338025	0.053690	-0.393279	0.000000	0.000000	0.000000	-0.347997	0.393480	-0.347997	0.393480	-0.347997	7.252859	
2.997420	0.082832	0.000000	0.000000	0.000000	0.000000	0.025865	-0.414596	0.000000	0.000000	0.000000	0.000000	2.826216	-0.032193	0.000000	0.000000	0.000000	-1.372308	0.040485	-0.393700	0.000000	0.000000	0.000000	-0.342823	0.392421	-0.342823	0.392421	-0.342823	7.352908	
2.999359	0.041312	0.000000	0.000000	0.000000	0.000000	0.012891	-0.415670	0.000000	0.000000	0.000000	0.000000	2.828948	-0.071529	0.000000	0.000000	0.000000	-1.406162	0.027320	-0.393360	0.000000	0.000000	0.000000	-0.338546	0.391024	-0.338546	0.391024	-0.338546	7.452899	
3.000000	-0.000281	0.000000	0.000000	0.000000	0.000000	-0.000092	-0.416025	0.000000	0.000000	0.000000	0.000000	2.830371	-0.110758	0.000000	0.000000	0.000000	-1.439665	0.014230	-0.392287	0.000000	0.000000	0.000000	-0.335031	0.389315	-0.335031	0.389315	-0.335031	7.552852	
2.999342	-0.041869	0.000000	0.000000	0.000000	0.000000	-0.013072	-0.415660	0.000000	0.000000	0.000000	0.000000	2.830495	-0.149808	0.000000	0.000000	0.000000	-1.472889	0.001236	-0.390501	0.000000	0.000000	0.000000	-0.332235	0.387310	-0.332235	0.387310	-0.332235	7.652912	
2.997387	-0.083402	0.000000	0.000000	0.000000	0.000000	-0.026049	-0.414575	0.000000	0.000000	0.000000	0.000000	2.829326	-0.188612	0.000000	0.000000	0.000000	-1.505930	-0.011687	-0.388037	0.000000	0.000000	0.000000	-0.330416	0.385036	-0.330416	0.385036	-0.330416	7.753090	
2.994135	-0.124777	0.000000	0.000000	0.000000	0.000000	-0.039012	-0.412773	0.000000	0.000000	0.000000	0.000000	2.826877	-0.227102	0.000000	0.000000	0.000000	-1.538854	-0.024487	-0.384901	0.000000	0.000000	0.000000	-0.329234	0.382504	-0.329234	0.382504	-0.329234	7.852982	
2.989587	-0.165934	0.000000	0.000000	0.000000	0.000000	-0.051958	-0.410257	0.000000	0.000000	0.000000	0.000000	2.823156	-0.265214	0.000000	0.000000	0.000000	-1.571764	-0.037212	-0.381128	0.000000	0.000000	0.000000	-0.329101	0.379745	-0.329101	0.379745	-0.329101	7.952956	
2.983745	-0.206822	0.000000	0.000000	0.000000	0.000000	-0.064885	-0.407030	0.000000	0.000000	0.000000	0.000000	2.818174	-0.302890	0.000000	0.000000	0.000000	-1.604736	-0.049822	-0.376759	0.000000	0.000000	0.000000	-0.329719	0.376807	-0.329719	0.376807	-0.329719	8.053226	
2.976613	-0.247333	0.000000	0.000000	0.000000	0.000000	-0.077780	-0.403098	0.000000	0.000000	0.000000	0.000000	2.811942	-0.340069	0.000000	0.000000	0.000000	-1.637846	-0.062318	-0.371791	0.000000	0.000000	0.000000	-0.331104	0.373691	-0.331104	0.373691	-0.331104	8.153037	
2.968189	-0.287415	0.000000	0.000000	0.000000	0.000000	-0.090641	-0.398470	0.000000	0.000000	0.000000	0.000000	2.804469	-0.376697	0.000000	0.000000	0.000000	-1.671192	-0.074727	-0.366275	0.000000	0.000000	0.000000	-0.333459	0.370459	-0.333459	0.370459	-0.333459	8.252917	
2.958485	-0.327000	0.000000	0.000000	0.000000	0.000000	-0.103462	-0.393153	0.000000	0.000000	0.000000	0.000000	2.795767	-0.412720	0.000000	0.000000	0.000000	-1.704845	-0.087022	-0.360232	0.000000	0.000000	0.000000	-0.336528	0.367140	-0.336528	0.367140	-0.336528	8.352898	
2.947500	-0.366027	0.000000	0.000000	0.000000	0.000000	-0.116242	-0.387153	0.000000	0.000000	0.000000	0.000000	2.785843	-0.448087	0.000000	0.000000	0.000000	-1.738901	-0.099243	-0.353672	0.000000	0.000000	0.000000	-0.340566	0.363763	-0.340566	0.363763	-0.340566	8.452911	
2.935234	-0.404419	0.000000	0.000000	0.000000	0.000000	-0.128972	-0.380483	0.000000	0.000000	0.000000	0.000000	2.774707	-0.482751	0.000000	0.000000	0.000000	-1.773426	-0.111353	-0.346638	0.000000	0.000000	0.000000	-0.345242	0.360382	-0.345242	0.360382	-0.345242	8.553109	
2.921704	-0.442104	0.000000	0.000000	0.000000	0.000000	-0.141645	-0.373157	0.000000	0.000000	0.000000	0.000000	2.762368	-0.516667	0.000000	0.000000	0.000000	-1.808503	-0.123395	-0.339154	0.000000	0.000000	0.000000	-0.350778	0.357048	-0.350778	0.357048	-0.350778	8.652965	
2.906909	-0.479027	0.000000	0.000000	0.000000	0.000000	-0.154257	-0.365184	0.000000	0.000000	0.000000	0.000000	2.748832	-0.549789	0.000000	0.000000	0.000000	-1.844208	-0.135359	-0.331229	0.000000	0.000000	0.000000	-0.357046	0.353788	-0.357046	0.353788	-0.357046	8.752953	
2.890856	-0.515121	0.000000	0.000000	0.000000	0.000000	-0.166800	-0.356579	0.000000	0.000000	0.000000	0.000000	2.734106	-0.582080	0.000000	0.000000	0.000000	-1.880610	-0.147264	-0.322907	0.000000	0.000000	0.000000	-0.364023	0.350677	-0.364023	0.350677	-0.364023	8.852945	
2.873552	-0.550325	0.000000	0.000000	0.000000	0.000000	-0.179273	-0.347356	0.000000	0.000000	0.000000	0.000000	2.718192	-0.613500	0.000000	0.000000	0.000000	-1.917790	-0.159138	-0.314193	0.000000	0.000000	0.000000	-0.371796	0.347753	-0.371796	0.347753	-0.371796	8.953008	
2.855004	-0.584576	0.000000	0.000000	0.000000	0.000000	-0.191667	-0.337533	0.000000	0.000000	0.000000	0.000000	2.701094	-0.644013	0.000000	0.000000	0.000000	-1.955801	-0.170977	-0.305139	0.000000	0.000000	0.000000	-0.380112	0.345097	-0.380112	0.345097	-0.380112	9.052986	
2.835221	-0.617825	0.000000	0.000000	0.000000	0.000000	-0.203978	-0.327126	0.000000	0.000000	0.000000	0.000000	2.682812	-0.673588	0.000000	0.000000	0.000000	-1.994714	-0.182825	-0.295747	0.000000	0.000000	0.000000	-0.389132	0.342760	-0.389132	0.342760	-0.389132	9.153009	
2.814212	-0.649994	0.000000	0.000000	0.000000	0.000000	-0.216201	-0.316153	0.000000	0.000000	0.000000	0.000000	2.663342	-0.702192	0.000000	0.000000	0.000000	-2.034585	-0.194696	-0.286037	0.000000	0.000000	0.000000	-0.398703	0.340803	-0.398703	0.340803	-0.398703	9.252939	
2.791984	-0.681044	0.000000	0.000000	0.000000	0.000000	-0.228333	-0.304630	0.000000	0.000000	0.000000	0.000000	2.642679	-0.729795	0.000000	0.000000	0.000000	-2.075467	-0.206632	-0.276032	0.000000	0.000000	0.000000	-0.408828	0.339308	-0.408828	0.339308	-0.408828	9.353216	
2.768549	-0.710907	0.000000	0.000000	0.000000	0.000000	-0.240362	-0.292583	0.000000	0.000000	0.000000	0.000000	2.620814	-0.756372	0.000000	0.000000	0.000000	-2.117392	-0.218650	-0.265772	0.000000	0.000000	0.000000	-0.419240	0.338361	-0.419240	0.338361	-0.419240	9.453115	
2.743915	-0.739542	0.000000	0.000000	0.000000	0.000000	-0.252288	-0.280030	0.000000	0.000000	0.000000	0.000000	2.597734	-0.781895	0.000000	0.000000	0.000000	-2.160397	-0.230800	-0.255228	0.000000	0.000000	0.000000	-0.430060	0.338007	-0.430060	0.338007	-0.430060	9.553102	
2.718083	-0.766902	0.000000	0.000000	0.000000	0.000000	-0.264108	-0.266989	0.000000	0.000000	0.000000	0.000000	2.573423	-0.806338	0.000000	0.000000	0.000000	-2.204503	-0.243114	-0.244426	0.000000	0.000000	0.000000	-0.441060	0.338337	-0.441060	0.338337	-0.441060	9.653274	
2.691088	-0.792927	0.000000	0.000000	0.000000	0.000000	-0.275810	-0.253490	0.000000	0.000000	0.000000	0.000000	2.547862	-0.829675	0.000000	0.000000	0.000000	-2.249699	-0.255609	-0.233368	0.000000	0.000000	0.000000	-0.451960	0.339412	-0.451960	0.339412	-0.451960	9.753180	
2.662927	-0.817584	0.000000	0.000000	0.000000	0.000000	-0.287393	-0.239550	0.000000	0.000000	0.000000	0.000000	2.521029	-0.851876	0.000000	0.000000	0.000000	-2.295979	-0.268327	-0.222010	0.000000	0.000000	0.000000	-0.462798	0.341275	-0.462798	0.341275	-0.462798	9.853068	
2.633613	-0.840824	0.000000	0.000000	0.000000	0.000000	-0.298853	-0.225197	0.000000	0.000000	0.000000	0.000000	2.492902	-0.872910	0.000000	0.000000	0.000000	-2.343299	-0.281273	-0.210349	0.000000	0.000000	0.000000	-0.473199	0.343981	-0.473199	0.343981	-0.473199	9.953044	
2.603160	-0.862610	0.000000	0.000000	0.000000	0.000000	-0.310183	-0.210453	0.000000	0.000000	0.000000	0.000000	2.463457	-0.892743	0.000000	0.000000	0.000000	-2.391599	-0.294442	-0.198330	0.000000	0.000000	0.000000	-0.482995	0.347537	-0.482995	0.347537	-0.482995	10.052969	
2.571580	-0.882904	0.000000	0.000000	0.000000	0.000000	-0.321379	-0.195345	0.000000	0.000000	0.000000	0.000000	2.432676	-0.911334	0.000000	0.000000	0.000000	-2.440791	-0.307812	-0.185908	0.000000	0.000000	0.000000	-0.491918	0.351946	-0.491918	0.351946	-0.491918	10.152989	
2.538887	-0.901670	0.000000	0.000000	0.000000	0.000000	-0.332436	-0.179899	0.000000	0.000000	0.000000	0.000000	2.400543	-0.928637	0.000000	0.000000	0.000000	-2.490758	-0.321331	-0.173032	0.000000	0.000000	0.000000	-0.499675	0.357178	-0.499675	0.357178	-0.499675	10.253060	
2.505096	-0.918875	0.000000	0.000000	0.000000	0.000000	-0.343349	-0.164142	0.000000	0.000000	0.000000	0.000000	2.367051	-0.944603	0.000000	0.000000	0.000000	-2.541355	-0.334925	-0.159655	0.000000	0.000000	0.000000	-0.505974	0.363186	-0.505974	0.363186	-0.505974	10.352999	
2.470221	-0.934490	0.000000	0.000000	0.000000	0.000000	-0.354114	-0.148100	0.000000	0.000000	0.000000	0.000000	2.332201	-0.959176	0.000000	0.000000	0.000000	-2.592414	-0.348500	-0.145733	0.000000	0.000000	0.000000	-0.510581	0.369898	-0.510581	0.369898	-0.510581	10.452978	
2.434277	-0.948487	0.000000	0.000000	0.000000	0.000000	-0.364725	-0.131802	0.000000	0.000000	0.000000	0.000000	2.296006	-0.972301	0.000000	0.000000	0.000000	-2.643735	-0.361951	-0.131252	0.000000	0.000000	0.000000	-0.513215	0.377239	-0.513215	0.377239	-0.513215	10.553063	
2.397280	-0.960843	0.000000	0.000000	0.000000	0.000000	-0.375178	-0.115276	0.000000	0.000000	0.000000	0.000000	2.258488	-0.983922	0.000000	0.000000	0.000000	-2.695111	-0.375178	-0.116206	0.000000	0.000000	0.000000	-0.513764	0.385128	-0.513764	0.385128	-0.513764	10.653017	
2.359246	-0.971536	0.000000	0.000000	0.000000	0.000000	-0.385469	-0.098551	0.000000	0.000000	0.000000	0.000000	2.219679	-0.993983	0.000000	0.000000	0.000000	-2.746327	-0.388090	-0.100615	0.000000	0.000000	0.000000	-0.512156	0.393491	-0.512156	0.393491	-0.512156	10.753045	
2.320190	-0.980549	0.000000	0.000000	0.000000	0.000000	-0.395594	-0.081655	0.000000	0.000000	0.000000	0.000000	2.179617	-1.002434	0.000000	0.000000	0.000000	-2.797171	-0.400620	-0.084510	0.000000	0.000000	0.000000	-0.508445	0.402271	-0.508445	0.402271	-0.508445	10.853035	
2.280130	-0.987864	0.000000	0.000000	0.000000	0.000000	-0.405547	-0.064617	0.000000	0.000000	0.000000	0.000000	2.138345	-1.009228	0.000000	0.000000	0.000000	-2.847447	-0.412719	-0.067932	0.000000	0.000000	0.000000	-0.502756	0.411418	-0.502756	0.411418	-0.502756	10.953252	
2.239085	-0.993469	0.000000	0.000000	0.000000	0.000000	-0.415325	-0.047469	0.000000	0.000000	0.000000	0.000000	2.095909	-1.014321	0.000000	0.000000	0.000000	-2.896973	-0.424357	-0.050930	0.000000	0.000000	0.000000	-0.495256	0.420897	-0.495256	0.420897	-0.495256	11.053060	
2.197070	-0.997355	0.000000	0.000000	0.000000	0.000000	-0.424923	-0.030236	0.000000	0.000000	0.000000	0.000000	2.052357	-1.017676	0.000000	0.000000	0.000000	-2.945591	-0.435525	-0.033550	0.000000	0.000000	0.000000	-0.486184	0.430685	-0.486184	0.430685	-0.486184	11.153166	
2.154103	-0.999515	0.000000	0.000000	0.000000	0.000000	-0.434337	-0.012953	0.000000	0.000000	0.000000	0.000000	2.007736	-1.019263	0.000000	0.000000	0.000000	-2.993144	-0.446209	-0.015873	0.000000	0.000000	0.000000	-0.475532	0.440757	-0.475532	0.440757	-0.475532	11.253160	
2.110205	-0.999945	0.000000	0.000000	0.000000	0.000000	-0.443564	0.004354	0.000000	0.000000	0.000000	0.000000	1.962094	-1.019058	0.000000	0.000000	0.000000	-3.039499	-0.456412	0.002049	0.000000	0.000000	0.000000	-0.463544	0.451089	-0.463544	0.451089	-0.463544	11.353112	
2.065394	-0.998645	0.000000	0.000000	0.000000	0.000000	-0.452599	0.021653	0.000000	0.000000	0.000000	0.000000	1.915480	-1.017046	0.000000	0.000000	0.000000	-3.084515	-0.466140	0.020122	0.000000	0.000000	0.000000	-0.450165	0.461662	-0.450165	0.461662	-0.450165	11.453262	
2.019690	-0.995616	0.000000	0.000000	0.000000	0.000000	-0.461437	0.038913	0.000000	0.000000	0.000000	0.000000	1.867941	-1.013220	0.000000	0.000000	0.000000	-3.128060	-0.475397	0.038260	0.000000	0.000000	0.000000	-0.435447	0.472440	-0.435447	0.472440	-0.435447	11.553133	
1.973112	-0.990865	0.000000	0.000000	0.000000	0.000000	-0.470075	0.056106	0.000000	0.000000	0.000000	0.000000	1.819520	-1.007581	0.000000	0.000000	0.000000	3.113172	-0.484208	0.056383	0.000000	0.000000	0.000000	-0.419536	0.483400	-0.419536	0.483400	-0.419536	11.653330	
1.925680	-0.984398	0.000000	0.000000	0.000000	0.000000	-0.478510	0.073202	0.000000	0.000000	0.000000	0.000000	1.770260	-1.000140	0.000000	0.000000	0.000000	3.072915	-0.492595	0.074413	0.000000	0.000000	0.000000	-0.402567	0.494511	-0.402567	0.494511	-0.402567	11.752986	
1.877414	-0.976228	0.000000	0.000000	0.000000	0.000000	-0.486739	0.090173	0.000000	0.000000	0.000000	0.000000	1.720202	-0.990912	0.000000	0.000000	0.000000	3.034439	-0.500584	0.092284	0.000000	0.000000	0.000000	-0.384764	0.505737	-0.384764	0.505737	-0.384764	11.853075	
1.828336	-0.966369	0.000000	0.000000	0.000000	0.000000	-0.494756	0.106987	0.000000	0.000000	0.000000	0.000000	1.669382	-0.979918	0.000000	0.000000	0.000000	2.997800	-0.508201	0.109940	0.000000	0.000000	0.000000	-0.366385	0.517044	-0.366385	0.517044	-0.366385	11.953040	
1.778468	-0.954837	0.000000	0.000000	0.000000	0.000000	-0.502560	0.123615	0.000000	0.000000	0.000000	0.000000	1.617835	-0.967184	0.000000	0.000000	0.000000	2.963030	-0.515471	0.127335	0.000000	0.000000	0.000000	-0.347703	0.528398	-0.347703	0.528398	-0.347703	12.053067	
1.727829	-0.941653	0.000000	0.000000	0.000000	0.000000	-0.510146	0.140030	0.000000	0.000000	0.000000	0.000000	1.565593	-0.952741	0.000000	0.000000	0.000000	2.930133	-0.522417	0.144431	0.000000	0.000000	0.000000	-0.328972	0.539764	-0.328972	0.539764	-0.328972	12.153026	
1.676443	-0.926838	0.000000	0.000000	0.000000	0.000000	-0.517512	0.156203	0.000000	0.000000	0.000000	0.000000	1.512688	-0.936621	0.000000	0.000000	0.000000	2.899090	-0.529057	0.161197	0.000000	0.000000	0.000000	-0.310429	0.551106	-0.310429	0.551106	-0.310429	12.253079	
1.624332	-0.910421	0.000000	0.000000	0.000000	0.000000	-0.524653	0.172104	0.000000	0.000000	0.000000	0.000000	1.459147	-0.918861	0.000000	0.000000	0.000000	2.869867	-0.535400	0.177598	0.000000	0.000000	0.000000	-0.292231	0.562382	-0.292231	0.562382	-0.292231	12.353026	
1.571517	-0.892426	0.000000	0.000000	0.000000	0.000000	-0.531568	0.187710	0.000000	0.000000	0.000000	0.000000	1.405001	-0.899500	0.000000	0.000000	0.000000	2.842409	-0.541464	0.193616	0.000000	0.000000	0.000000	-0.274573	0.573563	-0.274573	0.573563	-0.274573	12.453256	
1.518023	-0.872888	0.000000	0.000000	0.000000	0.000000	-0.538252	0.202988	0.000000	0.000000	0.000000	0.000000	1.350276	-0.878579	0.000000	0.000000	0.000000	2.816660	-0.547246	0.209213	0.000000	0.000000	0.000000	-0.257495	0.584599	-0.257495	0.584599	-0.257495	12.553028	
1.463872	-0.851840	0.000000	0.000000	0.000000	0.000000	-0.544704	0.217916	0.000000	0.000000	0.000000	0.000000	1.295001	-0.856141	0.000000	0.000000	0.000000	2.792546	-0.552757	0.224376	0.000000	0.000000	0.000000	-0.241137	0.595463	-0.241137	0.595463	-0.241137	12.653069	
1.409088	-0.829317	0.000000	0.000000	0.000000	0.000000	-0.550920	0.232467	0.000000	0.000000	0.000000	0.000000	1.239201	-0.832233	0.000000	0.000000	0.000000	2.769996	-0.557994	0.239077	0.000000	0.000000	0.000000	-0.225501	0.606111	-0.225501	0.606111	-0.225501	12.753090	
1.353693	-0.805357	0.000000	0.000000	0.000000	0.000000	-0.556898	0.246617	0.000000	0.000000	0.000000	0.000000	1.182905	-0.806904	0.000000	0.000000	0.000000	2.748932	-0.562961	0.253296	0.000000	0.000000	0.000000	-0.210637	0.616511	-0.210637	0.616511	-0.210637	12.853397	
1.297714	-0.780007	0.000000	0.000000	0.000000	0.000000	-0.562634	0.260337	0.000000	0.000000	0.000000	0.000000	1.126141	-0.780204	0.000000	0.000000	0.000000	2.729286	-0.567645	0.266998	0.000000	0.000000	0.000000	-0.196468	0.626610	-0.196468	0.626610	-0.196468	12.953081	
1.241173	-0.753305	0.000000	0.000000	0.000000	0.000000	-0.568127	0.273609	0.000000	0.000000	0.000000	0.000000	1.068935	-0.752186	0.000000	0.000000	0.000000	2.710977	-0.572055	0.280178	0.000000	0.000000	0.000000	-0.183082	0.636390	-0.183082	0.636390	-0.183082	13.053093	
1.184094	-0.725299	0.000000	0.000000	0.000000	0.000000	-0.573374	0.286407	0.000000	0.000000	0.000000	0.000000	1.011317	-0.722906	0.000000	0.000000	0.000000	2.693941	-0.576181	0.292800	0.000000	0.000000	0.000000	-0.170369	0.645804	-0.170369	0.645804	-0.170369	13.153123	
1.126502	-0.696037	0.000000	0.000000	0.000000	0.000000	-0.578373	0.298710	0.000000	0.000000	0.000000	0.000000	0.953316	-0.692421	0.000000	0.000000	0.000000	2.678107	-0.580017	0.304849	0.000000	0.000000	0.000000	-0.158337	0.654819	-0.158337	0.654819	-0.158337	13.253288	
1.068423	-0.665573	0.000000	0.000000	0.000000	0.000000	-0.583122	0.310494	0.000000	0.000000	0.000000	0.000000	0.894960	-0.660792	0.000000	0.000000	0.000000	2.663417	-0.583553	0.316293	0.000000	0.000000	0.000000	-0.146903	0.663392	-0.146903	0.663392	-0.146903	13.353189	
1.009883	-0.633955	0.000000	0.000000	0.000000	0.000000	-0.587619	0.321742	0.000000	0.000000	0.000000	0.000000	0.836282	-0.628080	0.000000	0.000000	0.000000	2.649809	-0.586787	0.327119	0.000000	0.000000	0.000000	-0.136079	0.671498	-0.136079	0.671498	-0.136079	13.453289	
0.950905	-0.601241	0.000000	0.000000	0.000000	0.000000	-0.591861	0.332433	0.000000	0.000000	0.000000	0.000000	0.777310	-0.594350	0.000000	0.000000	0.000000	2.637231	-0.589711	0.337300	0.000000	0.000000	0.000000	-0.125772	0.679098	-0.125772	0.679098	-0.125772	13.553037	
0.891516	-0.567487	0.000000	0.000000	0.000000	0.000000	-0.595847	0.342549	0.000000	0.000000	0.000000	0.000000	0.718079	-0.559668	0.000000	0.000000	0.000000	2.625633	-0.592315	0.346818	0.000000	0.000000	0.000000	-0.115986	0.686161	-0.115986	0.686161	-0.115986	13.653091	
0.831742	-0.532751	0.000000	0.000000	0.000000	0.000000	-0.599575	0.352071	0.000000	0.000000	0.000000	0.000000	0.658619	-0.524103	0.000000	0.000000	0.000000	2.614969	-0.594595	0.355650	0.000000	0.000000	0.000000	-0.106642	0.692657	-0.106642	0.692657	-0.106642	13.753086	
0.771380	-0.496952	0.000000	0.000000	0.000000	0.000000	-0.603057	0.361018	0.000000	0.000000	0.000000	0.000000	0.598949	-0.487710	0.000000	0.000000	0.000000	2.605164	-0.596704	0.363931	0.000000	0.000000	0.000000	-0.098050	0.698774	-0.098050	0.698774	-0.098050	13.853517	
0.710910	-0.460431	0.000000	0.000000	0.000000	0.000000	-0.606264	0.369305	0.000000	0.000000	0.000000	0.000000	0.539131	-0.450590	0.000000	0.000000	0.000000	2.596265	-0.598181	0.371198	0.000000	0.000000	0.000000	-0.088983	0.703868	-0.088983	0.703868	-0.088983	13.953781	
0.650132	-0.423114	0.000000	0.000000	0.000000	0.000000	-0.609209	0.376951	0.000000	0.000000	0.000000	0.000000	0.479190	-0.412800	0.000000	0.000000	0.000000	2.588148	-0.599410	0.377901	0.000000	0.000000	0.000000	-0.081177	0.708487	-0.081177	0.708487	-0.081177	14.053536	
0.589074	-0.385062	0.000000	0.000000	0.000000	0.000000	-0.611890	0.383946	0.000000	0.000000	0.000000	0.000000	0.419156	-0.374421	0.000000	0.000000	0.000000	2.580849	-0.600336	0.383790	0.000000	0.000000	0.000000	-0.072986	0.712445	-0.072986	0.712445	-0.072986	14.153575	
0.527760	-0.346345	0.000000	0.000000	0.000000	0.000000	-0.614306	0.390277	0.000000	0.000000	0.000000	0.000000	0.359070	-0.335525	0.000000	0.000000	0.000000	2.574283	-0.600865	0.388964	0.000000	0.000000	0.000000	-0.065658	0.715705	-0.065658	0.715705	-0.065658	14.253607	
0.466218	-0.307028	0.000000	0.000000	0.000000	0.000000	-0.616457	0.395932	0.000000	0.000000	0.000000	0.000000	0.298963	-0.296192	0.000000	0.000000	0.000000	2.568474	-0.601072	0.393323	0.000000	0.000000	0.000000	-0.058090	0.718272	-0.058090	0.718272	-0.058090	14.353449	
0.404474	-0.267178	0.000000	0.000000	0.000000	0.000000	-0.618340	0.400902	0.000000	0.000000	0.000000	0.000000	0.238873	-0.256498	0.000000	0.000000	0.000000	2.563354	-0.600896	0.396946	0.000000	0.000000	0.000000	-0.051206	0.720127	-0.051206	0.720127	-0.051206	14.453571	
0.342556	-0.226869	0.000000	0.000000	0.000000	0.000000	-0.619957	0.405178	0.000000	0.000000	0.000000	0.000000	0.178834	-0.216523	0.000000	0.000000	0.000000	2.558945	-0.600393	0.399747	0.000000	0.000000	0.000000	-0.044088	0.721267	-0.044088	0.721267	-0.044088	14.553506	
0.280488	-0.186165	0.000000	0.000000	0.000000	0.000000	-0.621304	0.408753	0.000000	0.000000	0.000000	0.000000	0.118881	-0.176342	0.000000	0.000000	0.000000	2.555186	-0.599524	0.401814	0.000000	0.000000	0.000000	-0.037586	0.721701	-0.037586	0.721701	-0.037586	14.653644	
0.218300	-0.145140	0.000000	0.000000	0.000000	0.000000	-0.622384	0.411620	0.000000	0.000000	0.000000	0.000000	0.059046	-0.136035	0.000000	0.000000	0.000000	2.552107	-0.598350	0.403068	0.000000	0.000000	0.000000	-0.030797	0.721432	-0.030797	0.721432	-0.030797	14.753626	
0.156017	-0.103864	0.000000	0.000000	0.000000	0.000000	-0.623193	0.413775	0.000000	0.000000	0.000000	0.000000	-0.000636	-0.095675	0.000000	0.000000	0.000000	2.549647	-0.596826	0.403602	0.000000	0.000000	0.000000	-0.024591	0.720473	-0.024591	0.720473	-0.024591	14.853484	
0.093667	-0.062406	0.000000	0.000000	0.000000	0.000000	-0.623734	0.415214	0.000000	0.000000	0.000000	0.000000	-0.060139	-0.055340	0.000000	0.000000	0.000000	2.547844	-0.595032	0.403346	0.000000	0.000000	0.000000	-0.018036	0.718849	-0.018036	0.718849	-0.018036	14.953460	
0.031276	-0.020841	0.000000	0.000000	0.000000	0.000000	-0.624004	0.415935	0.000000	0.000000	0.000000	0.000000	-0.119431	-0.015100	0.000000	0.000000	0.000000	2.546639	-0.592921	0.402402	0.000000	0.000000	0.000000	-0.012053	0.716575	-0.012053	0.716575	-0.012053	15.053453	
-0.031129	0.020761	0.000000	0.000000	0.000000	0.000000	-0.624004	0.415935	0.000000	0.000000	0.000000	0.000000	-0.178490	0.024970	0.000000	0.000000	0.000000	2.546075	-0.590582	0.400700	0.000000	0.000000	0.000000	-0.005635	0.713685	-0.005635	0.713685	-0.005635	15.153541	
-0.093520	0.062324	0.000000	0.000000	0.000000	0.000000	-0.623734	0.415216	0.000000	0.000000	0.000000	0.000000	-0.237286	0.064805	0.000000	0.000000	0.000000	2.546094	-0.587963	0.398356	0.000000	0.000000	0.000000	0.000188	0.710203	0.000188	0.710203	0.000188	15.253513	
-0.155870	0.103782	0.000000	0.000000	0.000000	0.000000	-0.623195	0.413778	0.000000	0.000000	0.000000	0.000000	-0.295802	0.104334	0.000000	0.000000	0.000000	2.546749	-0.585164	0.395290	0.000000	0.000000	0.000000	0.006556	0.706165	0.006556	0.706165	0.006556	15.353515	
-0.218153	0.145059	0.000000	0.000000	0.000000	0.000000	-0.622385	0.411625	0.000000	0.000000	0.000000	0.000000	-0.354015	0.143498	0.000000	0.000000	0.000000	2.547977	-0.582124	0.391638	0.000000	0.000000	0.000000	0.012276	0.701601	0.012276	0.701601	0.012276	15.453567	
-0.280341	0.186084	0.000000	0.000000	0.000000	0.000000	-0.621307	0.408759	0.000000	0.000000	0.000000	0.000000	-0.411910	0.182228	0.000000	0.000000	0.000000	2.549845	-0.578949	0.387298	0.000000	0.000000	0.000000	0.018680	0.696544	0.018680	0.696544	0.018680	15.553580	
-0.342409	0.226790	0.000000	0.000000	0.000000	0.000000	-0.619959	0.405185	0.000000	0.000000	0.000000	0.000000	-0.469466	0.220471	0.000000	0.000000	0.000000	2.552280	-0.575564	0.382429	0.000000	0.000000	0.000000	0.024353	0.691023	0.024353	0.691023	0.024353	15.653703	
-0.404328	0.267101	0.000000	0.000000	0.000000	0.000000	-0.618344	0.400910	0.000000	0.000000	0.000000	0.000000	-0.526675	0.258161	0.000000	0.000000	0.000000	2.555368	-0.572085	0.376903	0.000000	0.000000	0.000000	0.030872	0.685066	0.030872	0.685066	0.030872	15.753688	
-0.466072	0.306951	0.000000	0.000000	0.000000	0.000000	-0.616460	0.395941	0.000000	0.000000	0.000000	0.000000	-0.583516	0.295251	0.000000	0.000000	0.000000	2.559023	-0.568414	0.370902	0.000000	0.000000	0.000000	0.036559	0.678699	0.036559	0.678699	0.036559	15.853730	
-0.527615	0.346270	0.000000	0.000000	0.000000	0.000000	-0.614310	0.390287	0.000000	0.000000	0.000000	0.000000	-0.639984	0.331678	0.000000	0.000000	0.000000	2.563349	-0.564677	0.364265	0.000000	0.000000	0.000000	0.043259	0.671943	0.043259	0.671943	0.043259	15.953826	
-0.588931	0.384991	0.000000	0.000000	0.000000	0.000000	-0.611894	0.383957	0.000000	0.000000	0.000000	0.000000	-0.696059	0.367398	0.000000	0.000000	0.000000	2.568253	-0.560757	0.357200	0.000000	0.000000	0.000000	0.049037	0.664820	0.049037	0.664820	0.049037	16.053876	
-0.649989	0.423042	0.000000	0.000000	0.000000	0.000000	-0.609214	0.376964	0.000000	0.000000	0.000000	0.000000	-0.751738	0.402350	0.000000	0.000000	0.000000	2.573849	-0.556787	0.349520	0.000000	0.000000	0.000000	0.055960	0.657348	0.055960	0.657348	0.055960	16.154288	
-0.710768	0.460363	0.000000	0.000000	0.000000	0.000000	-0.606269	0.369317	0.000000	0.000000	0.000000	0.000000	-0.807001	0.436495	0.000000	0.000000	0.000000	2.580041	-0.552634	0.341449	0.000000	0.000000	0.000000	0.061915	0.649543	0.061915	0.649543	0.061915	16.254647	
-0.771238	0.496887	0.000000	0.000000	0.000000	0.000000	-0.603063	0.361032	0.000000	0.000000	0.000000	0.000000	-0.861845	0.469773	0.000000	0.000000	0.000000	2.586952	-0.548431	0.332778	0.000000	0.000000	0.000000	0.069110	0.641413	0.069110	0.641413	0.069110	16.354225	
-0.831376	0.532551	0.000000	0.000000	0.000000	0.000000	-0.599595	0.352122	0.000000	0.000000	0.000000	0.000000	-0.916249	0.502147	0.000000	0.000000	0.000000	2.594485	-0.544042	0.323745	0.000000	0.000000	0.000000	0.075339	0.632981	0.075339	0.632981	0.075339	16.454109	
-0.891155	0.567295	0.000000	0.000000	0.000000	0.000000	-0.595868	0.342602	0.000000	0.000000	0.000000	0.000000	-0.970208	0.533560	0.000000	0.000000	0.000000	2.602769	-0.539591	0.314133	0.000000	0.000000	0.000000	0.082835	0.624247	0.082835	0.624247	0.082835	16.554218	
-0.950549	0.601083	0.000000	0.000000	0.000000	0.000000	-0.591880	0.332479	0.000000	0.000000	0.000000	0.000000	-1.023701	0.563976	0.000000	0.000000	0.000000	2.611721	-0.534934	0.304156	0.000000	0.000000	0.000000	0.089520	0.615211	0.089520	0.615211	0.089520	16.653993	
-1.009533	0.633804	0.000000	0.000000	0.000000	0.000000	-0.587638	0.321790	0.000000	0.000000	0.000000	0.000000	-1.076724	0.593343	0.000000	0.000000	0.000000	2.621443	-0.530222	0.293674	0.000000	0.000000	0.000000	0.097220	0.605944	0.097220	0.605944	0.097220	16.753970	
-1.068083	0.665429	0.000000	0.000000	0.000000	0.000000	-0.583143	0.310544	0.000000	0.000000	0.000000	0.000000	-1.129255	0.621626	0.000000	0.000000	0.000000	2.631887	-0.525316	0.282827	0.000000	0.000000	0.000000	0.104437	0.596408	0.104437	0.596408	0.104437	16.853952	
-1.126169	0.695895	0.000000	0.000000	0.000000	0.000000	-0.578396	0.298763	0.000000	0.000000	0.000000	0.000000	-1.181285	0.648776	0.000000	0.000000	0.000000	2.643136	-0.520298	0.271502	0.000000	0.000000	0.000000	0.112491	0.586633	0.112491	0.586633	0.112491	16.953908	
-1.183765	0.725163	0.000000	0.000000	0.000000	0.000000	-0.573397	0.286461	0.000000	0.000000	0.000000	0.000000	-1.232794	0.674758	0.000000	0.000000	0.000000	2.655168	-0.515091	0.259815	0.000000	0.000000	0.000000	0.120324	0.576625	0.120324	0.576625	0.120324	17.053854	
-1.240845	0.753160	0.000000	0.000000	0.000000	0.000000	-0.568154	0.273675	0.000000	0.000000	0.000000	0.000000	-1.283771	0.699531	0.000000	0.000000	0.000000	2.668037	-0.509766	0.247731	0.000000	0.000000	0.000000	0.128683	0.566445	0.128683	0.566445	0.128683	17.153610	
-1.297397	0.779888	0.000000	0.000000	0.000000	0.000000	-0.562659	0.260397	0.000000	0.000000	0.000000	0.000000	-1.334194	0.723055	0.000000	0.000000	0.000000	2.681772	-0.504233	0.235243	0.000000	0.000000	0.000000	0.137352	0.556027	0.137352	0.556027	0.137352	17.253642	
-1.353378	0.805229	0.000000	0.000000	0.000000	0.000000	-0.556927	0.246687	0.000000	0.000000	0.000000	0.000000	-1.384052	0.745302	0.000000	0.000000	0.000000	2.696376	-0.498581	0.222464	0.000000	0.000000	0.000000	0.146042	0.545521	0.146042	0.545521	0.146042	17.353650	
-1.408775	0.829195	0.000000	0.000000	0.000000	0.000000	-0.550951	0.232540	0.000000	0.000000	0.000000	0.000000	-1.433326	0.766230	0.000000	0.000000	0.000000	2.711919	-0.492736	0.209286	0.000000	0.000000	0.000000	0.155429	0.534833	0.155429	0.534833	0.155429	17.453643	
-1.463563	0.851726	0.000000	0.000000	0.000000	0.000000	-0.544736	0.217990	0.000000	0.000000	0.000000	0.000000	-1.481998	0.785813	0.000000	0.000000	0.000000	2.728403	-0.486724	0.195831	0.000000	0.000000	0.000000	0.164839	0.524060	0.164839	0.524060	0.164839	17.553643	
-1.517718	0.872782	0.000000	0.000000	0.000000	0.000000	-0.538286	0.203065	0.000000	0.000000	0.000000	0.000000	-1.530054	0.804020	0.000000	0.000000	0.000000	2.745880	-0.480555	0.182064	0.000000	0.000000	0.000000	0.174772	0.513218	0.174772	0.513218	0.174772	17.653679	
-1.571217	0.892329	0.000000	0.000000	0.000000	0.000000	-0.531602	0.187786	0.000000	0.000000	0.000000	0.000000	-1.577475	0.820823	0.000000	0.000000	0.000000	2.764377	-0.474214	0.168033	0.000000	0.000000	0.000000	0.184971	0.502338	0.184971	0.502338	0.184971	17.753812	
-1.624036	0.910332	0.000000	0.000000	0.000000	0.000000	-0.524688	0.172182	0.000000	0.000000	0.000000	0.000000	-1.624246	0.836198	0.000000	0.000000	0.000000	2.783935	-0.467713	0.153747	0.000000	0.000000	0.000000	0.195576	0.491460	0.195576	0.491460	0.195576	17.854051	
-1.676151	0.926756	0.000000	0.000000	0.000000	0.000000	-0.517549	0.156284	0.000000	0.000000	0.000000	0.000000	-1.670352	0.850123	0.000000	0.000000	0.000000	2.804582	-0.461059	0.139249	0.000000	0.000000	0.000000	0.206472	0.480632	0.206472	0.480632	0.206472	17.953576	
-1.727541	0.941579	0.000000	0.000000	0.000000	0.000000	-0.510185	0.140113	0.000000	0.000000	0.000000	0.000000	-1.715777	0.862576	0.000000	0.000000	0.000000	2.826366	-0.454248	0.124534	0.000000	0.000000	0.000000	0.217841	0.469874	0.217841	0.469874	0.217841	18.053662	
-1.778184	0.954772	0.000000	0.000000	0.000000	0.000000	-0.502600	0.123699	0.000000	0.000000	0.000000	0.000000	-1.760506	0.873542	0.000000	0.000000	0.000000	2.849316	-0.447295	0.109653	0.000000	0.000000	0.000000	0.229502	0.459251	0.229502	0.459251	0.229502	18.153659	
-1.828058	0.966313	0.000000	0.000000	0.000000	0.000000	-0.494797	0.107071	0.000000	0.000000	0.000000	0.000000	-1.804527	0.883003	0.000000	0.000000	0.000000	2.873473	-0.440207	0.094616	0.000000	0.000000	0.000000	0.241566	0.448800	0.241566	0.448800	0.241566	18.253654	
-1.877140	0.976181	0.000000	0.000000	0.000000	0.000000	-0.486781	0.090258	0.000000	0.000000	0.000000	0.000000	-1.847827	0.890949	0.000000	0.000000	0.000000	2.898868	-0.432999	0.079455	0.000000	0.000000	0.000000	0.253955	0.438577	0.253955	0.438577	0.253955	18.353676	
-1.925411	0.984360	0.000000	0.000000	0.000000	0.000000	-0.478553	0.073289	0.000000	0.000000	0.000000	0.000000	-1.890395	0.897368	0.000000	0.000000	0.000000	2.925537	-0.425680	0.064190	0.000000	0.000000	0.000000	0.266689	0.428630	0.266689	0.428630	0.266689	18.453630	
-1.972848	0.990836	0.000000	0.000000	0.000000	0.000000	-0.470119	0.056192	0.000000	0.000000	0.000000	0.000000	-1.932222	0.902252	0.000000	0.000000	0.000000	2.953510	-0.418267	0.048844	0.000000	0.000000	0.000000	0.279725	0.419014	0.279725	0.419014	0.279725	18.553689	
-2.019431	0.995596	0.000000	0.000000	0.000000	0.000000	-0.461481	0.038999	0.000000	0.000000	0.000000	0.000000	-1.973300	0.905596	0.000000	0.000000	0.000000	2.982811	-0.410782	0.033444	0.000000	0.000000	0.000000	0.293013	0.409790	0.293013	0.409790	0.293013	18.653676	
-2.065140	0.998634	0.000000	0.000000	0.000000	0.000000	-0.452644	0.021739	0.000000	0.000000	0.000000	0.000000	-2.013624	0.907397	0.000000	0.000000	0.000000	3.013463	-0.403240	0.018006	0.000000	0.000000	0.000000	0.306523	0.401015	0.306523	0.401015	0.306523	18.753621	
-2.109956	0.999943	0.000000	0.000000	0.000000	0.000000	-0.443610	0.004441	0.000000	0.000000	0.000000	0.000000	-2.053190	0.907652	0.000000	0.000000	0.000000	3.045484	-0.395662	0.002547	0.000000	0.000000	0.000000	0.320210	0.392744	0.320210	0.392744	0.320210	18.853674	
-2.153859	0.999522	0.000000	0.000000	0.000000	0.000000	-0.434385	-0.012866	0.000000	0.000000	0.000000	0.000000	-2.091998	0.906360	0.000000	0.000000	0.000000	3.078882	-0.388075	-0.012916	0.000000	0.000000	0.000000	0.333974	0.385045	0.333974	0.385045	0.333974	18.953624	
-2.196830	0.997371	0.000000	0.000000	0.000000	0.000000	-0.424972	-0.030149	0.000000	0.000000	0.000000	0.000000	-2.130048	0.903523	0.000000	0.000000	0.000000	3.113657	-0.380501	-0.028372	0.000000	0.000000	0.000000	0.347748	0.377975	0.347748	0.377975	0.347748	19.053687	
