0.078070	0.052402	0.000000	0.000000	0.000000	0.000000	0.623820	0.415438	0.000000	0.000000	0.000000	0.000000	0.060382	0.015000	0.000000	0.000000	0.000000	0.100000	0.603821	0.150000	0.000000	0.000000	0.000000	1.000000	0.603821	1.000000	0.603821	1.000000	0.156001	
0.141617	0.094369	0.000000	0.000000	0.000000	0.000000	0.623341	0.414166	0.000000	0.000000	0.000000	0.000000	0.129088	0.036969	0.000000	0.000000	0.000000	0.200000	0.687055	0.219689	0.000000	0.000000	0.000000	1.000000	0.705555	1.000000	0.705555	1.000000	0.229557	
0.204627	0.136127	0.000000	0.000000	0.000000	0.000000	0.622584	0.412151	0.000000	0.000000	0.000000	0.000000	0.198317	0.066306	0.000000	0.000000	0.000000	0.299987	0.692297	0.293367	0.000000	0.000000	0.000000	0.999871	0.736780	0.999871	0.736780	0.999871	0.329757	
0.266838	0.177230	0.000000	0.000000	0.000000	0.000000	0.621563	0.409436	0.000000	0.000000	0.000000	0.000000	0.266374	0.103026	0.000000	0.000000	0.000000	0.399780	0.680571	0.367202	0.000000	0.000000	0.000000	0.997924	0.758688	0.997924	0.758688	0.997924	0.429289	
0.328940	0.218021	0.000000	0.000000	0.000000	0.000000	0.620273	0.406016	0.000000	0.000000	0.000000	0.000000	0.332035	0.145579	0.000000	0.000000	0.000000	0.490723	0.656609	0.425531	0.000000	0.000000	0.000000	0.909429	0.770456	0.909429	0.770456	0.909429	0.529417	
0.390890	0.258389	0.000000	0.000000	0.000000	0.000000	0.618717	0.401896	0.000000	0.000000	0.000000	0.000000	0.396200	0.186931	0.000000	0.000000	0.000000	0.532278	0.641650	0.413518	0.000000	0.000000	0.000000	0.415559	0.760807	0.415559	0.760807	0.415559	0.629052	
0.453574	0.298920	0.000000	0.000000	0.000000	0.000000	0.616863	0.397002	0.000000	0.000000	0.000000	0.000000	0.457309	0.226482	0.000000	0.000000	0.000000	0.552726	0.611084	0.395513	0.000000	0.000000	0.000000	0.204471	0.727264	0.204471	0.727264	0.204471	0.730512	
0.515159	0.338356	0.000000	0.000000	0.000000	0.000000	0.614767	0.391486	0.000000	0.000000	0.000000	0.000000	0.516203	0.264306	0.000000	0.000000	0.000000	0.561202	0.588946	0.378237	0.000000	0.000000	0.000000	0.084765	0.699828	0.084765	0.699828	0.084765	0.830499	
0.576524	0.377206	0.000000	0.000000	0.000000	0.000000	0.612404	0.385292	0.000000	0.000000	0.000000	0.000000	0.573957	0.300957	0.000000	0.000000	0.000000	0.563156	0.577538	0.366516	0.000000	0.000000	0.000000	0.019535	0.684015	0.019535	0.684015	0.019535	0.930787	
0.637721	0.415445	0.000000	0.000000	0.000000	0.000000	0.609774	0.378421	0.000000	0.000000	0.000000	0.000000	0.631036	0.336675	0.000000	0.000000	0.000000	0.561355	0.570793	0.357179	0.000000	0.000000	0.000000	-0.018004	0.673331	-0.018004	0.673331	-0.018004	1.030903	
0.698557	0.452919	0.000000	0.000000	0.000000	0.000000	0.606882	0.370905	0.000000	0.000000	0.000000	0.000000	0.687598	0.371520	0.000000	0.000000	0.000000	0.557270	0.565621	0.348446	0.000000	0.000000	0.000000	-0.040850	0.664307	-0.040850	0.664307	-0.040850	1.130628	
0.759092	0.489600	0.000000	0.000000	0.000000	0.000000	0.603730	0.362750	0.000000	0.000000	0.000000	0.000000	0.743690	0.405486	0.000000	0.000000	0.000000	0.551687	0.560912	0.339666	0.000000	0.000000	0.000000	-0.055833	0.655687	-0.055833	0.655687	-0.055833	1.230559	
0.819297	0.525441	0.000000	0.000000	0.000000	0.000000	0.600315	0.353965	0.000000	0.000000	0.000000	0.000000	0.799311	0.438553	0.000000	0.000000	0.000000	0.545074	0.556212	0.330662	0.000000	0.000000	0.000000	-0.066124	0.647002	-0.066124	0.647002	-0.066124	1.330523	
0.879149	0.560374	0.000000	0.000000	0.000000	0.000000	0.596640	0.344565	0.000000	0.000000	0.000000	0.000000	0.854453	0.470683	0.000000	0.000000	0.000000	0.537636	0.551418	0.321303	0.000000	0.000000	0.000000	-0.074386	0.638101	-0.074386	0.638101	-0.074386	1.430573	
0.938620	0.594338	0.000000	0.000000	0.000000	0.000000	0.592706	0.334569	0.000000	0.000000	0.000000	0.000000	0.909108	0.501828	0.000000	0.000000	0.000000	0.529380	0.546556	0.311450	0.000000	0.000000	0.000000	-0.082558	0.628945	-0.082558	0.628945	-0.082558	1.530640	
0.997685	0.627272	0.000000	0.000000	0.000000	0.000000	0.588516	0.323995	0.000000	0.000000	0.000000	0.000000	0.963269	0.531939	0.000000	0.000000	0.000000	0.520304	0.541608	0.301113	0.000000	0.000000	0.000000	-0.090766	0.619534	-0.090766	0.619534	-0.090766	1.630605	
1.056319	0.659121	0.000000	0.000000	0.000000	0.000000	0.584072	0.312862	0.000000	0.000000	0.000000	0.000000	1.016924	0.560971	0.000000	0.000000	0.000000	0.510409	0.536546	0.290317	0.000000	0.000000	0.000000	-0.098946	0.609873	-0.098946	0.609873	-0.098946	1.730536	
1.114495	0.689829	0.000000	0.000000	0.000000	0.000000	0.579376	0.301186	0.000000	0.000000	0.000000	0.000000	1.070059	0.588879	0.000000	0.000000	0.000000	0.499692	0.531353	0.279078	0.000000	0.000000	0.000000	-0.107173	0.599969	-0.107173	0.599969	-0.107173	1.830528	
1.172190	0.719345	0.000000	0.000000	0.000000	0.000000	0.574426	0.288986	0.000000	0.000000	0.000000	0.000000	1.122661	0.615620	0.000000	0.000000	0.000000	0.488141	0.526017	0.267414	0.000000	0.000000	0.000000	-0.115505	0.589834	-0.115505	0.589834	-0.115505	1.930847	
1.229378	0.747624	0.000000	0.000000	0.000000	0.000000	0.569229	0.276286	0.000000	0.000000	0.000000	0.000000	1.174715	0.641156	0.000000	0.000000	0.000000	0.475746	0.520539	0.255356	0.000000	0.000000	0.000000	-0.123950	0.579501	-0.123950	0.579501	-0.123950	2.030771	
1.286032	0.774596	0.000000	0.000000	0.000000	0.000000	0.563788	0.263115	0.000000	0.000000	0.000000	0.000000	1.226206	0.665449	0.000000	0.000000	0.000000	0.462491	0.514917	0.242927	0.000000	0.000000	0.000000	-0.132549	0.568997	-0.132549	0.568997	-0.132549	2.130597	
1.342131	0.800228	0.000000	0.000000	0.000000	0.000000	0.558102	0.249486	0.000000	0.000000	0.000000	0.000000	1.277119	0.688461	0.000000	0.000000	0.000000	0.448346	0.509131	0.230121	0.000000	0.000000	0.000000	-0.141451	0.558319	-0.141451	0.558319	-0.141451	2.230667	
1.397648	0.824479	0.000000	0.000000	0.000000	0.000000	0.552174	0.235423	0.000000	0.000000	0.000000	0.000000	1.327437	0.710158	0.000000	0.000000	0.000000	0.433288	0.503180	0.216973	0.000000	0.000000	0.000000	-0.150585	0.547501	-0.150585	0.547501	-0.150585	2.330595	
1.452561	0.847304	0.000000	0.000000	0.000000	0.000000	0.546007	0.220953	0.000000	0.000000	0.000000	0.000000	1.377144	0.730509	0.000000	0.000000	0.000000	0.417289	0.497068	0.203506	0.000000	0.000000	0.000000	-0.159985	0.536578	-0.159985	0.536578	-0.159985	2.430723	
1.506845	0.868659	0.000000	0.000000	0.000000	0.000000	0.539605	0.206102	0.000000	0.000000	0.000000	0.000000	1.426224	0.749482	0.000000	0.000000	0.000000	0.400320	0.490794	0.189739	0.000000	0.000000	0.000000	-0.169686	0.525577	-0.169686	0.525577	-0.169686	2.530761	
1.560477	0.888510	0.000000	0.000000	0.000000	0.000000	0.532969	0.190895	0.000000	0.000000	0.000000	0.000000	1.474659	0.767052	0.000000	0.000000	0.000000	0.382350	0.484354	0.175694	0.000000	0.000000	0.000000	-0.179708	0.514530	-0.179708	0.514530	-0.179708	2.630629	
1.613434	0.906826	0.000000	0.000000	0.000000	0.000000	0.526102	0.175355	0.000000	0.000000	0.000000	0.000000	1.522434	0.783191	0.000000	0.000000	0.000000	0.363342	0.477750	0.161392	0.000000	0.000000	0.000000	-0.190078	0.503468	-0.190078	0.503468	-0.190078	2.730622	
1.665694	0.923573	0.000000	0.000000	0.000000	0.000000	0.519007	0.159508	0.000000	0.000000	0.000000	0.000000	1.569533	0.797876	0.000000	0.000000	0.000000	0.343260	0.470987	0.146854	0.000000	0.000000	0.000000	-0.200813	0.492430	-0.200813	0.492430	-0.200813	2.830640	
1.717232	0.938718	0.000000	0.000000	0.000000	0.000000	0.511689	0.143390	0.000000	0.000000	0.000000	0.000000	1.615940	0.811088	0.000000	0.000000	0.000000	0.322077	0.464072	0.132120	0.000000	0.000000	0.000000	-0.211839	0.481466	-0.211839	0.481466	-0.211839	2.930721	
1.768028	0.952242	0.000000	0.000000	0.000000	0.000000	0.504148	0.127026	0.000000	0.000000	0.000000	0.000000	1.661641	0.822809	0.000000	0.000000	0.000000	0.299757	0.457006	0.117206	0.000000	0.000000	0.000000	-0.223200	0.470607	-0.223200	0.470607	-0.223200	3.030676	
1.818057	0.964118	0.000000	0.000000	0.000000	0.000000	0.496389	0.110439	0.000000	0.000000	0.000000	0.000000	1.706620	0.833022	0.000000	0.000000	0.000000	0.276260	0.449798	0.102130	0.000000	0.000000	0.000000	-0.234963	0.459899	-0.234963	0.459899	-0.234963	3.130507	
1.867301	0.974325	0.000000	0.000000	0.000000	0.000000	0.488415	0.093661	0.000000	0.000000	0.000000	0.000000	1.750866	0.841714	0.000000	0.000000	0.000000	0.251555	0.442460	0.086924	0.000000	0.000000	0.000000	-0.247049	0.449392	-0.247049	0.449392	-0.247049	3.230529	
1.915736	0.982846	0.000000	0.000000	0.000000	0.000000	0.480228	0.076720	0.000000	0.000000	0.000000	0.000000	1.794366	0.848875	0.000000	0.000000	0.000000	0.225610	0.434996	0.071611	0.000000	0.000000	0.000000	-0.259454	0.439130	-0.259454	0.439130	-0.259454	3.330572	
1.963343	0.989666	0.000000	0.000000	0.000000	0.000000	0.471835	0.059646	0.000000	0.000000	0.000000	0.000000	1.837109	0.854497	0.000000	0.000000	0.000000	0.198394	0.427431	0.056217	0.000000	0.000000	0.000000	-0.272164	0.429175	-0.272164	0.429175	-0.272164	3.430597	
2.010100	0.994774	0.000000	0.000000	0.000000	0.000000	0.463238	0.042470	0.000000	0.000000	0.000000	0.000000	1.879087	0.858574	0.000000	0.000000	0.000000	0.169881	0.419777	0.040767	0.000000	0.000000	0.000000	-0.285122	0.419578	-0.285122	0.419578	-0.285122	3.530579	
2.055987	0.998160	0.000000	0.000000	0.000000	0.000000	0.454441	0.025222	0.000000	0.000000	0.000000	0.000000	1.920292	0.861102	0.000000	0.000000	0.000000	0.140051	0.412048	0.025281	0.000000	0.000000	0.000000	-0.298306	0.410391	-0.298306	0.410391	-0.298306	3.630588	
2.100984	0.999818	0.000000	0.000000	0.000000	0.000000	0.445446	0.007928	0.000000	0.000000	0.000000	0.000000	1.960718	0.862079	0.000000	0.000000	0.000000	0.108881	0.404260	0.009773	0.000000	0.000000	0.000000	-0.311697	0.401667	-0.311697	0.401667	-0.311697	3.730616	
2.145072	0.999746	0.000000	0.000000	0.000000	0.000000	0.436261	-0.009376	0.000000	0.000000	0.000000	0.000000	2.000362	0.861507	0.000000	0.000000	0.000000	0.076367	0.396446	-0.005725	0.000000	0.000000	0.000000	-0.325143	0.393477	-0.325143	0.393477	-0.325143	3.830517	
2.188232	0.997943	0.000000	0.000000	0.000000	0.000000	0.426883	-0.026671	0.000000	0.000000	0.000000	0.000000	2.039223	0.859385	0.000000	0.000000	0.000000	0.042495	0.388609	-0.021221	0.000000	0.000000	0.000000	-0.338716	0.385857	-0.338716	0.385857	-0.338716	3.930575	
2.230446	0.994414	0.000000	0.000000	0.000000	0.000000	0.417324	-0.043913	0.000000	0.000000	0.000000	0.000000	2.077303	0.855717	0.000000	0.000000	0.000000	0.007282	0.380795	-0.036676	0.000000	0.000000	0.000000	-0.352134	0.378893	-0.352134	0.378893	-0.352134	4.030596	
2.271694	0.989163	0.000000	0.000000	0.000000	0.000000	0.407583	-0.061082	0.000000	0.000000	0.000000	0.000000	2.114603	0.850506	0.000000	0.000000	0.000000	-0.029265	0.373005	-0.052105	0.000000	0.000000	0.000000	-0.365466	0.372616	-0.365466	0.372616	-0.365466	4.130596	
2.311960	0.982199	0.000000	0.000000	0.000000	0.000000	0.397663	-0.078149	0.000000	0.000000	0.000000	0.000000	2.151130	0.843757	0.000000	0.000000	0.000000	-0.067119	0.365264	-0.067499	0.000000	0.000000	0.000000	-0.378545	0.367083	-0.378545	0.367083	-0.378545	4.230662	
2.351226	0.973541	0.000000	0.000000	0.000000	0.000000	0.387579	-0.095068	0.000000	0.000000	0.000000	0.000000	2.186891	0.835473	0.000000	0.000000	0.000000	-0.106228	0.357612	-0.082834	0.000000	0.000000	0.000000	-0.391089	0.362362	-0.391089	0.362362	-0.391089	4.330644	
2.389473	0.963193	0.000000	0.000000	0.000000	0.000000	0.377320	-0.111833	0.000000	0.000000	0.000000	0.000000	2.221891	0.825657	0.000000	0.000000	0.000000	-0.146557	0.350007	-0.098157	0.000000	0.000000	0.000000	-0.403287	0.358441	-0.403287	0.358441	-0.403287	4.430690	
2.426687	0.951181	0.000000	0.000000	0.000000	0.000000	0.366902	-0.128400	0.000000	0.000000	0.000000	0.000000	2.256140	0.814314	0.000000	0.000000	0.000000	-0.188026	0.342491	-0.113435	0.000000	0.000000	0.000000	-0.414695	0.355384	-0.414695	0.355384	-0.414695	4.530564	
2.462851	0.937522	0.000000	0.000000	0.000000	0.000000	0.356323	-0.144747	0.000000	0.000000	0.000000	0.000000	2.289643	0.801445	0.000000	0.000000	0.000000	-0.230559	0.335027	-0.128691	0.000000	0.000000	0.000000	-0.425331	0.353177	-0.425331	0.353177	-0.425331	4.630554	
2.497949	0.922240	0.000000	0.000000	0.000000	0.000000	0.345590	-0.160844	0.000000	0.000000	0.000000	0.000000	2.322403	0.787053	0.000000	0.000000	0.000000	-0.274056	0.327598	-0.143917	0.000000	0.000000	0.000000	-0.434969	0.351818	-0.434969	0.351818	-0.434969	4.730523	
2.531966	0.905362	0.000000	0.000000	0.000000	0.000000	0.334707	-0.176662	0.000000	0.000000	0.000000	0.000000	2.354419	0.771142	0.000000	0.000000	0.000000	-0.318404	0.320160	-0.159107	0.000000	0.000000	0.000000	-0.443481	0.351272	-0.443481	0.351272	-0.443481	4.830575	
2.564888	0.886917	0.000000	0.000000	0.000000	0.000000	0.323679	-0.192175	0.000000	0.000000	0.000000	0.000000	2.385685	0.753718	0.000000	0.000000	0.000000	-0.363475	0.312660	-0.174243	0.000000	0.000000	0.000000	-0.450711	0.351491	-0.450711	0.351491	-0.450711	4.930562	
2.596699	0.866937	0.000000	0.000000	0.000000	0.000000	0.312512	-0.207355	0.000000	0.000000	0.000000	0.000000	2.416188	0.734789	0.000000	0.000000	0.000000	-0.409130	0.305033	-0.189295	0.000000	0.000000	0.000000	-0.456542	0.352403	-0.456542	0.352403	-0.456542	5.030539	
2.627388	0.845457	0.000000	0.000000	0.000000	0.000000	0.301209	-0.222176	0.000000	0.000000	0.000000	0.000000	2.445909	0.714366	0.000000	0.000000	0.000000	-0.455219	0.297209	-0.204222	0.000000	0.000000	0.000000	-0.460894	0.353921	-0.460894	0.353921	-0.460894	5.130528	
2.656939	0.822514	0.000000	0.000000	0.000000	0.000000	0.289776	-0.236613	0.000000	0.000000	0.000000	0.000000	2.474821	0.692469	0.000000	0.000000	0.000000	-0.501591	0.289121	-0.218972	0.000000	0.000000	0.000000	-0.463721	0.355951	-0.463721	0.355951	-0.463721	5.230590	
2.685341	0.798147	0.000000	0.000000	0.000000	0.000000	0.278217	-0.250641	0.000000	0.000000	0.000000	0.000000	2.502892	0.669121	0.000000	0.000000	0.000000	-0.548091	0.280708	-0.233481	0.000000	0.000000	0.000000	-0.465003	0.358393	-0.465003	0.358393	-0.465003	5.330587	
2.712580	0.772399	0.000000	0.000000	0.000000	0.000000	0.266538	-0.264234	0.000000	0.000000	0.000000	0.000000	2.530084	0.644352	0.000000	0.000000	0.000000	-0.594572	0.271918	-0.247688	0.000000	0.000000	0.000000	-0.464810	0.361147	-0.464810	0.361147	-0.464810	5.430569	
2.738646	0.745314	0.000000	0.000000	0.000000	0.000000	0.254744	-0.277371	0.000000	0.000000	0.000000	0.000000	2.556355	0.618200	0.000000	0.000000	0.000000	-0.640895	0.262712	-0.261524	0.000000	0.000000	0.000000	-0.463225	0.364122	-0.463225	0.364122	-0.463225	5.530575	
2.763527	0.716940	0.000000	0.000000	0.000000	0.000000	0.242840	-0.290027	0.000000	0.000000	0.000000	0.000000	2.581662	0.590707	0.000000	0.000000	0.000000	-0.686932	0.253069	-0.274925	0.000000	0.000000	0.000000	-0.460372	0.367232	-0.460372	0.367232	-0.460372	5.630589	
2.787213	0.687324	0.000000	0.000000	0.000000	0.000000	0.230830	-0.302181	0.000000	0.000000	0.000000	0.000000	2.605960	0.561924	0.000000	0.000000	0.000000	-0.732571	0.242979	-0.287830	0.000000	0.000000	0.000000	-0.456394	0.370403	-0.456394	0.370403	-0.456394	5.730592	
2.809692	0.656520	0.000000	0.000000	0.000000	0.000000	0.218721	-0.313812	0.000000	0.000000	0.000000	0.000000	2.629205	0.531907	0.000000	0.000000	0.000000	-0.777712	0.232449	-0.300177	0.000000	0.000000	0.000000	-0.451407	0.373569	-0.451407	0.373569	-0.451407	5.830530	
2.830955	0.624579	0.000000	0.000000	0.000000	0.000000	0.206516	-0.324901	0.000000	0.000000	0.000000	0.000000	2.651354	0.500715	0.000000	0.000000	0.000000	-0.822271	0.221491	-0.311918	0.000000	0.000000	0.000000	-0.445591	0.376675	-0.445591	0.376675	-0.445591	5.930586	
2.850994	0.591557	0.000000	0.000000	0.000000	0.000000	0.194223	-0.335427	0.000000	0.000000	0.000000	0.000000	2.672367	0.468415	0.000000	0.000000	0.000000	-0.866174	0.210136	-0.322998	0.000000	0.000000	0.000000	-0.439030	0.379668	-0.439030	0.379668	-0.439030	6.030597	
2.869798	0.557512	0.000000	0.000000	0.000000	0.000000	0.181846	-0.345372	0.000000	0.000000	0.000000	0.000000	2.692209	0.435077	0.000000	0.000000	0.000000	-0.909362	0.198412	-0.333376	0.000000	0.000000	0.000000	-0.431875	0.382505	-0.431875	0.382505	-0.431875	6.130551	
2.887361	0.522502	0.000000	0.000000	0.000000	0.000000	0.169390	-0.354720	0.000000	0.000000	0.000000	0.000000	2.710845	0.400776	0.000000	0.000000	0.000000	-0.951787	0.186359	-0.343015	0.000000	0.000000	0.000000	-0.424256	0.385148	-0.424256	0.385148	-0.424256	6.230596	
2.903675	0.486586	0.000000	0.000000	0.000000	0.000000	0.156860	-0.363454	0.000000	0.000000	0.000000	0.000000	2.728246	0.365588	0.000000	0.000000	0.000000	-0.993414	0.174018	-0.351879	0.000000	0.000000	0.000000	-0.416271	0.387560	-0.416271	0.387560	-0.416271	6.330650	
2.918882	0.449442	0.000000	0.000000	0.000000	0.000000	0.144131	-0.371640	0.000000	0.000000	0.000000	0.000000	2.744371	0.329563	0.000000	0.000000	0.000000	-1.034433	0.161247	-0.360249	0.000000	0.000000	0.000000	-0.410185	0.389865	-0.410185	0.389865	-0.410185	6.431844	
2.932663	0.411900	0.000000	0.000000	0.000000	0.000000	0.131471	-0.379095	0.000000	0.000000	0.000000	0.000000	2.759231	0.292827	0.000000	0.000000	0.000000	-1.074432	0.148597	-0.367363	0.000000	0.000000	0.000000	-0.399987	0.391710	-0.399987	0.391710	-0.399987	6.531793	
2.945176	0.373646	0.000000	0.000000	0.000000	0.000000	0.118754	-0.385894	0.000000	0.000000	0.000000	0.000000	2.772791	0.255455	0.000000	0.000000	0.000000	-1.113594	0.135599	-0.373722	0.000000	0.000000	0.000000	-0.391627	0.393198	-0.391627	0.393198	-0.391627	6.631673	
2.956413	0.334744	0.000000	0.000000	0.000000	0.000000	0.105986	-0.392025	0.000000	0.000000	0.000000	0.000000	2.785041	0.217527	0.000000	0.000000	0.000000	-1.151930	0.122503	-0.379272	0.000000	0.000000	0.000000	-0.383362	0.394395	-0.383362	0.394395	-0.383362	6.731617	
2.966372	0.295262	0.000000	0.000000	0.000000	0.000000	0.093171	-0.397478	0.000000	0.000000	0.000000	0.000000	2.795973	0.179129	0.000000	0.000000	0.000000	-1.189470	0.109319	-0.383988	0.000000	0.000000	0.000000	-0.375395	0.395255	-0.375395	0.395255	-0.375395	6.831662	
2.975047	0.255270	0.000000	0.000000	0.000000	0.000000	0.080317	-0.402242	0.000000	0.000000	0.000000	0.000000	2.805581	0.140342	0.000000	0.000000	0.000000	-1.226248	0.096078	-0.387866	0.000000	0.000000	0.000000	-0.367786	0.395762	-0.367786	0.395762	-0.367786	6.931605	
2.982435	0.214834	0.000000	0.000000	0.000000	0.000000	0.067426	-0.406311	0.000000	0.000000	0.000000	0.000000	2.813861	0.101251	0.000000	0.000000	0.000000	-1.262317	0.082804	-0.390914	0.000000	0.000000	0.000000	-0.360681	0.395908	-0.360681	0.395908	-0.360681	7.031731	
2.988533	0.174029	0.000000	0.000000	0.000000	0.000000	0.054508	-0.409677	0.000000	0.000000	0.000000	0.000000	2.820814	0.061937	0.000000	0.000000	0.000000	-1.297728	0.069526	-0.393137	0.000000	0.000000	0.000000	-0.354110	0.395688	-0.354110	0.395688	-0.354110	7.131596	
2.993337	0.132920	0.000000	0.000000	0.000000	0.000000	0.041565	-0.412334	0.000000	0.000000	0.000000	0.000000	2.826440	0.022482	0.000000	0.000000	0.000000	-1.332548	0.056260	-0.394553	0.000000	0.000000	0.000000	-0.348202	0.395107	-0.348202	0.395107	-0.348202	7.231658	
2.996846	0.091583	0.000000	0.000000	0.000000	0.000000	0.028605	-0.414277	0.000000	0.000000	0.000000	0.000000	2.830743	-0.017036	0.000000	0.000000	0.000000	-1.366845	0.043032	-0.395176	0.000000	0.000000	0.000000	-0.342972	0.394169	-0.342972	0.394169	-0.342972	7.331675	
2.999058	0.050088	0.000000	0.000000	0.000000	0.000000	0.015633	-0.415503	0.000000	0.000000	0.000000	0.000000	2.833728	-0.056539	0.000000	0.000000	0.000000	-1.400693	0.029855	-0.395025	0.000000	0.000000	0.000000	-0.338483	0.392884	-0.338483	0.392884	-0.338483	7.431624	
2.999973	0.008505	0.000000	0.000000	0.000000	0.000000	0.002653	-0.416010	0.000000	0.000000	0.000000	0.000000	2.835402	-0.095951	0.000000	0.000000	0.000000	-1.434173	0.016740	-0.394123	0.000000	0.000000	0.000000	-0.334800	0.391269	-0.334800	0.391269	-0.334800	7.531658	
2.999589	-0.033093	0.000000	0.000000	0.000000	0.000000	-0.010328	-0.415797	0.000000	0.000000	0.000000	0.000000	2.835773	-0.135200	0.000000	0.000000	0.000000	-1.467364	0.003705	-0.392493	0.000000	0.000000	0.000000	-0.331910	0.389340	-0.331910	0.389340	-0.331910	7.631664	
2.997908	-0.074632	0.000000	0.000000	0.000000	0.000000	-0.023303	-0.414865	0.000000	0.000000	0.000000	0.000000	2.834849	-0.174216	0.000000	0.000000	0.000000	-1.500348	-0.009243	-0.390157	0.000000	0.000000	0.000000	-0.329842	0.387118	-0.329842	0.387118	-0.329842	7.731707	
2.994929	-0.116044	0.000000	0.000000	0.000000	0.000000	-0.036270	-0.413214	0.000000	0.000000	0.000000	0.000000	2.832639	-0.212930	0.000000	0.000000	0.000000	-1.533212	-0.022099	-0.387143	0.000000	0.000000	0.000000	-0.328632	0.384627	-0.328632	0.384627	-0.328632	7.831700	
2.990655	-0.157254	0.000000	0.000000	0.000000	0.000000	-0.049220	-0.410849	0.000000	0.000000	0.000000	0.000000	2.829153	-0.251278	0.000000	0.000000	0.000000	-1.566036	-0.034852	-0.383477	0.000000	0.000000	0.000000	-0.328248	0.381896	-0.328248	0.381896	-0.328248	7.931674	
2.985086	-0.198193	0.000000	0.000000	0.000000	0.000000	-0.062149	-0.407772	0.000000	0.000000	0.000000	0.000000	2.824403	-0.289196	0.000000	0.000000	0.000000	-1.598909	-0.047504	-0.379185	0.000000	0.000000	0.000000	-0.328724	0.378954	-0.328724	0.378954	-0.328724	8.031694	
2.978226	-0.238787	0.000000	0.000000	0.000000	0.000000	-0.075051	-0.403990	0.000000	0.000000	0.000000	0.000000	2.818398	-0.326626	0.000000	0.000000	0.000000	-1.631912	-0.060049	-0.374293	0.000000	0.000000	0.000000	-0.330032	0.375833	-0.330032	0.375833	-0.330032	8.131690	
2.970077	-0.278969	0.000000	0.000000	0.000000	0.000000	-0.087921	-0.399509	0.000000	0.000000	0.000000	0.000000	2.811149	-0.363509	0.000000	0.000000	0.000000	-1.665131	-0.072491	-0.368829	0.000000	0.000000	0.000000	-0.332191	0.372568	-0.332191	0.372568	-0.332191	8.231679	
2.960644	-0.318668	0.000000	0.000000	0.000000	0.000000	-0.100753	-0.394336	0.000000	0.000000	0.000000	0.000000	2.802666	-0.399790	0.000000	0.000000	0.000000	-1.698648	-0.084828	-0.362819	0.000000	0.000000	0.000000	-0.335168	0.369196	-0.335168	0.369196	-0.335168	8.331720	
2.949929	-0.357814	0.000000	0.000000	0.000000	0.000000	-0.113540	-0.388481	0.000000	0.000000	0.000000	0.000000	2.792960	-0.435419	0.000000	0.000000	0.000000	-1.732544	-0.097064	-0.356290	0.000000	0.000000	0.000000	-0.338959	0.365758	-0.338959	0.365758	-0.338959	8.431626	
2.937937	-0.396344	0.000000	0.000000	0.000000	0.000000	-0.126280	-0.381953	0.000000	0.000000	0.000000	0.000000	2.782039	-0.470346	0.000000	0.000000	0.000000	-1.766902	-0.109209	-0.349264	0.000000	0.000000	0.000000	-0.343582	0.362293	-0.343582	0.362293	-0.343582	8.531921	
2.924674	-0.434186	0.000000	0.000000	0.000000	0.000000	-0.138964	-0.374765	0.000000	0.000000	0.000000	0.000000	2.769913	-0.504523	0.000000	0.000000	0.000000	-1.801797	-0.121262	-0.341773	0.000000	0.000000	0.000000	-0.348950	0.358850	-0.348950	0.358850	-0.348950	8.631842	
2.910146	-0.471276	0.000000	0.000000	0.000000	0.000000	-0.151588	-0.366928	0.000000	0.000000	0.000000	0.000000	2.756589	-0.537907	0.000000	0.000000	0.000000	-1.837307	-0.133237	-0.333837	0.000000	0.000000	0.000000	-0.355101	0.355475	-0.355101	0.355475	-0.355101	8.731744	
2.894359	-0.507552	0.000000	0.000000	0.000000	0.000000	-0.164147	-0.358455	0.000000	0.000000	0.000000	0.000000	2.742074	-0.570455	0.000000	0.000000	0.000000	-1.873507	-0.145145	-0.325483	0.000000	0.000000	0.000000	-0.361995	0.352219	-0.361995	0.352219	-0.361995	8.831707	
2.877319	-0.542948	0.000000	0.000000	0.000000	0.000000	-0.176634	-0.349363	0.000000	0.000000	0.000000	0.000000	2.726375	-0.602129	0.000000	0.000000	0.000000	-1.910465	-0.156998	-0.316739	0.000000	0.000000	0.000000	-0.369584	0.349140	-0.369584	0.349140	-0.369584	8.931669	
2.859034	-0.577406	0.000000	0.000000	0.000000	0.000000	-0.189045	-0.339666	0.000000	0.000000	0.000000	0.000000	2.709493	-0.632891	0.000000	0.000000	0.000000	-1.948252	-0.168817	-0.307622	0.000000	0.000000	0.000000	-0.377869	0.346292	-0.377869	0.346292	-0.377869	9.031882	
2.839513	-0.610864	0.000000	0.000000	0.000000	0.000000	-0.201374	-0.329381	0.000000	0.000000	0.000000	0.000000	2.691431	-0.662708	0.000000	0.000000	0.000000	-1.986927	-0.180619	-0.298167	0.000000	0.000000	0.000000	-0.386752	0.343746	-0.386752	0.343746	-0.386752	9.131674	
2.818762	-0.643264	0.000000	0.000000	0.000000	0.000000	-0.213617	-0.318526	0.000000	0.000000	0.000000	0.000000	2.672188	-0.691547	0.000000	0.000000	0.000000	-2.026551	-0.192430	-0.288386	0.000000	0.000000	0.000000	-0.396235	0.341560	-0.396235	0.341560	-0.396235	9.231699	
2.796792	-0.674552	0.000000	0.000000	0.000000	0.000000	-0.225767	-0.307120	0.000000	0.000000	0.000000	0.000000	2.651760	-0.719377	0.000000	0.000000	0.000000	-2.067172	-0.204277	-0.278307	0.000000	0.000000	0.000000	-0.406218	0.339810	-0.406218	0.339810	-0.406218	9.331708	
2.773612	-0.704673	0.000000	0.000000	0.000000	0.000000	-0.237819	-0.295182	0.000000	0.000000	0.000000	0.000000	2.630141	-0.746172	0.000000	0.000000	0.000000	-2.108835	-0.216192	-0.267946	0.000000	0.000000	0.000000	-0.416623	0.338568	-0.416623	0.338568	-0.416623	9.431710	
2.749231	-0.733573	0.000000	0.000000	0.000000	0.000000	-0.249767	-0.282734	0.000000	0.000000	0.000000	0.000000	2.607320	-0.771904	0.000000	0.000000	0.000000	-2.151569	-0.228206	-0.257317	0.000000	0.000000	0.000000	-0.427344	0.337907	-0.427344	0.337907	-0.427344	9.531713	
