2.000000	3.000000	0.000000	0.000000	0.000000	0.982794	0.000000	0.000000	0.000000	0.000000	0.000000	9.827937	0.040000	0.000000	0.000000	0.000000	0.000000	0.098279	0.400000	0.000000	0.000000	0.000000	0.000000	0.982794	0.400000	0.982794	0.400000	0.982794	3.605551	0.982794	0.982794	0.125965	
2.000000	3.000000	0.000000	0.000000	0.000000	0.992081	0.000000	0.000000	0.000000	0.000000	0.000000	9.920814	0.084681	0.004405	0.000000	0.000000	0.000000	0.187660	0.446815	0.044055	0.000000	0.000000	0.000000	0.893802	0.448981	0.893802	0.448981	0.893802	3.583518	0.893802	0.992081	0.399181	
2.000000	3.000000	0.000000	0.000000	0.000000	1.001924	0.000000	0.000000	0.000000	0.000000	0.000000	10.019242	0.132636	0.013512	0.000000	0.000000	0.000000	0.269086	0.479541	0.091062	0.000000	0.000000	0.000000	0.814265	0.488110	0.814265	0.488110	0.814265	3.555563	0.814265	1.001924	0.542959	
2.000000	3.000000	0.000000	0.000000	0.000000	1.012002	0.000000	0.000000	0.000000	0.000000	0.000000	10.120022	0.182651	0.027305	0.000000	0.000000	0.000000	0.343378	0.500155	0.137930	0.000000	0.000000	0.000000	0.742916	0.518825	0.742916	0.518825	0.742916	3.522238	0.742916	1.012002	0.721093	
2.000000	3.000000	0.000000	0.000000	0.000000	1.022075	0.000000	0.000000	0.000000	0.000000	0.000000	10.220750	0.233726	0.045566	0.000000	0.000000	0.000000	0.411247	0.510750	0.182614	0.000000	0.000000	0.000000	0.678697	0.542415	0.678697	0.542415	0.678697	3.484204	0.678697	1.022075	0.924212	
2.000000	3.000000	0.000000	0.000000	0.000000	1.031968	0.000000	0.000000	0.000000	0.000000	0.000000	10.319678	0.285058	0.067953	0.000000	0.000000	0.000000	0.473319	0.513318	0.223866	0.000000	0.000000	0.000000	0.620720	0.560010	0.620720	0.560010	0.620720	3.442151	0.620720	1.031968	1.090769	
2.000000	3.000000	0.000000	0.000000	0.000000	1.041557	0.000000	0.000000	0.000000	0.000000	0.000000	10.415569	0.336022	0.094054	0.000000	0.000000	0.000000	0.530143	0.509640	0.261012	0.000000	0.000000	0.000000	0.568237	0.572591	0.568237	0.572591	0.568237	3.396753	0.568237	1.041557	1.266549	
2.000000	3.000000	0.000000	0.000000	0.000000	1.050759	0.000000	0.000000	0.000000	0.000000	0.000000	10.507589	0.386146	0.123432	0.000000	0.000000	0.000000	0.582205	0.501246	0.293785	0.000000	0.000000	0.000000	0.520616	0.580997	0.520616	0.580997	0.520616	3.348633	0.520616	1.050759	1.578503	
2.000000	3.000000	0.000000	0.000000	0.000000	1.059521	0.000000	0.000000	0.000000	0.000000	0.000000	10.595209	0.435087	0.155651	0.000000	0.000000	0.000000	0.629936	0.489408	0.322189	0.000000	0.000000	0.000000	0.477316	0.585941	0.477316	0.585941	0.477316	3.298358	0.477316	1.059521	1.750727	
2.000000	3.000000	0.000000	0.000000	0.000000	1.067813	0.000000	0.000000	0.000000	0.000000	0.000000	10.678125	0.482604	0.190292	0.000000	0.000000	0.000000	0.673724	0.475165	0.346403	0.000000	0.000000	0.000000	0.437876	0.588028	0.437876	0.588028	0.437876	3.246424	0.437876	1.067813	1.939689	
2.000000	3.000000	0.000000	0.000000	0.000000	1.075621	0.000000	0.000000	0.000000	0.000000	0.000000	10.756207	0.528538	0.226962	0.000000	0.000000	0.000000	0.713914	0.459341	0.366708	0.000000	0.000000	0.000000	0.401897	0.587766	0.401897	0.587766	0.401897	3.193267	0.401897	1.075621	2.099867	
2.000000	3.000000	0.000000	0.000000	0.000000	1.082945	0.000000	0.000000	0.000000	0.000000	0.000000	10.829446	0.572797	0.265306	0.000000	0.000000	0.000000	0.750817	0.442586	0.383438	0.000000	0.000000	0.000000	0.369031	0.585583	0.369031	0.585583	0.369031	3.139258	0.369031	1.082945	2.276848	
2.000000	3.000000	0.000000	0.000000	0.000000	1.089792	0.000000	0.000000	0.000000	0.000000	0.000000	10.897922	0.615336	0.305001	0.000000	0.000000	0.000000	0.784714	0.425399	0.396950	0.000000	0.000000	0.000000	0.338975	0.581836	0.338975	0.581836	0.338975	3.084714	0.338975	1.089792	2.483055	
2.000000	3.000000	0.000000	0.000000	0.000000	1.096178	0.000000	0.000000	0.000000	0.000000	0.000000	10.961777	0.656152	0.345761	0.000000	0.000000	0.000000	0.815861	0.408155	0.407598	0.000000	0.000000	0.000000	0.311463	0.576825	0.311463	0.576825	0.311463	3.029903	0.311463	1.096178	2.667249	
2.000000	3.000000	0.000000	0.000000	0.000000	1.102119	0.000000	0.000000	0.000000	0.000000	0.000000	11.021194	0.695265	0.387333	0.000000	0.000000	0.000000	0.844487	0.391134	0.415720	0.000000	0.000000	0.000000	0.286259	0.570797	0.286259	0.570797	0.286259	2.975048	0.286259	1.102119	2.840756	
2.000000	3.000000	0.000000	0.000000	0.000000	1.107638	0.000000	0.000000	0.000000	0.000000	0.000000	11.076384	0.732719	0.429496	0.000000	0.000000	0.000000	0.870802	0.374535	0.421634	0.000000	0.000000	0.000000	0.263152	0.563961	0.263152	0.563961	0.263152	2.920336	0.263152	1.107638	3.009098	
2.000000	3.000000	0.000000	0.000000	0.000000	1.112757	0.000000	0.000000	0.000000	0.000000	0.000000	11.127572	0.768569	0.472059	0.000000	0.000000	0.000000	0.894997	0.358497	0.425627	0.000000	0.000000	0.000000	0.241956	0.556488	0.241956	0.556488	0.241956	2.865919	0.241956	1.112757	3.174853	
2.000000	3.000000	0.000000	0.000000	0.000000	1.117499	0.000000	0.000000	0.000000	0.000000	0.000000	11.174991	0.802880	0.514855	0.000000	0.000000	0.000000	0.917247	0.343111	0.427960	0.000000	0.000000	0.000000	0.222502	0.548521	0.222502	0.548521	0.222502	2.811923	0.222502	1.117499	3.344283	
2.000000	3.000000	0.000000	0.000000	0.000000	1.121887	0.000000	0.000000	0.000000	0.000000	0.000000	11.218871	0.835723	0.557741	0.000000	0.000000	0.000000	0.937711	0.328433	0.428864	0.000000	0.000000	0.000000	0.204640	0.540178	0.204640	0.540178	0.204640	2.758449	0.204640	1.121887	3.508110	
2.000000	3.000000	0.000000	0.000000	0.000000	1.125944	0.000000	0.000000	0.000000	0.000000	0.000000	11.259444	0.867172	0.600596	0.000000	0.000000	0.000000	0.956535	0.314488	0.428545	0.000000	0.000000	0.000000	0.188233	0.531558	0.188233	0.531558	0.188233	2.705581	0.188233	1.125944	3.674597	
2.000000	3.000000	0.000000	0.000000	0.000000	1.129693	0.000000	0.000000	0.000000	0.000000	0.000000	11.296931	0.897300	0.643314	0.000000	0.000000	0.000000	0.973851	0.301284	0.427183	0.000000	0.000000	0.000000	0.173158	0.522741	0.173158	0.522741	0.173158	2.653383	0.173158	1.129693	3.853087	
2.000000	3.000000	0.000000	0.000000	0.000000	1.133155	0.000000	0.000000	0.000000	0.000000	0.000000	11.331546	0.926181	0.685808	0.000000	0.000000	0.000000	0.989781	0.288812	0.424935	0.000000	0.000000	0.000000	0.159304	0.513792	0.159304	0.513792	0.159304	2.601906	0.159304	1.133155	4.044228	
2.000000	3.000000	0.000000	0.000000	0.000000	1.136349	0.000000	0.000000	0.000000	0.000000	0.000000	11.363493	0.953887	0.728002	0.000000	0.000000	0.000000	1.004438	0.277053	0.421938	0.000000	0.000000	0.000000	0.146568	0.504767	0.146568	0.504767	0.146568	2.551190	0.146568	1.136349	4.218603	
2.000000	3.000000	0.000000	0.000000	0.000000	1.139297	0.000000	0.000000	0.000000	0.000000	0.000000	11.392966	0.980485	0.769833	0.000000	0.000000	0.000000	1.017924	0.265980	0.418311	0.000000	0.000000	0.000000	0.134859	0.495711	0.134859	0.495711	0.134859	2.501266	0.134859	1.139297	4.392076	
2.000000	3.000000	0.000000	0.000000	0.000000	1.142015	0.000000	0.000000	0.000000	0.000000	0.000000	11.420145	1.006041	0.811248	0.000000	0.000000	0.000000	1.030333	0.255562	0.414157	0.000000	0.000000	0.000000	0.124091	0.486660	0.124091	0.486660	0.124091	2.452154	0.124091	1.142015	4.574053	
2.000000	3.000000	0.000000	0.000000	0.000000	1.144520	0.000000	0.000000	0.000000	0.000000	0.000000	11.445203	1.030617	0.852205	0.000000	0.000000	0.000000	1.041751	0.245763	0.409565	0.000000	0.000000	0.000000	0.114188	0.477643	0.114188	0.477643	0.114188	2.403869	0.114188	1.144520	4.743238	
2.000000	3.000000	0.000000	0.000000	0.000000	1.146830	0.000000	0.000000	0.000000	0.000000	0.000000	11.468298	1.054272	0.892666	0.000000	0.000000	0.000000	1.052259	0.236550	0.404611	0.000000	0.000000	0.000000	0.105078	0.468685	0.105078	0.468685	0.105078	2.356423	0.105078	1.146830	4.908595	
2.000000	3.000000	0.000000	0.000000	0.000000	1.148958	0.000000	0.000000	0.000000	0.000000	0.000000	11.489580	1.077061	0.932602	0.000000	0.000000	0.000000	1.061929	0.227884	0.399362	0.000000	0.000000	0.000000	0.096699	0.459805	0.096699	0.459805	0.096699	2.309818	0.096699	1.148958	5.086872	
2.000000	3.000000	0.000000	0.000000	0.000000	1.150919	0.000000	0.000000	0.000000	0.000000	0.000000	11.509188	1.099034	0.971989	0.000000	0.000000	0.000000	1.070828	0.219731	0.393874	0.000000	0.000000	0.000000	0.088990	0.451020	0.088990	0.451020	0.088990	2.264056	0.088990	1.150919	5.253543	
2.000000	3.000000	0.000000	0.000000	0.000000	1.152725	0.000000	0.000000	0.000000	0.000000	0.000000	11.527251	1.120239	1.010809	0.000000	0.000000	0.000000	1.079018	0.212057	0.388196	0.000000	0.000000	0.000000	0.081897	0.442340	0.081897	0.442340	0.081897	2.219137	0.081897	1.152725	5.426618	
2.000000	3.000000	0.000000	0.000000	0.000000	1.154389	0.000000	0.000000	0.000000	0.000000	0.000000	11.543888	1.140722	1.049046	0.000000	0.000000	0.000000	1.086555	0.204826	0.382371	0.000000	0.000000	0.000000	0.075371	0.433776	0.075371	0.433776	0.075371	2.175054	0.075371	1.154389	5.594549	
2.000000	3.000000	0.000000	0.000000	0.000000	1.155921	0.000000	0.000000	0.000000	0.000000	0.000000	11.559209	1.160523	1.086690	0.000000	0.000000	0.000000	1.093492	0.198009	0.376434	0.000000	0.000000	0.000000	0.069366	0.425335	0.069366	0.425335	0.069366	2.131802	0.069366	1.155921	5.779451	
2.000000	3.000000	0.000000	0.000000	0.000000	1.157332	0.000000	0.000000	0.000000	0.000000	0.000000	11.573319	1.179680	1.123731	0.000000	0.000000	0.000000	1.099876	0.191575	0.370415	0.000000	0.000000	0.000000	0.063840	0.417023	0.063840	0.417023	0.063840	2.089373	0.063840	1.157332	5.945622	
2.000000	3.000000	0.000000	0.000000	0.000000	1.158631	0.000000	0.000000	0.000000	0.000000	0.000000	11.586311	1.198230	1.160165	0.000000	0.000000	0.000000	1.105751	0.185496	0.364342	0.000000	0.000000	0.000000	0.058756	0.408845	0.058756	0.408845	0.058756	2.047757	0.058756	1.158631	6.119009	
2.000000	3.000000	0.000000	0.000000	0.000000	1.159827	0.000000	0.000000	0.000000	0.000000	0.000000	11.598274	1.216205	1.195989	0.000000	0.000000	0.000000	1.111159	0.179745	0.358238	0.000000	0.000000	0.000000	0.054076	0.400802	0.054076	0.400802	0.054076	2.006945	0.054076	1.159827	6.284258	
2.000000	3.000000	0.000000	0.000000	0.000000	1.160929	0.000000	0.000000	0.000000	0.000000	0.000000	11.609287	1.233634	1.231201	0.000000	0.000000	0.000000	1.116136	0.174299	0.352120	0.000000	0.000000	0.000000	0.049770	0.392898	0.049770	0.392898	0.049770	1.966924	0.049770	1.160929	6.466391	
2.000000	3.000000	0.000000	0.000000	0.000000	1.161943	0.000000	0.000000	0.000000	0.000000	0.000000	11.619427	1.250548	1.265802	0.000000	0.000000	0.000000	1.120716	0.169134	0.346007	0.000000	0.000000	0.000000	0.045807	0.385132	0.045807	0.385132	0.045807	1.927684	0.045807	1.161943	6.646909	
2.000000	3.000000	0.000000	0.000000	0.000000	1.162876	0.000000	0.000000	0.000000	0.000000	0.000000	11.628762	1.266971	1.299793	0.000000	0.000000	0.000000	1.124932	0.164230	0.339912	0.000000	0.000000	0.000000	0.042160	0.377507	0.042160	0.377507	0.042160	1.889212	0.042160	1.162876	6.830097	
2.000000	3.000000	0.000000	0.000000	0.000000	1.163736	0.000000	0.000000	0.000000	0.000000	0.000000	11.637356	1.282927	1.333178	0.000000	0.000000	0.000000	1.128813	0.159567	0.333847	0.000000	0.000000	0.000000	0.038803	0.370020	0.038803	0.370020	0.038803	1.851496	0.038803	1.163736	7.012082	
2.000000	3.000000	0.000000	0.000000	0.000000	1.164527	0.000000	0.000000	0.000000	0.000000	0.000000	11.645267	1.298440	1.365960	0.000000	0.000000	0.000000	1.132384	0.155127	0.327822	0.000000	0.000000	0.000000	0.035714	0.362673	0.035714	0.362673	0.035714	1.814522	0.035714	1.164527	7.182275	
2.000000	3.000000	0.000000	0.000000	0.000000	1.165255	0.000000	0.000000	0.000000	0.000000	0.000000	11.652549	1.313530	1.398144	0.000000	0.000000	0.000000	1.135671	0.150895	0.321846	0.000000	0.000000	0.000000	0.032871	0.355464	0.032871	0.355464	0.032871	1.778278	0.032871	1.165255	7.362820	
2.000000	3.000000	0.000000	0.000000	0.000000	1.165925	0.000000	0.000000	0.000000	0.000000	0.000000	11.659252	1.328215	1.429737	0.000000	0.000000	0.000000	1.138697	0.146855	0.315927	0.000000	0.000000	0.000000	0.030254	0.348391	0.030254	0.348391	0.030254	1.742752	0.030254	1.165925	7.535487	
2.000000	3.000000	0.000000	0.000000	0.000000	1.166542	0.000000	0.000000	0.000000	0.000000	0.000000	11.665422	1.342514	1.460744	0.000000	0.000000	0.000000	1.141481	0.142993	0.310070	0.000000	0.000000	0.000000	0.027846	0.341453	0.027846	0.341453	0.027846	1.707929	0.027846	1.166542	7.705751	
2.000000	3.000000	0.000000	0.000000	0.000000	1.167110	0.000000	0.000000	0.000000	0.000000	0.000000	11.671102	1.356444	1.491172	0.000000	0.000000	0.000000	1.144044	0.139297	0.304280	0.000000	0.000000	0.000000	0.025629	0.334649	0.025629	0.334649	0.025629	1.673797	0.025629	1.167110	7.817653	
2.000000	3.000000	0.000000	0.000000	0.000000	1.167633	0.000000	0.000000	0.000000	0.000000	0.000000	11.676330	1.370020	1.521028	0.000000	0.000000	0.000000	1.146403	0.135755	0.298563	0.000000	0.000000	0.000000	0.023589	0.327977	0.023589	0.327977	0.023589	1.640343	0.023589	1.167633	7.945724	
2.000000	3.000000	0.000000	0.000000	0.000000	1.168114	0.000000	0.000000	0.000000	0.000000	0.000000	11.681142	1.383255	1.550320	0.000000	0.000000	0.000000	1.148574	0.132357	0.292920	0.000000	0.000000	0.000000	0.021711	0.321435	0.021711	0.321435	0.021711	1.607555	0.021711	1.168114	8.140367	
2.000000	3.000000	0.000000	0.000000	0.000000	1.168557	0.000000	0.000000	0.000000	0.000000	0.000000	11.685572	1.396165	1.579056	0.000000	0.000000	0.000000	1.150572	0.129092	0.287356	0.000000	0.000000	0.000000	0.019983	0.315021	0.019983	0.315021	0.019983	1.575419	0.019983	1.168557	8.324034	
2.000000	3.000000	0.000000	0.000000	0.000000	1.168965	0.000000	0.000000	0.000000	0.000000	0.000000	11.689649	1.408760	1.607243	0.000000	0.000000	0.000000	1.152412	0.125952	0.281872	0.000000	0.000000	0.000000	0.018392	0.308732	0.018392	0.308732	0.018392	1.543923	0.018392	1.168965	8.491375	
2.000000	3.000000	0.000000	0.000000	0.000000	1.169340	0.000000	0.000000	0.000000	0.000000	0.000000	11.693402	1.421053	1.634890	0.000000	0.000000	0.000000	1.154105	0.122929	0.276470	0.000000	0.000000	0.000000	0.016929	0.302568	0.016929	0.302568	0.016929	1.513055	0.016929	1.169340	8.675515	
2.000000	3.000000	0.000000	0.000000	0.000000	1.169686	0.000000	0.000000	0.000000	0.000000	0.000000	11.696856	1.433054	1.662005	0.000000	0.000000	0.000000	1.155663	0.120015	0.271152	0.000000	0.000000	0.000000	0.015581	0.296525	0.015581	0.296525	0.015581	1.482803	0.015581	1.169686	8.851850	
2.000000	3.000000	0.000000	0.000000	0.000000	1.170004	0.000000	0.000000	0.000000	0.000000	0.000000	11.700035	1.444774	1.688597	0.000000	0.000000	0.000000	1.157097	0.117203	0.265918	0.000000	0.000000	0.000000	0.014341	0.290601	0.014341	0.290601	0.014341	1.453154	0.014341	1.170004	9.034171	
2.000000	3.000000	0.000000	0.000000	0.000000	1.170296	0.000000	0.000000	0.000000	0.000000	0.000000	11.702961	1.456223	1.714674	0.000000	0.000000	0.000000	1.158417	0.114487	0.260769	0.000000	0.000000	0.000000	0.013199	0.284795	0.013199	0.284795	0.013199	1.424097	0.013199	1.170296	9.204829	
2.000000	3.000000	0.000000	0.000000	0.000000	1.170565	0.000000	0.000000	0.000000	0.000000	0.000000	11.705655	1.467409	1.740245	0.000000	0.000000	0.000000	1.159632	0.111862	0.255706	0.000000	0.000000	0.000000	0.012149	0.279103	0.012149	0.279103	0.012149	1.395620	0.012149	1.170565	9.375352	
2.000000	3.000000	0.000000	0.000000	0.000000	1.170813	0.000000	0.000000	0.000000	0.000000	0.000000	11.708134	1.478342	1.765318	0.000000	0.000000	0.000000	1.160750	0.109322	0.250729	0.000000	0.000000	0.000000	0.011182	0.273525	0.011182	0.273525	0.011182	1.367712	0.011182	1.170813	9.566050	
2.000000	3.000000	0.000000	0.000000	0.000000	1.171042	0.000000	0.000000	0.000000	0.000000	0.000000	11.710416	1.489028	1.789901	0.000000	0.000000	0.000000	1.161779	0.106862	0.245837	0.000000	0.000000	0.000000	0.010292	0.268058	0.010292	0.268058	0.010292	1.340361	0.010292	1.171042	9.747403	
2.000000	3.000000	0.000000	0.000000	0.000000	1.171252	0.000000	0.000000	0.000000	0.000000	0.000000	11.712516	1.499476	1.814004	0.000000	0.000000	0.000000	1.162726	0.104478	0.241030	0.000000	0.000000	0.000000	0.009473	0.262700	0.009473	0.262700	0.009473	1.313557	0.009473	1.171252	9.930823	
2.000000	3.000000	0.000000	0.000000	0.000000	1.171445	0.000000	0.000000	0.000000	0.000000	0.000000	11.714449	1.509692	1.837635	0.000000	0.000000	0.000000	1.163598	0.102165	0.236308	0.000000	0.000000	0.000000	0.008719	0.257448	0.008719	0.257448	0.008719	1.287288	0.008719	1.171445	10.102752	
2.000000	3.000000	0.000000	0.000000	0.000000	1.171623	0.000000	0.000000	0.000000	0.000000	0.000000	11.716228	1.519684	1.860802	0.000000	0.000000	0.000000	1.164401	0.099921	0.231671	0.000000	0.000000	0.000000	0.008025	0.252301	0.008025	0.252301	0.008025	1.261544	0.008025	1.171623	10.281233	
2.000000	3.000000	0.000000	0.000000	0.000000	1.171787	0.000000	0.000000	0.000000	0.000000	0.000000	11.717866	1.529458	1.883514	0.000000	0.000000	0.000000	1.165139	0.097741	0.227118	0.000000	0.000000	0.000000	0.007386	0.247256	0.007386	0.247256	0.007386	1.236315	0.007386	1.171787	10.467669	
2.000000	3.000000	0.000000	0.000000	0.000000	1.171937	0.000000	0.000000	0.000000	0.000000	0.000000	11.719373	1.539020	1.905779	0.000000	0.000000	0.000000	1.165819	0.095622	0.222647	0.000000	0.000000	0.000000	0.006798	0.242312	0.006798	0.242312	0.006798	1.211590	0.006798	1.171937	10.660150	
2.000000	3.000000	0.000000	0.000000	0.000000	1.172076	0.000000	0.000000	0.000000	0.000000	0.000000	11.720761	1.548377	1.927605	0.000000	0.000000	0.000000	1.166445	0.093562	0.218259	0.000000	0.000000	0.000000	0.006257	0.237467	0.006257	0.237467	0.006257	1.187359	0.006257	1.172076	10.843329	
2.000000	3.000000	0.000000	0.000000	0.000000	1.172204	0.000000	0.000000	0.000000	0.000000	0.000000	11.722038	1.557532	1.949000	0.000000	0.000000	0.000000	1.167021	0.091557	0.213952	0.000000	0.000000	0.000000	0.005759	0.232719	0.005759	0.232719	0.005759	1.163613	0.005759	1.172204	10.977191	
2.000000	3.000000	0.000000	0.000000	0.000000	1.172321	0.000000	0.000000	0.000000	0.000000	0.000000	11.723213	1.566493	1.969972	0.000000	0.000000	0.000000	1.167551	0.089605	0.209725	0.000000	0.000000	0.000000	0.005301	0.228065	0.005301	0.228065	0.005301	1.140342	0.005301	1.172321	11.161538	
2.000000	3.000000	0.000000	0.000000	0.000000	1.172429	0.000000	0.000000	0.000000	0.000000	0.000000	11.724295	1.575263	1.990530	0.000000	0.000000	0.000000	1.168039	0.087704	0.205578	0.000000	0.000000	0.000000	0.004879	0.223504	0.004879	0.223504	0.004879	1.117536	0.004879	1.172429	11.339851	
2.000000	3.000000	0.000000	0.000000	0.000000	1.172529	0.000000	0.000000	0.000000	0.000000	0.000000	11.725290	1.583848	2.010681	0.000000	0.000000	0.000000	1.168488	0.085852	0.201508	0.000000	0.000000	0.000000	0.004490	0.219035	0.004490	0.219035	0.004490	1.095185	0.004490	1.172529	11.521672	
2.000000	3.000000	0.000000	0.000000	0.000000	1.172621	0.000000	0.000000	0.000000	0.000000	0.000000	11.726207	1.592253	2.030433	0.000000	0.000000	0.000000	1.168901	0.084047	0.197516	0.000000	0.000000	0.000000	0.004133	0.214655	0.004133	0.214655	0.004133	1.073282	0.004133	1.172621	11.700010	
2.000000	3.000000	0.000000	0.000000	0.000000	1.172705	0.000000	0.000000	0.000000	0.000000	0.000000	11.727050	1.600482	2.049793	0.000000	0.000000	0.000000	1.169281	0.082286	0.193600	0.000000	0.000000	0.000000	0.003804	0.210362	0.003804	0.210362	0.003804	1.051817	0.003804	1.172705	11.896703	
2.000000	3.000000	0.000000	0.000000	0.000000	1.172783	0.000000	0.000000	0.000000	0.000000	0.000000	11.727826	1.608538	2.068769	0.000000	0.000000	0.000000	1.169631	0.080568	0.189759	0.000000	0.000000	0.000000	0.003501	0.206155	0.003501	0.206155	0.003501	1.030781	0.003501	1.172783	12.074158	
2.000000	3.000000	0.000000	0.000000	0.000000	1.172854	0.000000	0.000000	0.000000	0.000000	0.000000	11.728541	1.616428	2.087368	0.000000	0.000000	0.000000	1.169954	0.078892	0.185992	0.000000	0.000000	0.000000	0.003223	0.202032	0.003223	0.202032	0.003223	1.010165	0.003223	1.172854	12.249487	
2.000000	3.000000	0.000000	0.000000	0.000000	1.172920	0.000000	0.000000	0.000000	0.000000	0.000000	11.729199	1.624153	2.105597	0.000000	0.000000	0.000000	1.170250	0.077255	0.182297	0.000000	0.000000	0.000000	0.002966	0.197992	0.002966	0.197992	0.002966	0.989962	0.002966	1.172920	12.422628	
2.000000	3.000000	0.000000	0.000000	0.000000	1.172980	0.000000	0.000000	0.000000	0.000000	0.000000	11.729804	1.631719	2.123465	0.000000	0.000000	0.000000	1.170523	0.075657	0.178674	0.000000	0.000000	0.000000	0.002730	0.194032	0.002730	0.194032	0.002730	0.970163	0.002730	1.172980	12.603046	
2.000000	3.000000	0.000000	0.000000	0.000000	1.173036	0.000000	0.000000	0.000000	0.000000	0.000000	11.730361	1.639129	2.140977	0.000000	0.000000	0.000000	1.170775	0.074096	0.175121	0.000000	0.000000	0.000000	0.002513	0.190151	0.002513	0.190151	0.002513	0.950760	0.002513	1.173036	12.779583	
2.000000	3.000000	0.000000	0.000000	0.000000	1.173087	0.000000	0.000000	0.000000	0.000000	0.000000	11.730874	1.646386	2.158141	0.000000	0.000000	0.000000	1.171006	0.072571	0.171637	0.000000	0.000000	0.000000	0.002313	0.186349	0.002313	0.186349	0.002313	0.931745	0.002313	1.173087	12.953014	
2.000000	3.000000	0.000000	0.000000	0.000000	1.173135	0.000000	0.000000	0.000000	0.000000	0.000000	11.731346	1.653494	2.174963	0.000000	0.000000	0.000000	1.171219	0.071081	0.168221	0.000000	0.000000	0.000000	0.002129	0.182622	0.002129	0.182622	0.002129	0.913110	0.002129	1.173135	13.140464	
2.000000	3.000000	0.000000	0.000000	0.000000	1.173178	0.000000	0.000000	0.000000	0.000000	0.000000	11.731780	1.660456	2.191450	0.000000	0.000000	0.000000	1.171415	0.069624	0.164871	0.000000	0.000000	0.000000	0.001959	0.178969	0.001959	0.178969	0.001959	0.894848	0.001959	1.173178	13.323626	
2.000000	3.000000	0.000000	0.000000	0.000000	1.173218	0.000000	0.000000	0.000000	0.000000	0.000000	11.732180	1.667276	2.207608	0.000000	0.000000	0.000000	1.171595	0.068200	0.161587	0.000000	0.000000	0.000000	0.001803	0.175390	0.001803	0.175390	0.001803	0.876951	0.001803	1.173218	13.526034	
2.000000	3.000000	0.000000	0.000000	0.000000	1.173255	0.000000	0.000000	0.000000	0.000000	0.000000	11.732548	1.673957	2.223445	0.000000	0.000000	0.000000	1.171761	0.066808	0.158367	0.000000	0.000000	0.000000	0.001660	0.171882	0.001660	0.171882	0.001660	0.859412	0.001660	1.173255	13.699437	
2.000000	3.000000	0.000000	0.000000	0.000000	1.173289	0.000000	0.000000	0.000000	0.000000	0.000000	11.732887	1.680502	2.238966	0.000000	0.000000	0.000000	1.171914	0.065446	0.155211	0.000000	0.000000	0.000000	0.001528	0.168445	0.001528	0.168445	0.001528	0.842224	0.001528	1.173289	13.877816	
2.000000	3.000000	0.000000	0.000000	0.000000	1.173320	0.000000	0.000000	0.000000	0.000000	0.000000	11.733199	1.686913	2.254178	0.000000	0.000000	0.000000	1.172054	0.064114	0.152117	0.000000	0.000000	0.000000	0.001406	0.165076	0.001406	0.165076	0.001406	0.825380	0.001406	1.173320	14.047730	
2.000000	3.000000	0.000000	0.000000	0.000000	1.173349	0.000000	0.000000	0.000000	0.000000	0.000000	11.733486	1.693194	2.269086	0.000000	0.000000	0.000000	1.172184	0.062810	0.149083	0.000000	0.000000	0.000000	0.001294	0.161774	0.001294	0.161774	0.001294	0.808872	0.001294	1.173349	14.230087	
2.000000	3.000000	0.000000	0.000000	0.000000	1.173375	0.000000	0.000000	0.000000	0.000000	0.000000	11.733750	1.699347	2.283697	0.000000	0.000000	0.000000	1.172303	0.061535	0.146109	0.000000	0.000000	0.000000	0.001191	0.158539	0.001191	0.158539	0.001191	0.792695	0.001191	1.173375	14.416293	
2.000000	3.000000	0.000000	0.000000	0.000000	1.173399	0.000000	0.000000	0.000000	0.000000	0.000000	11.733993	1.705376	2.298017	0.000000	0.000000	0.000000	1.172413	0.060288	0.143194	0.000000	0.000000	0.000000	0.001096	0.155368	0.001096	0.155368	0.001096	0.776841	0.001096	1.173399	14.596002	
2.000000	3.000000	0.000000	0.000000	0.000000	1.173422	0.000000	0.000000	0.000000	0.000000	0.000000	11.734217	1.711283	2.312050	0.000000	0.000000	0.000000	1.172513	0.059066	0.140337	0.000000	0.000000	0.000000	0.001009	0.152261	0.001009	0.152261	0.001009	0.761304	0.001009	1.173422	14.787325	
2.000000	3.000000	0.000000	0.000000	0.000000	1.173442	0.000000	0.000000	0.000000	0.000000	0.000000	11.734423	1.717070	2.325804	0.000000	0.000000	0.000000	1.172606	0.057871	0.137536	0.000000	0.000000	0.000000	0.000929	0.149216	0.000929	0.149216	0.000929	0.746078	0.000929	1.173442	14.959276	
2.000000	3.000000	0.000000	0.000000	0.000000	1.173461	0.000000	0.000000	0.000000	0.000000	0.000000	11.734612	1.722740	2.339283	0.000000	0.000000	0.000000	1.172692	0.056701	0.134791	0.000000	0.000000	0.000000	0.000855	0.146231	0.000855	0.146231	0.000855	0.731156	0.000855	1.173461	15.143783	
2.000000	3.000000	0.000000	0.000000	0.000000	1.173479	0.000000	0.000000	0.000000	0.000000	0.000000	11.734787	1.728296	2.352493	0.000000	0.000000	0.000000	1.172771	0.055556	0.132100	0.000000	0.000000	0.000000	0.000787	0.143307	0.000787	0.143307	0.000787	0.716533	0.000787	1.173479	15.346387	
2.000000	3.000000	0.000000	0.000000	0.000000	1.173495	0.000000	0.000000	0.000000	0.000000	0.000000	11.734947	1.733739	2.365439	0.000000	0.000000	0.000000	1.172843	0.054435	0.129462	0.000000	0.000000	0.000000	0.000724	0.140440	0.000724	0.140440	0.000724	0.702203	0.000724	1.173495	15.539155	
2.000000	3.000000	0.000000	0.000000	0.000000	1.173510	0.000000	0.000000	0.000000	0.000000	0.000000	11.735095	1.739073	2.378127	0.000000	0.000000	0.000000	1.172910	0.053337	0.126877	0.000000	0.000000	0.000000	0.000667	0.137632	0.000667	0.137632	0.000667	0.688159	0.000667	1.173510	15.739956	
2.000000	3.000000	0.000000	0.000000	0.000000	1.173523	0.000000	0.000000	0.000000	0.000000	0.000000	11.735231	1.744299	2.390561	0.000000	0.000000	0.000000	1.172971	0.052262	0.124343	0.000000	0.000000	0.000000	0.000614	0.134879	0.000614	0.134879	0.000614	0.674395	0.000614	1.173523	15.917596	
2.000000	3.000000	0.000000	0.000000	0.000000	1.173536	0.000000	0.000000	0.000000	0.000000	0.000000	11.735356	1.749420	2.402747	0.000000	0.000000	0.000000	1.173027	0.051209	0.121859	0.000000	0.000000	0.000000	0.000565	0.132181	0.000565	0.132181	0.000565	0.660908	0.000565	1.173536	16.111880	
2.000000	3.000000	0.000000	0.000000	0.000000	1.173547	0.000000	0.000000	0.000000	0.000000	0.000000	11.735472	1.754438	2.414689	0.000000	0.000000	0.000000	1.173079	0.050178	0.119425	0.000000	0.000000	0.000000	0.000520	0.129538	0.000520	0.129538	0.000520	0.647689	0.000520	1.173547	16.300075	
2.000000	3.000000	0.000000	0.000000	0.000000	1.173558	0.000000	0.000000	0.000000	0.000000	0.000000	11.735578	1.759355	2.426393	0.000000	0.000000	0.000000	1.173127	0.049168	0.117039	0.000000	0.000000	0.000000	0.000478	0.126947	0.000478	0.126947	0.000478	0.634736	0.000478	1.173558	16.494896	
2.000000	3.000000	0.000000	0.000000	0.000000	1.173568	0.000000	0.000000	0.000000	0.000000	0.000000	11.735675	1.764172	2.437863	0.000000	0.000000	0.000000	1.173171	0.048180	0.114700	0.000000	0.000000	0.000000	0.000440	0.124408	0.000440	0.124408	0.000440	0.622041	0.000440	1.173568	16.681220	
2.000000	3.000000	0.000000	0.000000	0.000000	1.173577	0.000000	0.000000	0.000000	0.000000	0.000000	11.735765	1.768894	2.449104	0.000000	0.000000	0.000000	1.173212	0.047211	0.112408	0.000000	0.000000	0.000000	0.000405	0.121920	0.000405	0.121920	0.000405	0.609600	0.000405	1.173577	16.885638	
2.000000	3.000000	0.000000	0.000000	0.000000	1.173585	0.000000	0.000000	0.000000	0.000000	0.000000	11.735848	1.773520	2.460120	0.000000	0.000000	0.000000	1.173249	0.046262	0.110162	0.000000	0.000000	0.000000	0.000373	0.119482	0.000373	0.119482	0.000373	0.597408	0.000373	1.173585	17.097305	
2.000000	3.000000	0.000000	0.000000	0.000000	1.173592	0.000000	0.000000	0.000000	0.000000	0.000000	11.735924	1.778053	2.470916	0.000000	0.000000	0.000000	1.173283	0.045333	0.107960	0.000000	0.000000	0.000000	0.000343	0.117092	0.000343	0.117092	0.000343	0.585460	0.000343	1.173592	17.288179	
2.000000	3.000000	0.000000	0.000000	0.000000	1.173599	0.000000	0.000000	0.000000	0.000000	0.000000	11.735994	1.782495	2.481497	0.000000	0.000000	0.000000	1.173315	0.044423	0.105803	0.000000	0.000000	0.000000	0.000316	0.114750	0.000316	0.114750	0.000316	0.573751	0.000316	1.173599	17.491929	
2.000000	3.000000	0.000000	0.000000	0.000000	1.173606	0.000000	0.000000	0.000000	0.000000	0.000000	11.736059	1.786849	2.491865	0.000000	0.000000	0.000000	1.173344	0.043531	0.103688	0.000000	0.000000	0.000000	0.000291	0.112455	0.000291	0.112455	0.000291	0.562276	0.000291	1.173606	17.673708	
2.000000	3.000000	0.000000	0.000000	0.000000	1.173612	0.000000	0.000000	0.000000	0.000000	0.000000	11.736118	1.791114	2.502027	0.000000	0.000000	0.000000	1.173371	0.042657	0.101615	0.000000	0.000000	0.000000	0.000268	0.110206	0.000268	0.110206	0.000268	0.551030	0.000268	1.173612	17.864731	
2.000000	3.000000	0.000000	0.000000	0.000000	1.173617	0.000000	0.000000	0.000000	0.000000	0.000000	11.736173	1.795294	2.511985	0.000000	0.000000	0.000000	1.173396	0.041802	0.099584	0.000000	0.000000	0.000000	0.000246	0.108002	0.000246	0.108002	0.000246	0.540010	0.000246	1.173617	18.052112	
2.000000	3.000000	0.000000	0.000000	0.000000	1.173622	0.000000	0.000000	0.000000	0.000000	0.000000	11.736223	1.799391	2.521745	0.000000	0.000000	0.000000	1.173418	0.040963	0.097594	0.000000	0.000000	0.000000	0.000227	0.105842	0.000227	0.105842	0.000227	0.529209	0.000227	1.173622	18.172785	
2.000000	3.000000	0.000000	0.000000	0.000000	1.173627	0.000000	0.000000	0.000000	0.000000	0.000000	11.736269	1.803405	2.531309	0.000000	0.000000	0.000000	1.173439	0.040142	0.095643	0.000000	0.000000	0.000000	0.000209	0.103725	0.000209	0.103725	0.000209	0.518625	0.000209	1.173627	18.298727	
2.000000	3.000000	0.000000	0.000000	0.000000	1.173631	0.000000	0.000000	0.000000	0.000000	0.000000	11.736312	1.807339	2.540682	0.000000	0.000000	0.000000	1.173458	0.039337	0.093731	0.000000	0.000000	0.000000	0.000192	0.101651	0.000192	0.101651	0.000192	0.508253	0.000192	1.173631	18.493513	
2.000000	3.000000	0.000000	0.000000	0.000000	1.173635	0.000000	0.000000	0.000000	0.000000	0.000000	11.736351	1.811194	2.549868	0.000000	0.000000	0.000000	1.173476	0.038549	0.091857	0.000000	0.000000	0.000000	0.000177	0.099618	0.000177	0.099618	0.000177	0.498088	0.000177	1.173635	18.681723	
2.000000	3.000000	0.000000	0.000000	0.000000	1.173639	0.000000	0.000000	0.000000	0.000000	0.000000	11.736387	1.814971	2.558870	0.000000	0.000000	0.000000	1.173492	0.037776	0.090020	0.000000	0.000000	0.000000	0.000163	0.097625	0.000163	0.097625	0.000163	0.488126	0.000163	1.173639	18.875868	
2.000000	3.000000	0.000000	0.000000	0.000000	1.173642	0.000000	0.000000	0.000000	0.000000	0.000000	11.736420	1.818673	2.567692	0.000000	0.000000	0.000000	1.173507	0.037019	0.088220	0.000000	0.000000	0.000000	0.000150	0.095673	0.000150	0.095673	0.000150	0.478363	0.000150	1.173642	19.061913	
2.000000	3.000000	0.000000	0.000000	0.000000	1.173645	0.000000	0.000000	0.000000	0.000000	0.000000	11.736451	1.822301	2.576338	0.000000	0.000000	0.000000	1.173521	0.036277	0.086457	0.000000	0.000000	0.000000	0.000138	0.093759	0.000138	0.093759	0.000138	0.468796	0.000138	1.173645	19.249715	
2.000000	3.000000	0.000000	0.000000	0.000000	1.173648	0.000000	0.000000	0.000000	0.000000	0.000000	11.736479	1.825856	2.584810	0.000000	0.000000	0.000000	1.173534	0.035551	0.084728	0.000000	0.000000	0.000000	0.000127	0.091884	0.000127	0.091884	0.000127	0.459420	0.000127	1.173648	19.435343	
2.000000	3.000000	0.000000	0.000000	0.000000	1.173650	0.000000	0.000000	0.000000	0.000000	0.000000	11.736505	1.829340	2.593114	0.000000	0.000000	0.000000	1.173545	0.034839	0.083034	0.000000	0.000000	0.000000	0.000117	0.090046	0.000117	0.090046	0.000117	0.450232	0.000117	1.173650	19.621367	
2.000000	3.000000	0.000000	0.000000	0.000000	1.173653	0.000000	0.000000	0.000000	0.000000	0.000000	11.736529	1.832754	2.601251	0.000000	0.000000	0.000000	1.173556	0.034141	0.081374	0.000000	0.000000	0.000000	0.000108	0.088245	0.000108	0.088245	0.000108	0.441227	0.000108	1.173653	19.825483	
2.000000	3.000000	0.000000	0.000000	0.000000	1.173655	0.000000	0.000000	0.000000	0.000000	0.000000	11.736551	1.836099	2.609226	0.000000	0.000000	0.000000	1.173566	0.033457	0.079746	0.000000	0.000000	0.000000	0.000099	0.086481	0.000099	0.086481	0.000099	0.432403	0.000099	1.173655	20.015173	
2.000000	3.000000	0.000000	0.000000	0.000000	1.173657	0.000000	0.000000	0.000000	0.000000	0.000000	11.736571	1.839378	2.617041	0.000000	0.000000	0.000000	1.173575	0.032787	0.078152	0.000000	0.000000	0.000000	0.000091	0.084751	0.000091	0.084751	0.000091	0.423755	0.000091	1.173657	20.206831	
2.000000	3.000000	0.000000	0.000000	0.000000	1.173659	0.000000	0.000000	0.000000	0.000000	0.000000	11.736589	1.842591	2.624700	0.000000	0.000000	0.000000	1.173583	0.032131	0.076589	0.000000	0.000000	0.000000	0.000084	0.083056	0.000084	0.083056	0.000084	0.415279	0.000084	1.173659	20.403811	
2.000000	3.000000	0.000000	0.000000	0.000000	1.173661	0.000000	0.000000	0.000000	0.000000	0.000000	11.736606	1.845740	2.632206	0.000000	0.000000	0.000000	1.173591	0.031488	0.075058	0.000000	0.000000	0.000000	0.000077	0.081395	0.000077	0.081395	0.000077	0.406974	0.000077	1.173661	20.598924	
2.000000	3.000000	0.000000	0.000000	0.000000	1.173662	0.000000	0.000000	0.000000	0.000000	0.000000	11.736622	1.848826	2.639561	0.000000	0.000000	0.000000	1.173598	0.030857	0.073557	0.000000	0.000000	0.000000	0.000071	0.079767	0.000071	0.079767	0.000071	0.398834	0.000071	1.173662	20.777942	
2.000000	3.000000	0.000000	0.000000	0.000000	1.173664	0.000000	0.000000	0.000000	0.000000	0.000000	11.736637	1.851850	2.646770	0.000000	0.000000	0.000000	1.173605	0.030240	0.072086	0.000000	0.000000	0.000000	0.000065	0.078172	0.000065	0.078172	0.000065	0.390858	0.000065	1.173664	20.960913	
2.000000	3.000000	0.000000	0.000000	0.000000	1.173665	0.000000	0.000000	0.000000	0.000000	0.000000	11.736650	1.854813	2.653834	0.000000	0.000000	0.000000	1.173611	0.029634	0.070644	0.000000	0.000000	0.000000	0.000060	0.076608	0.000060	0.076608	0.000060	0.383041	0.000060	1.173665	21.171354	
2.000000	3.000000	0.000000	0.000000	0.000000	1.173666	0.000000	0.000000	0.000000	0.000000	0.000000	11.736662	1.857717	2.660757	0.000000	0.000000	0.000000	1.173616	0.029041	0.069232	0.000000	0.000000	0.000000	0.000055	0.075076	0.000055	0.075076	0.000055	0.375380	0.000055	1.173666	21.361280	
2.000000	3.000000	0.000000	0.000000	0.000000	1.173667	0.000000	0.000000	0.000000	0.000000	0.000000	11.736674	1.860563	2.667542	0.000000	0.000000	0.000000	1.173621	0.028460	0.067847	0.000000	0.000000	0.000000	0.000051	0.073574	0.000051	0.073574	0.000051	0.367872	0.000051	1.173667	21.556699	
2.000000	3.000000	0.000000	0.000000	0.000000	1.173668	0.000000	0.000000	0.000000	0.000000	0.000000	11.736684	1.863352	2.674191	0.000000	0.000000	0.000000	1.173626	0.027890	0.066490	0.000000	0.000000	0.000000	0.000047	0.072103	0.000047	0.072103	0.000047	0.360515	0.000047	1.173668	21.747167	
2.000000	3.000000	0.000000	0.000000	0.000000	1.173669	0.000000	0.000000	0.000000	0.000000	0.000000	11.736694	1.866086	2.680707	0.000000	0.000000	0.000000	1.173631	0.027332	0.065161	0.000000	0.000000	0.000000	0.000043	0.070661	0.000043	0.070661	0.000043	0.353304	0.000043	1.173669	21.948633	
2.000000	3.000000	0.000000	0.000000	0.000000	1.173670	0.000000	0.000000	0.000000	0.000000	0.000000	11.736702	1.868764	2.687093	0.000000	0.000000	0.000000	1.173634	0.026785	0.063857	0.000000	0.000000	0.000000	0.000040	0.069248	0.000040	0.069248	0.000040	0.346238	0.000040	1.173670	22.139741	
2.000000	3.000000	0.000000	0.000000	0.000000	1.173671	0.000000	0.000000	0.000000	0.000000	0.000000	11.736710	1.871389	2.693351	0.000000	0.000000	0.000000	1.173638	0.026249	0.062580	0.000000	0.000000	0.000000	0.000037	0.067863	0.000037	0.067863	0.000037	0.339314	0.000037	1.173671	22.326794	
2.000000	3.000000	0.000000	0.000000	0.000000	1.173672	0.000000	0.000000	0.000000	0.000000	0.000000	11.736718	1.873961	2.699484	0.000000	0.000000	0.000000	1.173641	0.025724	0.061329	0.000000	0.000000	0.000000	0.000034	0.066505	0.000034	0.066505	0.000034	0.332527	0.000034	1.173672	22.522224	
2.000000	3.000000	0.000000	0.000000	0.000000	1.173672	0.000000	0.000000	0.000000	0.000000	0.000000	11.736725	1.876482	2.705494	0.000000	0.000000	0.000000	1.173645	0.025210	0.060102	0.000000	0.000000	0.000000	0.000031	0.065175	0.000031	0.065175	0.000031	0.325877	0.000031	1.173672	22.722715	
2.000000	3.000000	0.000000	0.000000	0.000000	1.173673	0.000000	0.000000	0.000000	0.000000	0.000000	11.736731	1.878953	2.711384	0.000000	0.000000	0.000000	1.173647	0.024705	0.058900	0.000000	0.000000	0.000000	0.000029	0.063872	0.000029	0.063872	0.000029	0.319359	0.000029	1.173673	22.926767	
2.000000	3.000000	0.000000	0.000000	0.000000	1.173674	0.000000	0.000000	0.000000	0.000000	0.000000	11.736737	1.881374	2.717156	0.000000	0.000000	0.000000	1.173650	0.024211	0.057723	0.000000	0.000000	0.000000	0.000026	0.062594	0.000026	0.062594	0.000026	0.312972	0.000026	1.173674	23.116003	
2.000000	3.000000	0.000000	0.000000	0.000000	1.173674	0.000000	0.000000	0.000000	0.000000	0.000000	11.736742	1.883747	2.722813	0.000000	0.000000	0.000000	1.173652	0.023727	0.056568	0.000000	0.000000	0.000000	0.000024	0.061343	0.000024	0.061343	0.000024	0.306713	0.000024	1.173674	23.295182	
2.000000	3.000000	0.000000	0.000000	0.000000	1.173675	0.000000	0.000000	0.000000	0.000000	0.000000	11.736747	1.886072	2.728357	0.000000	0.000000	0.000000	1.173655	0.023252	0.055437	0.000000	0.000000	0.000000	0.000022	0.060116	0.000022	0.060116	0.000022	0.300578	0.000022	1.173675	23.508991	
2.000000	3.000000	0.000000	0.000000	0.000000	1.173675	0.000000	0.000000	0.000000	0.000000	0.000000	11.736752	1.888351	2.733790	0.000000	0.000000	0.000000	1.173657	0.022787	0.054328	0.000000	0.000000	0.000000	0.000020	0.058913	0.000020	0.058913	0.000020	0.294567	0.000020	1.173675	23.700176	
2.000000	3.000000	0.000000	0.000000	0.000000	1.173676	0.000000	0.000000	0.000000	0.000000	0.000000	11.736756	1.890584	2.739114	0.000000	0.000000	0.000000	1.173659	0.022331	0.053242	0.000000	0.000000	0.000000	0.000019	0.057735	0.000019	0.057735	0.000019	0.288675	0.000019	1.173676	23.891865	
2.000000	3.000000	0.000000	0.000000	0.000000	1.173676	0.000000	0.000000	0.000000	0.000000	0.000000	11.736760	1.892772	2.744332	0.000000	0.000000	0.000000	1.173660	0.021884	0.052177	0.000000	0.000000	0.000000	0.000017	0.056580	0.000017	0.056580	0.000017	0.282902	0.000017	1.173676	24.088929	
2.000000	3.000000	0.000000	0.000000	0.000000	1.173676	0.000000	0.000000	0.000000	0.000000	0.000000	11.736763	1.894917	2.749445	0.000000	0.000000	0.000000	1.173662	0.021446	0.051133	0.000000	0.000000	0.000000	0.000016	0.055449	0.000016	0.055449	0.000016	0.277244	0.000016	1.173676	24.293246	
2.000000	3.000000	0.000000	0.000000	0.000000	1.173677	0.000000	0.000000	0.000000	0.000000	0.000000	11.736767	1.897018	2.754456	0.000000	0.000000	0.000000	1.173663	0.021017	0.050111	0.000000	0.000000	0.000000	0.000015	0.054340	0.000015	0.054340	0.000015	0.271699	0.000015	1.173677	24.498670	
2.000000	3.000000	0.000000	0.000000	0.000000	1.173677	0.000000	0.000000	0.000000	0.000000	0.000000	11.736770	1.899078	2.759367	0.000000	0.000000	0.000000	1.173665	0.020597	0.049109	0.000000	0.000000	0.000000	0.000014	0.053253	0.000014	0.053253	0.000014	0.266265	0.000014	1.173677	24.700765	
2.000000	3.000000	0.000000	0.000000	0.000000	1.173677	0.000000	0.000000	0.000000	0.000000	0.000000	11.736772	1.901097	2.764179	0.000000	0.000000	0.000000	1.173666	0.020185	0.048126	0.000000	0.000000	0.000000	0.000012	0.052188	0.000012	0.052188	0.000012	0.260940	0.000012	1.173677	24.900720	
2.000000	3.000000	0.000000	0.000000	0.000000	1.173677	0.000000	0.000000	0.000000	0.000000	0.000000	11.736775	1.903075	2.768896	0.000000	0.000000	0.000000	1.173667	0.019781	0.047164	0.000000	0.000000	0.000000	0.000011	0.051144	0.000011	0.051144	0.000011	0.255721	0.000011	1.173677	25.090751	
2.000000	3.000000	0.000000	0.000000	0.000000	1.173678	0.000000	0.000000	0.000000	0.000000	0.000000	11.736777	1.905013	2.773518	0.000000	0.000000	0.000000	1.173668	0.019386	0.046221	0.000000	0.000000	0.000000	0.000011	0.050121	0.000011	0.050121	0.000011	0.250607	0.000011	1.173678	25.295564	
2.000000	3.000000	0.000000	0.000000	0.000000	1.173678	0.000000	0.000000	0.000000	0.000000	0.000000	11.736779	1.906913	2.778048	0.000000	0.000000	0.000000	1.173669	0.018998	0.045296	0.000000	0.000000	0.000000	0.000010	0.049119	0.000010	0.049119	0.000010	0.245594	0.000010	1.173678	25.486194	
2.000000	3.000000	0.000000	0.000000	0.000000	1.173678	0.000000	0.000000	0.000000	0.000000	0.000000	11.736781	1.908775	2.782487	0.000000	0.000000	0.000000	1.173670	0.018618	0.044390	0.000000	0.000000	0.000000	0.000009	0.048136	0.000009	0.048136	0.000009	0.240682	0.000009	1.173678	25.690508	
2.000000	3.000000	0.000000	0.000000	0.000000	1.173678	0.000000	0.000000	0.000000	0.000000	0.000000	11.736783	1.910599	2.786837	0.000000	0.000000	0.000000	1.173671	0.018245	0.043503	0.000000	0.000000	0.000000	0.000008	0.047174	0.000008	0.047174	0.000008	0.235869	0.000008	1.173678	25.880826	
2.000000	3.000000	0.000000	0.000000	0.000000	1.173678	0.000000	0.000000	0.000000	0.000000	0.000000	11.736785	1.912387	2.791100	0.000000	0.000000	0.000000	1.173672	0.017880	0.042632	0.000000	0.000000	0.000000	0.000008	0.046230	0.000008	0.046230	0.000008	0.231151	0.000008	1.173678	26.079916	
2.000000	3.000000	0.000000	0.000000	0.000000	1.173679	0.000000	0.000000	0.000000	0.000000	0.000000	11.736786	1.914140	2.795278	0.000000	0.000000	0.000000	1.173672	0.017523	0.041780	0.000000	0.000000	0.000000	0.000007	0.045306	0.000007	0.045306	0.000007	0.226528	0.000007	1.173679	26.270393	
2.000000	3.000000	0.000000	0.000000	0.000000	1.173679	0.000000	0.000000	0.000000	0.000000	0.000000	11.736788	1.915857	2.799373	0.000000	0.000000	0.000000	1.173673	0.017172	0.040944	0.000000	0.000000	0.000000	0.000006	0.044400	0.000006	0.044400	0.000006	0.221998	0.000006	1.173679	26.470576	
2.000000	3.000000	0.000000	0.000000	0.000000	1.173679	0.000000	0.000000	0.000000	0.000000	0.000000	11.736789	1.917540	2.803385	0.000000	0.000000	0.000000	1.173674	0.016829	0.040125	0.000000	0.000000	0.000000	0.000006	0.043512	0.000006	0.043512	0.000006	0.217558	0.000006	1.173679	26.671050	
2.000000	3.000000	0.000000	0.000000	0.000000	1.173679	0.000000	0.000000	0.000000	0.000000	0.000000	11.736790	1.919189	2.807317	0.000000	0.000000	0.000000	1.173674	0.016492	0.039323	0.000000	0.000000	0.000000	0.000005	0.042641	0.000005	0.042641	0.000005	0.213207	0.000005	1.173679	26.875150	
2.000000	3.000000	0.000000	0.000000	0.000000	1.173679	0.000000	0.000000	0.000000	0.000000	0.000000	11.736791	1.920805	2.811171	0.000000	0.000000	0.000000	1.173675	0.016162	0.038536	0.000000	0.000000	0.000000	0.000005	0.041789	0.000005	0.041789	0.000005	0.208943	0.000005	1.173679	26.993789	
2.000000	3.000000	0.000000	0.000000	0.000000	1.173679	0.000000	0.000000	0.000000	0.000000	0.000000	11.736792	1.922389	2.814948	0.000000	0.000000	0.000000	1.173675	0.015839	0.037766	0.000000	0.000000	0.000000	0.000005	0.040953	0.000005	0.040953	0.000005	0.204764	0.000005	1.173679	27.199702	
2.000000	3.000000	0.000000	0.000000	0.000000	1.173679	0.000000	0.000000	0.000000	0.000000	0.000000	11.736793	1.923941	2.818649	0.000000	0.000000	0.000000	1.173676	0.015522	0.037010	0.000000	0.000000	0.000000	0.000004	0.040134	0.000004	0.040134	0.000004	0.200668	0.000004	1.173679	27.393473	
2.000000	3.000000	0.000000	0.000000	0.000000	1.173679	0.000000	0.000000	0.000000	0.000000	0.000000	11.736794	1.925463	2.822276	0.000000	0.000000	0.000000	1.173676	0.015212	0.036270	0.000000	0.000000	0.000000	0.000004	0.039331	0.000004	0.039331	0.000004	0.196655	0.000004	1.173679	27.590511	
2.000000	3.000000	0.000000	0.000000	0.000000	1.173680	0.000000	0.000000	0.000000	0.000000	0.000000	11.736795	1.926953	2.825830	0.000000	0.000000	0.000000	1.173676	0.014908	0.035545	0.000000	0.000000	0.000000	0.000004	0.038544	0.000004	0.038544	0.000004	0.192722	0.000004	1.173680	27.778615	
2.000000	3.000000	0.000000	0.000000	0.000000	1.173680	0.000000	0.000000	0.000000	0.000000	0.000000	11.736796	1.928414	2.829314	0.000000	0.000000	0.000000	1.173677	0.014609	0.034834	0.000000	0.000000	0.000000	0.000003	0.037774	0.000003	0.037774	0.000003	0.188868	0.000003	1.173680	27.969633	
2.000000	3.000000	0.000000	0.000000	0.000000	1.173680	0.000000	0.000000	0.000000	0.000000	0.000000	11.736796	1.929846	2.832727	0.000000	0.000000	0.000000	1.173677	0.014317	0.034137	0.000000	0.000000	0.000000	0.000003	0.037018	0.000003	0.037018	0.000003	0.185090	0.000003	1.173680	28.158013	
2.000000	3.000000	0.000000	0.000000	0.000000	1.173680	0.000000	0.000000	0.000000	0.000000	0.000000	11.736797	1.931249	2.836073	0.000000	0.000000	0.000000	1.173677	0.014031	0.033455	0.000000	0.000000	0.000000	0.000003	0.036278	0.000003	0.036278	0.000003	0.181388	0.000003	1.173680	28.340309	
2.000000	3.000000	0.000000	0.000000	0.000000	1.173680	0.000000	0.000000	0.000000	0.000000	0.000000	11.736798	1.932624	2.839351	0.000000	0.000000	0.000000	1.173677	0.013750	0.032785	0.000000	0.000000	0.000000	0.000003	0.035552	0.000003	0.035552	0.000003	0.177761	0.000003	1.173680	28.545017	
2.000000	3.000000	0.000000	0.000000	0.000000	1.173680	0.000000	0.000000	0.000000	0.000000	0.000000	11.736798	1.933972	2.842564	0.000000	0.000000	0.000000	1.173678	0.013475	0.032130	0.000000	0.000000	0.000000	0.000002	0.034841	0.000002	0.034841	0.000002	0.174205	0.000002	1.173680	28.749831	
2.000000	3.000000	0.000000	0.000000	0.000000	1.173680	0.000000	0.000000	0.000000	0.000000	0.000000	11.736799	1.935292	2.845713	0.000000	0.000000	0.000000	1.173678	0.013206	0.031487	0.000000	0.000000	0.000000	0.000002	0.034144	0.000002	0.034144	0.000002	0.170721	0.000002	1.173680	28.951747	
2.000000	3.000000	0.000000	0.000000	0.000000	1.173680	0.000000	0.000000	0.000000	0.000000	0.000000	11.736799	1.936586	2.848799	0.000000	0.000000	0.000000	1.173678	0.012942	0.030857	0.000000	0.000000	0.000000	0.000002	0.033461	0.000002	0.033461	0.000002	0.167307	0.000002	1.173680	29.152173	
2.000000	3.000000	0.000000	0.000000	0.000000	1.173680	0.000000	0.000000	0.000000	0.000000	0.000000	11.736800	1.937855	2.851823	0.000000	0.000000	0.000000	1.173678	0.012683	0.030240	0.000000	0.000000	0.000000	0.000002	0.032792	0.000002	0.032792	0.000002	0.163961	0.000002	1.173680	29.357002	
2.000000	3.000000	0.000000	0.000000	0.000000	1.173680	0.000000	0.000000	0.000000	0.000000	0.000000	11.736800	1.939098	2.854786	0.000000	0.000000	0.000000	1.173678	0.012429	0.029635	0.000000	0.000000	0.000000	0.000002	0.032136	0.000002	0.032136	0.000002	0.160682	0.000002	1.173680	29.559441	
2.000000	3.000000	0.000000	0.000000	0.000000	1.173680	0.000000	0.000000	0.000000	0.000000	0.000000	11.736800	1.940316	2.857690	0.000000	0.000000	0.000000	1.173679	0.012181	0.029043	0.000000	0.000000	0.000000	0.000002	0.031494	0.000002	0.031494	0.000002	0.157468	0.000002	1.173680	29.754171	
2.000000	3.000000	0.000000	0.000000	0.000000	1.173680	0.000000	0.000000	0.000000	0.000000	0.000000	11.736801	1.941509	2.860537	0.000000	0.000000	0.000000	1.173679	0.011937	0.028462	0.000000	0.000000	0.000000	0.000001	0.030864	0.000001	0.030864	0.000001	0.154319	0.000001	1.173680	29.950501	
2.000000	3.000000	0.000000	0.000000	0.000000	1.173680	0.000000	0.000000	0.000000	0.000000	0.000000	11.736801	1.942679	2.863326	0.000000	0.000000	0.000000	1.173679	0.011698	0.027893	0.000000	0.000000	0.000000	0.000001	0.030246	0.000001	0.030246	0.000001	0.151232	0.000001	1.173680	30.142225	
2.000000	3.000000	0.000000	0.000000	0.000000	1.173680	0.000000	0.000000	0.000000	0.000000	0.000000	11.736801	1.943826	2.866059	0.000000	0.000000	0.000000	1.173679	0.011464	0.027335	0.000000	0.000000	0.000000	0.000001	0.029642	0.000001	0.029642	0.000001	0.148208	0.000001	1.173680	30.337316	
2.000000	3.000000	0.000000	0.000000	0.000000	1.173680	0.000000	0.000000	0.000000	0.000000	0.000000	11.736801	1.944949	2.868738	0.000000	0.000000	0.000000	1.173679	0.011235	0.026788	0.000000	0.000000	0.000000	0.000001	0.029049	0.000001	0.029049	0.000001	0.145243	0.000001	1.173680	30.534392	
2.000000	3.000000	0.000000	0.000000	0.000000	1.173680	0.000000	0.000000	0.000000	0.000000	0.000000	11.736802	1.946050	2.871363	0.000000	0.000000	0.000000	1.173679	0.011010	0.026252	0.000000	0.000000	0.000000	0.000001	0.028468	0.000001	0.028468	0.000001	0.142339	0.000001	1.173680	30.731133	
2.000000	3.000000	0.000000	0.000000	0.000000	1.173680	0.000000	0.000000	0.000000	0.000000	0.000000	11.736802	1.947129	2.873936	0.000000	0.000000	0.000000	1.173679	0.010790	0.025727	0.000000	0.000000	0.000000	0.000001	0.027898	0.000001	0.027898	0.000001	0.139492	0.000001	1.173680	30.916590	
2.000000	3.000000	0.000000	0.000000	0.000000	1.173680	0.000000	0.000000	0.000000	0.000000	0.000000	11.736802	1.948187	2.876457	0.000000	0.000000	0.000000	1.173679	0.010574	0.025213	0.000000	0.000000	0.000000	0.000001	0.027340	0.000001	0.027340	0.000001	0.136702	0.000001	1.173680	31.124644	
2.000000	3.000000	0.000000	0.000000	0.000000	1.173680	0.000000	0.000000	0.000000	0.000000	0.000000	11.736802	1.949223	2.878928	0.000000	0.000000	0.000000	1.173679	0.010363	0.024708	0.000000	0.000000	0.000000	0.000001	0.026794	0.000001	0.026794	0.000001	0.133968	0.000001	1.173680	31.319337	
2.000000	3.000000	0.000000	0.000000	0.000000	1.173680	0.000000	0.000000	0.000000	0.000000	0.000000	11.736802	1.950238	2.881350	0.000000	0.000000	0.000000	1.173680	0.010155	0.024214	0.000000	0.000000	0.000000	0.000001	0.026258	0.000001	0.026258	0.000001	0.131289	0.000001	1.173680	31.519804	
2.000000	3.000000	0.000000	0.000000	0.000000	1.173680	0.000000	0.000000	0.000000	0.000000	0.000000	11.736803	1.951234	2.883723	0.000000	0.000000	0.000000	1.173680	0.009952	0.023730	0.000000	0.000000	0.000000	0.000001	0.025733	0.000001	0.025733	0.000001	0.128663	0.000001	1.173680	31.714814	
2.000000	3.000000	0.000000	0.000000	0.000000	1.173680	0.000000	0.000000	0.000000	0.000000	0.000000	11.736803	1.952209	2.886048	0.000000	0.000000	0.000000	1.173680	0.009753	0.023255	0.000000	0.000000	0.000000	0.000001	0.025218	0.000001	0.025218	0.000001	0.126089	0.000001	1.173680	31.914878	
2.000000	3.000000	0.000000	0.000000	0.000000	1.173680	0.000000	0.000000	0.000000	0.000000	0.000000	11.736803	1.953165	2.888327	0.000000	0.000000	0.000000	1.173680	0.009558	0.022790	0.000000	0.000000	0.000000	0.000001	0.024714	0.000001	0.024714	0.000001	0.123568	0.000001	1.173680	32.111219	
2.000000	3.000000	0.000000	0.000000	0.000000	1.173680	0.000000	0.000000	0.000000	0.000000	0.000000	11.736803	1.954101	2.890561	0.000000	0.000000	0.000000	1.173680	0.009367	0.022335	0.000000	0.000000	0.000000	0.000001	0.024219	0.000001	0.024219	0.000001	0.121096	0.000001	1.173680	32.322278	
2.000000	3.000000	0.000000	0.000000	0.000000	1.173680	0.000000	0.000000	0.000000	0.000000	0.000000	11.736803	1.955019	2.892750	0.000000	0.000000	0.000000	1.173680	0.009180	0.021888	0.000000	0.000000	0.000000	0.000000	0.023735	0.000000	0.023735	0.000000	0.118674	0.000000	1.173680	32.529192	
2.000000	3.000000	0.000000	0.000000	0.000000	1.173680	0.000000	0.000000	0.000000	0.000000	0.000000	11.736803	1.955919	2.894895	0.000000	0.000000	0.000000	1.173680	0.008996	0.021450	0.000000	0.000000	0.000000	0.000000	0.023260	0.000000	0.023260	0.000000	0.116301	0.000000	1.173680	32.738089	
2.000000	3.000000	0.000000	0.000000	0.000000	1.173680	0.000000	0.000000	0.000000	0.000000	0.000000	11.736803	1.956801	2.896997	0.000000	0.000000	0.000000	1.173680	0.008816	0.021021	0.000000	0.000000	0.000000	0.000000	0.022795	0.000000	0.022795	0.000000	0.113975	0.000000	1.173680	32.940514	
2.000000	3.000000	0.000000	0.000000	0.000000	1.173680	0.000000	0.000000	0.000000	0.000000	0.000000	11.736803	1.957665	2.899057	0.000000	0.000000	0.000000	1.173680	0.008640	0.020601	0.000000	0.000000	0.000000	0.000000	0.022339	0.000000	0.022339	0.000000	0.111695	0.000000	1.173680	33.149994	
2.000000	3.000000	0.000000	0.000000	0.000000	1.173680	0.000000	0.000000	0.000000	0.000000	0.000000	11.736803	1.958511	2.901076	0.000000	0.000000	0.000000	1.173680	0.008467	0.020189	0.000000	0.000000	0.000000	0.000000	0.021892	0.000000	0.021892	0.000000	0.109462	0.000000	1.173680	33.356994	
2.000000	3.000000	0.000000	0.000000	0.000000	1.173680	0.000000	0.000000	0.000000	0.000000	0.000000	11.736803	1.959341	2.903054	0.000000	0.000000	0.000000	1.173680	0.008298	0.019785	0.000000	0.000000	0.000000	0.000000	0.021454	0.000000	0.021454	0.000000	0.107272	0.000000	1.173680	33.557518	
2.000000	3.000000	0.000000	0.000000	0.000000	1.173680	0.000000	0.000000	0.000000	0.000000	0.000000	11.736803	1.960154	2.904993	0.000000	0.000000	0.000000	1.173680	0.008132	0.019389	0.000000	0.000000	0.000000	0.000000	0.021025	0.000000	0.021025	0.000000	0.105127	0.000000	1.173680	33.762811	
2.000000	3.000000	0.000000	0.000000	0.000000	1.173680	0.000000	0.000000	0.000000	0.000000	0.000000	11.736804	1.960951	2.906893	0.000000	0.000000	0.000000	1.173680	0.007969	0.019001	0.000000	0.000000	0.000000	0.000000	0.020605	0.000000	0.020605	0.000000	0.103024	0.000000	1.173680	33.959900	
2.000000	3.000000	0.000000	0.000000	0.000000	1.173680	0.000000	0.000000	0.000000	0.000000	0.000000	11.736804	1.961732	2.908755	0.000000	0.000000	0.000000	1.173680	0.007810	0.018621	0.000000	0.000000	0.000000	0.000000	0.020193	0.000000	0.020193	0.000000	0.100964	0.000000	1.173680	34.154137	
2.000000	3.000000	0.000000	0.000000	0.000000	1.173680	0.000000	0.000000	0.000000	0.000000	0.000000	11.736804	1.962498	2.910580	0.000000	0.000000	0.000000	1.173680	0.007654	0.018249	0.000000	0.000000	0.000000	0.000000	0.019789	0.000000	0.019789	0.000000	0.098945	0.000000	1.173680	34.373038	
2.000000	3.000000	0.000000	0.000000	0.000000	1.173680	0.000000	0.000000	0.000000	0.000000	0.000000	11.736804	1.963248	2.912369	0.000000	0.000000	0.000000	1.173680	0.007500	0.017884	0.000000	0.000000	0.000000	0.000000	0.019393	0.000000	0.019393	0.000000	0.096966	0.000000	1.173680	34.579510	
2.000000	3.000000	0.000000	0.000000	0.000000	1.173680	0.000000	0.000000	0.000000	0.000000	0.000000	11.736804	1.963983	2.914121	0.000000	0.000000	0.000000	1.173680	0.007350	0.017526	0.000000	0.000000	0.000000	0.000000	0.019005	0.000000	0.019005	0.000000	0.095026	0.000000	1.173680	34.697613	
2.000000	3.000000	0.000000	0.000000	0.000000	1.173680	0.000000	0.000000	0.000000	0.000000	0.000000	11.736804	1.964703	2.915839	0.000000	0.000000	0.000000	1.173680	0.007203	0.017176	0.000000	0.000000	0.000000	0.000000	0.018625	0.000000	0.018625	0.000000	0.093126	0.000000	1.173680	34.922906	
2.000000	3.000000	0.000000	0.000000	0.000000	1.173680	0.000000	0.000000	0.000000	0.000000	0.000000	11.736804	1.965409	2.917522	0.000000	0.000000	0.000000	1.173680	0.007059	0.016832	0.000000	0.000000	0.000000	0.000000	0.018253	0.000000	0.018253	0.000000	0.091263	0.000000	1.173680	35.129824	
2.000000	3.000000	0.000000	0.000000	0.000000	1.173680	0.000000	0.000000	0.000000	0.000000	0.000000	11.736804	1.966101	2.919172	0.000000	0.000000	0.000000	1.173680	0.006918	0.016496	0.000000	0.000000	0.000000	0.000000	0.017888	0.000000	0.017888	0.000000	0.089438	0.000000	1.173680	35.336404	
2.000000	3.000000	0.000000	0.000000	0.000000	1.173680	0.000000	0.000000	0.000000	0.000000	0.000000	11.736804	1.966779	2.920788	0.000000	0.000000	0.000000	1.173680	0.006780	0.016166	0.000000	0.000000	0.000000	0.000000	0.017530	0.000000	0.017530	0.000000	0.087649	0.000000	1.173680	35.539293	
2.000000	3.000000	0.000000	0.000000	0.000000	1.173680	0.000000	0.000000	0.000000	0.000000	0.000000	11.736804	1.967443	2.922372	0.000000	0.000000	0.000000	1.173680	0.006644	0.015842	0.000000	0.000000	0.000000	0.000000	0.017179	0.000000	0.017179	0.000000	0.085896	0.000000	1.173680	35.741673	
2.000000	3.000000	0.000000	0.000000	0.000000	1.173680	0.000000	0.000000	0.000000	0.000000	0.000000	11.736804	1.968094	2.923925	0.000000	0.000000	0.000000	1.173680	0.006511	0.015526	0.000000	0.000000	0.000000	0.000000	0.016836	0.000000	0.016836	0.000000	0.084178	0.000000	1.173680	35.943189	
2.000000	3.000000	0.000000	0.000000	0.000000	1.173680	0.000000	0.000000	0.000000	0.000000	0.000000	11.736804	1.968732	2.925446	0.000000	0.000000	0.000000	1.173680	0.006381	0.015215	0.000000	0.000000	0.000000	0.000000	0.016499	0.000000	0.016499	0.000000	0.082495	0.000000	1.173680	36.179890	
2.000000	3.000000	0.000000	0.000000	0.000000	1.173680	0.000000	0.000000	0.000000	0.000000	0.000000	11.736804	1.969358	2.926938	0.000000	0.000000	0.000000	1.173680	0.006254	0.014911	0.000000	0.000000	0.000000	0.000000	0.016169	0.000000	0.016169	0.000000	0.080845	0.000000	1.173680	36.387186	
2.000000	3.000000	0.000000	0.000000	0.000000	1.173680	0.000000	0.000000	0.000000	0.000000	0.000000	11.736804	1.969971	2.928399	0.000000	0.000000	0.000000	1.173680	0.006128	0.014612	0.000000	0.000000	0.000000	0.000000	0.015846	0.000000	0.015846	0.000000	0.079228	0.000000	1.173680	36.592829	
2.000000	3.000000	0.000000	0.000000	0.000000	1.173680	0.000000	0.000000	0.000000	0.000000	0.000000	11.736804	1.970571	2.929831	0.000000	0.000000	0.000000	1.173680	0.006006	0.014320	0.000000	0.000000	0.000000	0.000000	0.015529	0.000000	0.015529	0.000000	0.077643	0.000000	1.173680	36.798520	
2.000000	3.000000	0.000000	0.000000	0.000000	1.173680	0.000000	0.000000	0.000000	0.000000	0.000000	11.736804	1.971160	2.931234	0.000000	0.000000	0.000000	1.173680	0.005886	0.014034	0.000000	0.000000	0.000000	0.000000	0.015218	0.000000	0.015218	0.000000	0.076091	0.000000	1.173680	37.004939	
2.000000	3.000000	0.000000	0.000000	0.000000	1.173680	0.000000	0.000000	0.000000	0.000000	0.000000	11.736804	1.971737	2.932609	0.000000	0.000000	0.000000	1.173680	0.005768	0.013753	0.000000	0.000000	0.000000	0.000000	0.014914	0.000000	0.014914	0.000000	0.074569	0.000000	1.173680	37.205299	
2.000000	3.000000	0.000000	0.000000	0.000000	1.173680	0.000000	0.000000	0.000000	0.000000	0.000000	11.736804	1.972302	2.933957	0.000000	0.000000	0.000000	1.173680	0.005653	0.013478	0.000000	0.000000	0.000000	0.000000	0.014615	0.000000	0.014615	0.000000	0.073077	0.000000	1.173680	37.421108	
2.000000	3.000000	0.000000	0.000000	0.000000	1.173680	0.000000	0.000000	0.000000	0.000000	0.000000	11.736804	1.972856	2.935278	0.000000	0.000000	0.000000	1.173680	0.005540	0.013209	0.000000	0.000000	0.000000	0.000000	0.014323	0.000000	0.014323	0.000000	0.071616	0.000000	1.173680	37.643616	
2.000000	3.000000	0.000000	0.000000	0.000000	1.173680	0.000000	0.000000	0.000000	0.000000	0.000000	11.736804	1.973399	2.936573	0.000000	0.000000	0.000000	1.173680	0.005429	0.012944	0.000000	0.000000	0.000000	0.000000	0.014037	0.000000	0.014037	0.000000	0.070184	0.000000	1.173680	37.862054	
2.000000	3.000000	0.000000	0.000000	0.000000	1.173680	0.000000	0.000000	0.000000	0.000000	0.000000	11.736804	1.973931	2.937841	0.000000	0.000000	0.000000	1.173680	0.005320	0.012685	0.000000	0.000000	0.000000	0.000000	0.013756	0.000000	0.013756	0.000000	0.068780	0.000000	1.173680	38.067876	
2.000000	3.000000	0.000000	0.000000	0.000000	1.173680	0.000000	0.000000	0.000000	0.000000	0.000000	11.736804	1.974452	2.939084	0.000000	0.000000	0.000000	1.173680	0.005214	0.012432	0.000000	0.000000	0.000000	0.000000	0.013481	0.000000	0.013481	0.000000	0.067404	0.000000	1.173680	38.289833	
2.000000	3.000000	0.000000	0.000000	0.000000	1.173680	0.000000	0.000000	0.000000	0.000000	0.000000	11.736804	1.974963	2.940303	0.000000	0.000000	0.000000	1.173680	0.005110	0.012183	0.000000	0.000000	0.000000	0.000000	0.013211	0.000000	0.013211	0.000000	0.066056	0.000000	1.173680	38.505614	
2.000000	3.000000	0.000000	0.000000	0.000000	1.173680	0.000000	0.000000	0.000000	0.000000	0.000000	11.736804	1.975464	2.941497	0.000000	0.000000	0.000000	1.173680	0.005007	0.011939	0.000000	0.000000	0.000000	0.000000	0.012947	0.000000	0.012947	0.000000	0.064735	0.000000	1.173680	38.723778	
2.000000	3.000000	0.000000	0.000000	0.000000	1.173680	0.000000	0.000000	0.000000	0.000000	0.000000	11.736804	1.975955	2.942667	0.000000	0.000000	0.000000	1.173680	0.004907	0.011701	0.000000	0.000000	0.000000	0.000000	0.012688	0.000000	0.012688	0.000000	0.063440	0.000000	1.173680	38.927864	
2.000000	3.000000	0.000000	0.000000	0.000000	1.173680	0.000000	0.000000	0.000000	0.000000	0.000000	11.736804	1.976435	2.943813	0.000000	0.000000	0.000000	1.173680	0.004809	0.011467	0.000000	0.000000	0.000000	0.000000	0.012434	0.000000	0.012434	0.000000	0.062172	0.000000	1.173680	39.125835	
2.000000	3.000000	0.000000	0.000000	0.000000	1.173680	0.000000	0.000000	0.000000	0.000000	0.000000	11.736804	1.976907	2.944937	0.000000	0.000000	0.000000	1.173680	0.004713	0.011237	0.000000	0.000000	0.000000	0.000000	0.012186	0.000000	0.012186	0.000000	0.060928	0.000000	1.173680	39.351021	
2.000000	3.000000	0.000000	0.000000	0.000000	1.173680	0.000000	0.000000	0.000000	0.000000	0.000000	11.736804	1.977369	2.946038	0.000000	0.000000	0.000000	1.173680	0.004619	0.011013	0.000000	0.000000	0.000000	0.000000	0.011942	0.000000	0.011942	0.000000	0.059710	0.000000	1.173680	39.567864	
2.000000	3.000000	0.000000	0.000000	0.000000	1.173680	0.000000	0.000000	0.000000	0.000000	0.000000	11.736804	1.977821	2.947118	0.000000	0.000000	0.000000	1.173680	0.004526	0.010792	0.000000	0.000000	0.000000	0.000000	0.011703	0.000000	0.011703	0.000000	0.058515	0.000000	1.173680	39.774018	
2.000000	3.000000	0.000000	0.000000	0.000000	1.173680	0.000000	0.000000	0.000000	0.000000	0.000000	11.736804	1.978265	2.948175	0.000000	0.000000	0.000000	1.173680	0.004436	0.010576	0.000000	0.000000	0.000000	0.000000	0.011469	0.000000	0.011469	0.000000	0.057345	0.000000	1.173680	39.991607	
2.000000	3.000000	0.000000	0.000000	0.000000	1.173680	0.000000	0.000000	0.000000	0.000000	0.000000	11.736804	1.978699	2.949212	0.000000	0.000000	0.000000	1.173680	0.004347	0.010365	0.000000	0.000000	0.000000	0.000000	0.011240	0.000000	0.011240	0.000000	0.056198	0.000000	1.173680	40.212372	
2.000000	3.000000	0.000000	0.000000	0.000000	1.173680	0.000000	0.000000	0.000000	0.000000	0.000000	11.736804	1.979126	2.950227	0.000000	0.000000	0.000000	1.173680	0.004260	0.010158	0.000000	0.000000	0.000000	0.000000	0.011015	0.000000	0.011015	0.000000	0.055074	0.000000	1.173680	40.443590	
2.000000	3.000000	0.000000	0.000000	0.000000	1.173680	0.000000	0.000000	0.000000	0.000000	0.000000	11.736804	1.979543	2.951223	0.000000	0.000000	0.000000	1.173680	0.004175	0.009955	0.000000	0.000000	0.000000	0.000000	0.010795	0.000000	0.010795	0.000000	0.053973	0.000000	1.173680	40.665023	
2.000000	3.000000	0.000000	0.000000	0.000000	1.173680	0.000000	0.000000	0.000000	0.000000	0.000000	11.736804	1.979952	2.952198	0.000000	0.000000	0.000000	1.173680	0.004091	0.009755	0.000000	0.000000	0.000000	0.000000	0.010579	0.000000	0.010579	0.000000	0.052893	0.000000	1.173680	40.883210	
2.000000	3.000000	0.000000	0.000000	0.000000	1.173680	0.000000	0.000000	0.000000	0.000000	0.000000	11.736804	1.980353	2.953154	0.000000	0.000000	0.000000	1.173680	0.004010	0.009560	0.000000	0.000000	0.000000	0.000000	0.010367	0.000000	0.010367	0.000000	0.051835	0.000000	1.173680	41.116371	
2.000000	3.000000	0.000000	0.000000	0.000000	1.173680	0.000000	0.000000	0.000000	0.000000	0.000000	11.736804	1.980746	2.954091	0.000000	0.000000	0.000000	1.173680	0.003929	0.009369	0.000000	0.000000	0.000000	0.000000	0.010160	0.000000	0.010160	0.000000	0.050799	0.000000	1.173680	41.250741	
2.000000	3.000000	0.000000	0.000000	0.000000	1.173680	0.000000	0.000000	0.000000	0.000000	0.000000	11.736804	1.981131	2.955010	0.000000	0.000000	0.000000	1.173680	0.003851	0.009182	0.000000	0.000000	0.000000	0.000000	0.009957	0.000000	0.009957	0.000000	0.049783	0.000000	1.173680	41.468583	
