2.000000	3.000000	0.000000	0.000000	0.000000	0.982794	0.000000	0.000000	0.000000	0.000000	0.000000	9.827937	0.040000	-0.037643	0.000000	0.000000	0.000000	0.098279	0.400000	-0.376432	0.000000	0.000000	0.000000	0.982794	0.084136	0.982794	0.084136	0.982794	3.605551	0.982794	0.982794	0.103503	
2.000000	3.000000	0.000000	0.000000	0.000000	0.997777	0.000000	0.000000	0.000000	0.000000	0.000000	9.977767	0.088136	-0.067517	0.000000	0.000000	0.000000	0.188229	0.481355	-0.298738	0.000000	0.000000	0.000000	0.899497	0.160627	0.899497	0.160627	0.899497	3.615090	0.899497	0.997777	0.310581	
2.000000	3.000000	0.000000	0.000000	0.000000	1.013448	0.000000	0.000000	0.000000	0.000000	0.000000	10.134483	0.142225	-0.089390	0.000000	0.000000	0.000000	0.270751	0.540900	-0.218728	0.000000	0.000000	0.000000	0.825219	0.225197	0.825219	0.225197	0.825219	3.614538	0.825219	1.013448	0.410739	
2.000000	3.000000	0.000000	0.000000	0.000000	1.029392	0.000000	0.000000	0.000000	0.000000	0.000000	10.293919	0.200418	-0.103394	0.000000	0.000000	0.000000	0.346615	0.581927	-0.140038	0.000000	0.000000	0.000000	0.758641	0.279451	0.758641	0.279451	0.758641	3.604949	0.758641	1.029392	0.511293	
2.000000	3.000000	0.000000	0.000000	0.000000	1.045306	0.000000	0.000000	0.000000	0.000000	0.000000	10.453057	0.261179	-0.109901	0.000000	0.000000	0.000000	0.416484	0.607607	-0.065070	0.000000	0.000000	0.000000	0.698691	0.324811	0.698691	0.324811	0.698691	3.587415	0.698691	1.045306	0.616056	
2.000000	3.000000	0.000000	0.000000	0.000000	1.060975	0.000000	0.000000	0.000000	0.000000	0.000000	10.609749	0.323261	-0.109430	0.000000	0.000000	0.000000	0.480933	0.620825	0.004701	0.000000	0.000000	0.000000	0.644491	0.362522	0.644491	0.362522	0.644491	3.563002	0.644491	1.060975	0.710413	
2.000000	3.000000	0.000000	0.000000	0.000000	1.076249	0.000000	0.000000	0.000000	0.000000	0.000000	10.762494	0.385673	-0.102584	0.000000	0.000000	0.000000	0.540465	0.624119	0.068469	0.000000	0.000000	0.000000	0.595316	0.393665	0.595316	0.393665	0.595316	3.532706	0.595316	1.076249	0.810199	
2.000000	3.000000	0.000000	0.000000	0.000000	1.091028	0.000000	0.000000	0.000000	0.000000	0.000000	10.910276	0.447640	-0.089993	0.000000	0.000000	0.000000	0.595521	0.619663	0.125905	0.000000	0.000000	0.000000	0.550563	0.419177	0.550563	0.419177	0.550563	3.497438	0.550563	1.091028	0.910201	
2.000000	3.000000	0.000000	0.000000	0.000000	1.105244	0.000000	0.000000	0.000000	0.000000	0.000000	11.052440	0.508568	-0.072292	0.000000	0.000000	0.000000	0.646493	0.609281	0.177005	0.000000	0.000000	0.000000	0.509723	0.439865	0.509723	0.439865	0.509723	3.458017	0.509723	1.105244	1.010440	
2.000000	3.000000	0.000000	0.000000	0.000000	1.118860	0.000000	0.000000	0.000000	0.000000	0.000000	11.188595	0.568016	-0.050094	0.000000	0.000000	0.000000	0.693730	0.594484	0.221981	0.000000	0.000000	0.000000	0.472366	0.456421	0.472366	0.456421	0.472366	3.415165	0.472366	1.118860	1.110253	
2.000000	3.000000	0.000000	0.000000	0.000000	1.131855	0.000000	0.000000	0.000000	0.000000	0.000000	11.318546	0.625666	-0.023977	0.000000	0.000000	0.000000	0.737542	0.576503	0.261177	0.000000	0.000000	0.000000	0.438125	0.469442	0.438125	0.469442	0.438125	3.369518	0.438125	1.131855	1.210221	
2.000000	3.000000	0.000000	0.000000	0.000000	1.144224	0.000000	0.000000	0.000000	0.000000	0.000000	11.442240	0.681299	0.005525	0.000000	0.000000	0.000000	0.778211	0.556330	0.295016	0.000000	0.000000	0.000000	0.406682	0.479438	0.406682	0.479438	0.406682	3.321630	0.406682	1.144224	1.310439	
2.000000	3.000000	0.000000	0.000000	0.000000	1.155973	0.000000	0.000000	0.000000	0.000000	0.000000	11.559729	0.734775	0.037920	0.000000	0.000000	0.000000	0.815987	0.534756	0.323955	0.000000	0.000000	0.000000	0.377762	0.486846	0.377762	0.486846	0.377762	3.271980	0.377762	1.155973	1.410212	
2.000000	3.000000	0.000000	0.000000	0.000000	1.167114	0.000000	0.000000	0.000000	0.000000	0.000000	11.671139	0.786015	0.072766	0.000000	0.000000	0.000000	0.851100	0.512403	0.348458	0.000000	0.000000	0.000000	0.351127	0.492041	0.351127	0.492041	0.351127	3.220980	0.351127	1.167114	1.510208	
2.000000	3.000000	0.000000	0.000000	0.000000	1.177664	0.000000	0.000000	0.000000	0.000000	0.000000	11.776644	0.834991	0.109664	0.000000	0.000000	0.000000	0.883756	0.489754	0.368981	0.000000	0.000000	0.000000	0.326565	0.495345	0.326565	0.495345	0.326565	3.168984	0.326565	1.177664	1.610458	
2.000000	3.000000	0.000000	0.000000	0.000000	1.187646	0.000000	0.000000	0.000000	0.000000	0.000000	11.876457	0.881709	0.148260	0.000000	0.000000	0.000000	0.914145	0.467179	0.385954	0.000000	0.000000	0.000000	0.303890	0.497033	0.303890	0.497033	0.303890	3.116294	0.303890	1.187646	1.710208	
2.000000	3.000000	0.000000	0.000000	0.000000	1.197081	0.000000	0.000000	0.000000	0.000000	0.000000	11.970811	0.926204	0.188238	0.000000	0.000000	0.000000	0.942439	0.444957	0.399781	0.000000	0.000000	0.000000	0.282936	0.497341	0.282936	0.497341	0.282936	3.063168	0.282936	1.197081	1.810237	
2.000000	3.000000	0.000000	0.000000	0.000000	1.205995	0.000000	0.000000	0.000000	0.000000	0.000000	12.059952	0.968534	0.229321	0.000000	0.000000	0.000000	0.968794	0.423293	0.410831	0.000000	0.000000	0.000000	0.263557	0.496473	0.263557	0.496473	0.263557	3.009824	0.263557	1.205995	1.910236	
2.000000	3.000000	0.000000	0.000000	0.000000	1.214413	0.000000	0.000000	0.000000	0.000000	0.000000	12.144131	1.008767	0.271265	0.000000	0.000000	0.000000	0.993356	0.402333	0.419441	0.000000	0.000000	0.000000	0.245619	0.494603	0.245619	0.494603	0.245619	2.956448	0.245619	1.214413	2.010565	
2.000000	3.000000	0.000000	0.000000	0.000000	1.222360	0.000000	0.000000	0.000000	0.000000	0.000000	12.223602	1.046985	0.313856	0.000000	0.000000	0.000000	1.016257	0.382177	0.425914	0.000000	0.000000	0.000000	0.229004	0.491880	0.229004	0.491880	0.229004	2.903194	0.229004	1.222360	2.110403	
2.000000	3.000000	0.000000	0.000000	0.000000	1.229861	0.000000	0.000000	0.000000	0.000000	0.000000	12.298612	1.083274	0.356908	0.000000	0.000000	0.000000	1.037617	0.362888	0.430521	0.000000	0.000000	0.000000	0.213605	0.488432	0.213605	0.488432	0.213605	2.850194	0.213605	1.229861	2.210482	
2.000000	3.000000	0.000000	0.000000	0.000000	1.236941	0.000000	0.000000	0.000000	0.000000	0.000000	12.369406	1.117724	0.400259	0.000000	0.000000	0.000000	1.057549	0.344503	0.433504	0.000000	0.000000	0.000000	0.199324	0.484372	0.199324	0.484372	0.199324	2.797556	0.199324	1.236941	2.310229	
2.000000	3.000000	0.000000	0.000000	0.000000	1.243622	0.000000	0.000000	0.000000	0.000000	0.000000	12.436220	1.150427	0.443767	0.000000	0.000000	0.000000	1.076157	0.327034	0.435078	0.000000	0.000000	0.000000	0.186073	0.479794	0.186073	0.479794	0.186073	2.745372	0.186073	1.243622	2.410222	
2.000000	3.000000	0.000000	0.000000	0.000000	1.249928	0.000000	0.000000	0.000000	0.000000	0.000000	12.499280	1.181475	0.487310	0.000000	0.000000	0.000000	1.093534	0.310478	0.435432	0.000000	0.000000	0.000000	0.173771	0.474780	0.173771	0.474780	0.173771	2.693715	0.173771	1.249928	2.510465	
2.000000	3.000000	0.000000	0.000000	0.000000	1.255880	0.000000	0.000000	0.000000	0.000000	0.000000	12.558804	1.210957	0.530783	0.000000	0.000000	0.000000	1.109768	0.294821	0.434733	0.000000	0.000000	0.000000	0.162347	0.469403	0.162347	0.469403	0.162347	2.642649	0.162347	1.255880	2.610589	
2.000000	3.000000	0.000000	0.000000	0.000000	1.261500	0.000000	0.000000	0.000000	0.000000	0.000000	12.614999	1.238961	0.574096	0.000000	0.000000	0.000000	1.124942	0.280039	0.433128	0.000000	0.000000	0.000000	0.151732	0.463723	0.151732	0.463723	0.151732	2.592223	0.151732	1.261500	2.710233	
2.000000	3.000000	0.000000	0.000000	0.000000	1.266806	0.000000	0.000000	0.000000	0.000000	0.000000	12.668063	1.265571	0.617170	0.000000	0.000000	0.000000	1.139128	0.266101	0.430745	0.000000	0.000000	0.000000	0.141865	0.457793	0.141865	0.457793	0.141865	2.542477	0.141865	1.266806	2.810259	
2.000000	3.000000	0.000000	0.000000	0.000000	1.271818	0.000000	0.000000	0.000000	0.000000	0.000000	12.718180	1.290868	0.659940	0.000000	0.000000	0.000000	1.152397	0.252972	0.427698	0.000000	0.000000	0.000000	0.132690	0.451659	0.132690	0.451659	0.132690	2.493444	0.132690	1.271818	2.910379	
2.000000	3.000000	0.000000	0.000000	0.000000	1.276553	0.000000	0.000000	0.000000	0.000000	0.000000	12.765529	1.314930	0.702349	0.000000	0.000000	0.000000	1.164813	0.240615	0.424085	0.000000	0.000000	0.000000	0.124156	0.445362	0.124156	0.445362	0.124156	2.445148	0.124156	1.276553	3.010239	
2.000000	3.000000	0.000000	0.000000	0.000000	1.281027	0.000000	0.000000	0.000000	0.000000	0.000000	12.810274	1.337829	0.744348	0.000000	0.000000	0.000000	1.176434	0.228991	0.419993	0.000000	0.000000	0.000000	0.116215	0.438936	0.116215	0.438936	0.116215	2.397608	0.116215	1.281027	3.110525	
2.000000	3.000000	0.000000	0.000000	0.000000	1.285257	0.000000	0.000000	0.000000	0.000000	0.000000	12.852574	1.359635	0.785898	0.000000	0.000000	0.000000	1.187316	0.218061	0.415496	0.000000	0.000000	0.000000	0.108823	0.432411	0.108823	0.432411	0.108823	2.350837	0.108823	1.285257	3.210250	
2.000000	3.000000	0.000000	0.000000	0.000000	1.289258	0.000000	0.000000	0.000000	0.000000	0.000000	12.892576	1.380414	0.826964	0.000000	0.000000	0.000000	1.197511	0.207786	0.410660	0.000000	0.000000	0.000000	0.101941	0.425813	0.101941	0.425813	0.101941	2.304846	0.101941	1.289258	3.310264	
2.000000	3.000000	0.000000	0.000000	0.000000	1.293042	0.000000	0.000000	0.000000	0.000000	0.000000	12.930418	1.400226	0.867518	0.000000	0.000000	0.000000	1.207064	0.198127	0.405543	0.000000	0.000000	0.000000	0.095531	0.419164	0.095531	0.419164	0.095531	2.259640	0.095531	1.293042	3.410275	
2.000000	3.000000	0.000000	0.000000	0.000000	1.296623	0.000000	0.000000	0.000000	0.000000	0.000000	12.966232	1.419131	0.907537	0.000000	0.000000	0.000000	1.216020	0.189047	0.400195	0.000000	0.000000	0.000000	0.089559	0.412485	0.089559	0.412485	0.089559	2.215222	0.089559	1.296623	3.510542	
2.000000	3.000000	0.000000	0.000000	0.000000	1.300014	0.000000	0.000000	0.000000	0.000000	0.000000	13.000139	1.437182	0.947003	0.000000	0.000000	0.000000	1.224419	0.180510	0.394659	0.000000	0.000000	0.000000	0.083994	0.405792	0.083994	0.405792	0.083994	2.171591	0.083994	1.300014	3.610284	
2.000000	3.000000	0.000000	0.000000	0.000000	1.303226	0.000000	0.000000	0.000000	0.000000	0.000000	13.032255	1.454430	0.985901	0.000000	0.000000	0.000000	1.232300	0.172482	0.388973	0.000000	0.000000	0.000000	0.078806	0.399100	0.078806	0.399100	0.078806	2.128746	0.078806	1.303226	3.710253	
2.000000	3.000000	0.000000	0.000000	0.000000	1.306269	0.000000	0.000000	0.000000	0.000000	0.000000	13.062688	1.470923	1.024218	0.000000	0.000000	0.000000	1.239697	0.164930	0.383170	0.000000	0.000000	0.000000	0.073969	0.392422	0.073969	0.392422	0.073969	2.086682	0.073969	1.306269	3.810257	
2.000000	3.000000	0.000000	0.000000	0.000000	1.309154	0.000000	0.000000	0.000000	0.000000	0.000000	13.091540	1.486705	1.061946	0.000000	0.000000	0.000000	1.246642	0.157823	0.377279	0.000000	0.000000	0.000000	0.069457	0.385769	0.069457	0.385769	0.069457	2.045394	0.069457	1.309154	3.910288	
2.000000	3.000000	0.000000	0.000000	0.000000	1.311890	0.000000	0.000000	0.000000	0.000000	0.000000	13.118904	1.501819	1.099078	0.000000	0.000000	0.000000	1.253167	0.151131	0.371324	0.000000	0.000000	0.000000	0.065248	0.379152	0.065248	0.379152	0.065248	2.004876	0.065248	1.311890	4.010258	
2.000000	3.000000	0.000000	0.000000	0.000000	1.314487	0.000000	0.000000	0.000000	0.000000	0.000000	13.144870	1.516301	1.135611	0.000000	0.000000	0.000000	1.259299	0.144829	0.365327	0.000000	0.000000	0.000000	0.061320	0.372577	0.061320	0.372577	0.061320	1.965118	0.061320	1.314487	4.111074	
2.000000	3.000000	0.000000	0.000000	0.000000	1.316952	0.000000	0.000000	0.000000	0.000000	0.000000	13.169522	1.530190	1.171541	0.000000	0.000000	0.000000	1.265064	0.138888	0.359307	0.000000	0.000000	0.000000	0.057653	0.366053	0.057653	0.366053	0.057653	1.926113	0.057653	1.316952	4.210532	
2.000000	3.000000	0.000000	0.000000	0.000000	1.319294	0.000000	0.000000	0.000000	0.000000	0.000000	13.192938	1.543519	1.206869	0.000000	0.000000	0.000000	1.270487	0.133286	0.353280	0.000000	0.000000	0.000000	0.054229	0.359586	0.054229	0.359586	0.054229	1.887851	0.054229	1.319294	4.310323	
2.000000	3.000000	0.000000	0.000000	0.000000	1.321519	0.000000	0.000000	0.000000	0.000000	0.000000	13.215191	1.556319	1.241595	0.000000	0.000000	0.000000	1.275591	0.128000	0.347260	0.000000	0.000000	0.000000	0.051032	0.353181	0.051032	0.353181	0.051032	1.850322	0.051032	1.321519	4.410358	
2.000000	3.000000	0.000000	0.000000	0.000000	1.323635	0.000000	0.000000	0.000000	0.000000	0.000000	13.236351	1.568620	1.275721	0.000000	0.000000	0.000000	1.280395	0.123008	0.341259	0.000000	0.000000	0.000000	0.048045	0.346843	0.048045	0.346843	0.048045	1.813516	0.048045	1.323635	4.510286	
2.000000	3.000000	0.000000	0.000000	0.000000	1.325648	0.000000	0.000000	0.000000	0.000000	0.000000	13.256481	1.580449	1.309250	0.000000	0.000000	0.000000	1.284920	0.118291	0.335288	0.000000	0.000000	0.000000	0.045253	0.340576	0.045253	0.340576	0.045253	1.777421	0.045253	1.325648	4.610666	
2.000000	3.000000	0.000000	0.000000	0.000000	1.327564	0.000000	0.000000	0.000000	0.000000	0.000000	13.275643	1.591832	1.342186	0.000000	0.000000	0.000000	1.289185	0.113831	0.329355	0.000000	0.000000	0.000000	0.042644	0.334383	0.042644	0.334383	0.042644	1.742027	0.042644	1.327564	4.710345	
2.000000	3.000000	0.000000	0.000000	0.000000	1.329389	0.000000	0.000000	0.000000	0.000000	0.000000	13.293893	1.602793	1.374532	0.000000	0.000000	0.000000	1.293205	0.109610	0.323469	0.000000	0.000000	0.000000	0.040205	0.328267	0.040205	0.328267	0.040205	1.707322	0.040205	1.329389	4.810291	
2.000000	3.000000	0.000000	0.000000	0.000000	1.331128	0.000000	0.000000	0.000000	0.000000	0.000000	13.311284	1.613354	1.406296	0.000000	0.000000	0.000000	1.296997	0.105613	0.317636	0.000000	0.000000	0.000000	0.037923	0.322230	0.037923	0.322230	0.037923	1.673296	0.037923	1.331128	4.910341	
2.000000	3.000000	0.000000	0.000000	0.000000	1.332787	0.000000	0.000000	0.000000	0.000000	0.000000	13.327866	1.623537	1.437482	0.000000	0.000000	0.000000	1.300576	0.101825	0.311861	0.000000	0.000000	0.000000	0.035789	0.316275	0.035789	0.316275	0.035789	1.639935	0.035789	1.332787	5.010324	
2.000000	3.000000	0.000000	0.000000	0.000000	1.334369	0.000000	0.000000	0.000000	0.000000	0.000000	13.343687	1.633360	1.468097	0.000000	0.000000	0.000000	1.303956	0.098232	0.306149	0.000000	0.000000	0.000000	0.033792	0.310402	0.033792	0.310402	0.033792	1.607229	0.033792	1.334369	5.110533	
2.000000	3.000000	0.000000	0.000000	0.000000	1.335879	0.000000	0.000000	0.000000	0.000000	0.000000	13.358790	1.642842	1.498148	0.000000	0.000000	0.000000	1.307148	0.094822	0.300505	0.000000	0.000000	0.000000	0.031923	0.304613	0.031923	0.304613	0.031923	1.575167	0.031923	1.335879	5.210303	
2.000000	3.000000	0.000000	0.000000	0.000000	1.337322	0.000000	0.000000	0.000000	0.000000	0.000000	13.373217	1.652000	1.527641	0.000000	0.000000	0.000000	1.310165	0.091582	0.294931	0.000000	0.000000	0.000000	0.030174	0.298909	0.030174	0.298909	0.030174	1.543736	0.030174	1.337322	5.310306	
2.000000	3.000000	0.000000	0.000000	0.000000	1.338701	0.000000	0.000000	0.000000	0.000000	0.000000	13.387006	1.660851	1.556584	0.000000	0.000000	0.000000	1.313019	0.088502	0.289431	0.000000	0.000000	0.000000	0.028535	0.293291	0.028535	0.293291	0.028535	1.512926	0.028535	1.338701	5.410368	
2.000000	3.000000	0.000000	0.000000	0.000000	1.340019	0.000000	0.000000	0.000000	0.000000	0.000000	13.400195	1.669408	1.584984	0.000000	0.000000	0.000000	1.315719	0.085571	0.284006	0.000000	0.000000	0.000000	0.027001	0.287759	0.027001	0.287759	0.027001	1.482725	0.027001	1.340019	5.510397	
2.000000	3.000000	0.000000	0.000000	0.000000	1.341282	0.000000	0.000000	0.000000	0.000000	0.000000	13.412817	1.677686	1.612850	0.000000	0.000000	0.000000	1.318275	0.082781	0.278658	0.000000	0.000000	0.000000	0.025563	0.282314	0.025563	0.282314	0.025563	1.453121	0.025563	1.341282	5.610534	
2.000000	3.000000	0.000000	0.000000	0.000000	1.342490	0.000000	0.000000	0.000000	0.000000	0.000000	13.424904	1.685698	1.640189	0.000000	0.000000	0.000000	1.320697	0.080121	0.273390	0.000000	0.000000	0.000000	0.024215	0.276955	0.024215	0.276955	0.024215	1.424104	0.024215	1.342490	5.710564	
2.000000	3.000000	0.000000	0.000000	0.000000	1.343649	0.000000	0.000000	0.000000	0.000000	0.000000	13.436487	1.693456	1.667009	0.000000	0.000000	0.000000	1.322992	0.077585	0.268201	0.000000	0.000000	0.000000	0.022952	0.271682	0.022952	0.271682	0.022952	1.395662	0.022952	1.343649	5.810613	
2.000000	3.000000	0.000000	0.000000	0.000000	1.344760	0.000000	0.000000	0.000000	0.000000	0.000000	13.447595	1.700973	1.693319	0.000000	0.000000	0.000000	1.325169	0.075164	0.263093	0.000000	0.000000	0.000000	0.021768	0.266496	0.021768	0.266496	0.021768	1.367784	0.021768	1.344760	5.910612	
2.000000	3.000000	0.000000	0.000000	0.000000	1.345825	0.000000	0.000000	0.000000	0.000000	0.000000	13.458255	1.708258	1.719125	0.000000	0.000000	0.000000	1.327234	0.072851	0.258066	0.000000	0.000000	0.000000	0.020657	0.261396	0.020657	0.261396	0.020657	1.340460	0.020657	1.345825	6.010379	
2.000000	3.000000	0.000000	0.000000	0.000000	1.346849	0.000000	0.000000	0.000000	0.000000	0.000000	13.468490	1.715322	1.744437	0.000000	0.000000	0.000000	1.329196	0.070641	0.253120	0.000000	0.000000	0.000000	0.019615	0.256381	0.019615	0.256381	0.019615	1.313680	0.019615	1.346849	6.110540	
2.000000	3.000000	0.000000	0.000000	0.000000	1.347833	0.000000	0.000000	0.000000	0.000000	0.000000	13.478327	1.722175	1.769263	0.000000	0.000000	0.000000	1.331060	0.068526	0.248257	0.000000	0.000000	0.000000	0.018637	0.251452	0.018637	0.251452	0.018637	1.287431	0.018637	1.347833	6.210479	
2.000000	3.000000	0.000000	0.000000	0.000000	1.348779	0.000000	0.000000	0.000000	0.000000	0.000000	13.487786	1.728825	1.793610	0.000000	0.000000	0.000000	1.332831	0.066501	0.243474	0.000000	0.000000	0.000000	0.017719	0.246607	0.017719	0.246607	0.017719	1.261706	0.017719	1.348779	6.310357	
2.000000	3.000000	0.000000	0.000000	0.000000	1.349689	0.000000	0.000000	0.000000	0.000000	0.000000	13.496889	1.735281	1.817488	0.000000	0.000000	0.000000	1.334517	0.064561	0.238773	0.000000	0.000000	0.000000	0.016857	0.241845	0.016857	0.241845	0.016857	1.236492	0.016857	1.349689	6.410412	
2.000000	3.000000	0.000000	0.000000	0.000000	1.350566	0.000000	0.000000	0.000000	0.000000	0.000000	13.505656	1.741551	1.840903	0.000000	0.000000	0.000000	1.336122	0.062701	0.234153	0.000000	0.000000	0.000000	0.016048	0.237167	0.016048	0.237167	0.016048	1.211780	0.016048	1.350566	6.510454	
2.000000	3.000000	0.000000	0.000000	0.000000	1.351411	0.000000	0.000000	0.000000	0.000000	0.000000	13.514106	1.747643	1.863864	0.000000	0.000000	0.000000	1.337651	0.060917	0.229613	0.000000	0.000000	0.000000	0.015289	0.232571	0.015289	0.232571	0.015289	1.187561	0.015289	1.351411	6.611124	
2.000000	3.000000	0.000000	0.000000	0.000000	1.352226	0.000000	0.000000	0.000000	0.000000	0.000000	13.522257	1.753563	1.886380	0.000000	0.000000	0.000000	1.339108	0.059204	0.225154	0.000000	0.000000	0.000000	0.014575	0.228056	0.014575	0.228056	0.014575	1.163825	0.014575	1.352226	6.710436	
2.000000	3.000000	0.000000	0.000000	0.000000	1.353012	0.000000	0.000000	0.000000	0.000000	0.000000	13.530125	1.759319	1.908457	0.000000	0.000000	0.000000	1.340499	0.057558	0.220773	0.000000	0.000000	0.000000	0.013904	0.223622	0.013904	0.223622	0.013904	1.140562	0.013904	1.353012	6.810634	
2.000000	3.000000	0.000000	0.000000	0.000000	1.353773	0.000000	0.000000	0.000000	0.000000	0.000000	13.537726	1.764916	1.930104	0.000000	0.000000	0.000000	1.341826	0.055975	0.216471	0.000000	0.000000	0.000000	0.013274	0.219267	0.013274	0.219267	0.013274	1.117763	0.013274	1.353773	6.910450	
2.000000	3.000000	0.000000	0.000000	0.000000	1.354508	0.000000	0.000000	0.000000	0.000000	0.000000	13.545076	1.770362	1.951329	0.000000	0.000000	0.000000	1.343094	0.054453	0.212246	0.000000	0.000000	0.000000	0.012681	0.214990	0.012681	0.214990	0.012681	1.095419	0.012681	1.354508	7.010428	
2.000000	3.000000	0.000000	0.000000	0.000000	1.355219	0.000000	0.000000	0.000000	0.000000	0.000000	13.552188	1.775660	1.972138	0.000000	0.000000	0.000000	1.344307	0.052988	0.208098	0.000000	0.000000	0.000000	0.012124	0.210792	0.012124	0.210792	0.012124	1.073520	0.012124	1.355219	7.110409	
2.000000	3.000000	0.000000	0.000000	0.000000	1.355908	0.000000	0.000000	0.000000	0.000000	0.000000	13.559076	1.780818	1.992541	0.000000	0.000000	0.000000	1.345467	0.051576	0.204026	0.000000	0.000000	0.000000	0.011601	0.206669	0.011601	0.206669	0.011601	1.052059	0.011601	1.355908	7.210407	
2.000000	3.000000	0.000000	0.000000	0.000000	1.356575	0.000000	0.000000	0.000000	0.000000	0.000000	13.565752	1.785840	2.012544	0.000000	0.000000	0.000000	1.346578	0.050216	0.200029	0.000000	0.000000	0.000000	0.011108	0.202622	0.011108	0.202622	0.011108	1.031026	0.011108	1.356575	7.310576	
2.000000	3.000000	0.000000	0.000000	0.000000	1.357223	0.000000	0.000000	0.000000	0.000000	0.000000	13.572230	1.790730	2.032155	0.000000	0.000000	0.000000	1.347642	0.048905	0.196106	0.000000	0.000000	0.000000	0.010645	0.198650	0.010645	0.198650	0.010645	1.010413	0.010645	1.357223	7.410418	
2.000000	3.000000	0.000000	0.000000	0.000000	1.357852	0.000000	0.000000	0.000000	0.000000	0.000000	13.578520	1.795494	2.051380	0.000000	0.000000	0.000000	1.348663	0.047639	0.192256	0.000000	0.000000	0.000000	0.010210	0.194751	0.010210	0.194751	0.010210	0.990211	0.010210	1.357852	7.510483	
2.000000	3.000000	0.000000	0.000000	0.000000	1.358463	0.000000	0.000000	0.000000	0.000000	0.000000	13.584633	1.800136	2.070228	0.000000	0.000000	0.000000	1.349643	0.046418	0.188478	0.000000	0.000000	0.000000	0.009800	0.190924	0.009800	0.190924	0.009800	0.970413	0.009800	1.358463	7.610477	
2.000000	3.000000	0.000000	0.000000	0.000000	1.359058	0.000000	0.000000	0.000000	0.000000	0.000000	13.590579	1.804660	2.088705	0.000000	0.000000	0.000000	1.350585	0.045238	0.184771	0.000000	0.000000	0.000000	0.009415	0.187168	0.009415	0.187168	0.009415	0.951011	0.009415	1.359058	7.710481	
2.000000	3.000000	0.000000	0.000000	0.000000	1.359637	0.000000	0.000000	0.000000	0.000000	0.000000	13.596370	1.809069	2.106818	0.000000	0.000000	0.000000	1.351490	0.044098	0.181133	0.000000	0.000000	0.000000	0.009052	0.183482	0.009052	0.183482	0.009052	0.931996	0.009052	1.359637	7.810479	
2.000000	3.000000	0.000000	0.000000	0.000000	1.360201	0.000000	0.000000	0.000000	0.000000	0.000000	13.602013	1.813369	2.124575	0.000000	0.000000	0.000000	1.352361	0.042996	0.177564	0.000000	0.000000	0.000000	0.008711	0.179865	0.008711	0.179865	0.008711	0.913361	0.008711	1.360201	7.910493	
2.000000	3.000000	0.000000	0.000000	0.000000	1.360752	0.000000	0.000000	0.000000	0.000000	0.000000	13.607518	1.817562	2.141981	0.000000	0.000000	0.000000	1.353200	0.041930	0.174063	0.000000	0.000000	0.000000	0.008391	0.176317	0.008391	0.176317	0.008391	0.895098	0.008391	1.360752	8.010684	
2.000000	3.000000	0.000000	0.000000	0.000000	1.361289	0.000000	0.000000	0.000000	0.000000	0.000000	13.612894	1.821652	2.159044	0.000000	0.000000	0.000000	1.354009	0.040899	0.170629	0.000000	0.000000	0.000000	0.008089	0.172834	0.008089	0.172834	0.008089	0.877200	0.008089	1.361289	8.110590	
2.000000	3.000000	0.000000	0.000000	0.000000	1.361815	0.000000	0.000000	0.000000	0.000000	0.000000	13.618149	1.825642	2.175770	0.000000	0.000000	0.000000	1.354790	0.039900	0.167259	0.000000	0.000000	0.000000	0.007806	0.169418	0.007806	0.169418	0.007806	0.859660	0.007806	1.361815	8.210723	
2.000000	3.000000	0.000000	0.000000	0.000000	1.362329	0.000000	0.000000	0.000000	0.000000	0.000000	13.623291	1.829535	2.192165	0.000000	0.000000	0.000000	1.355544	0.038933	0.163955	0.000000	0.000000	0.000000	0.007539	0.166066	0.007539	0.166066	0.007539	0.842470	0.007539	1.362329	8.310533	
2.000000	3.000000	0.000000	0.000000	0.000000	1.362833	0.000000	0.000000	0.000000	0.000000	0.000000	13.628327	1.833335	2.208237	0.000000	0.000000	0.000000	1.356272	0.037996	0.160714	0.000000	0.000000	0.000000	0.007289	0.162778	0.007289	0.162778	0.007289	0.825624	0.007289	1.362833	8.410555	
2.000000	3.000000	0.000000	0.000000	0.000000	1.363326	0.000000	0.000000	0.000000	0.000000	0.000000	13.633265	1.837044	2.223990	0.000000	0.000000	0.000000	1.356978	0.037088	0.157534	0.000000	0.000000	0.000000	0.007054	0.159552	0.007054	0.159552	0.007054	0.809115	0.007054	1.363326	8.510473	
2.000000	3.000000	0.000000	0.000000	0.000000	1.363811	0.000000	0.000000	0.000000	0.000000	0.000000	13.638112	1.840664	2.239432	0.000000	0.000000	0.000000	1.357661	0.036208	0.154417	0.000000	0.000000	0.000000	0.006833	0.156387	0.006833	0.156387	0.006833	0.792935	0.006833	1.363811	8.610559	
2.000000	3.000000	0.000000	0.000000	0.000000	1.364287	0.000000	0.000000	0.000000	0.000000	0.000000	13.642874	1.844200	2.254568	0.000000	0.000000	0.000000	1.358324	0.035354	0.151359	0.000000	0.000000	0.000000	0.006626	0.153283	0.006626	0.153283	0.006626	0.777079	0.006626	1.364287	8.710638	
2.000000	3.000000	0.000000	0.000000	0.000000	1.364756	0.000000	0.000000	0.000000	0.000000	0.000000	13.647559	1.847652	2.269404	0.000000	0.000000	0.000000	1.358967	0.034526	0.148360	0.000000	0.000000	0.000000	0.006432	0.150238	0.006432	0.150238	0.006432	0.761540	0.006432	1.364756	8.810547	
2.000000	3.000000	0.000000	0.000000	0.000000	1.365217	0.000000	0.000000	0.000000	0.000000	0.000000	13.652173	1.851025	2.283946	0.000000	0.000000	0.000000	1.359592	0.033722	0.145420	0.000000	0.000000	0.000000	0.006250	0.147251	0.006250	0.147251	0.006250	0.746311	0.006250	1.365217	8.910530	
2.000000	3.000000	0.000000	0.000000	0.000000	1.365672	0.000000	0.000000	0.000000	0.000000	0.000000	13.656721	1.854319	2.298199	0.000000	0.000000	0.000000	1.360200	0.032942	0.142536	0.000000	0.000000	0.000000	0.006080	0.144321	0.006080	0.144321	0.006080	0.731387	0.006080	1.365672	9.010530	
2.000000	3.000000	0.000000	0.000000	0.000000	1.366121	0.000000	0.000000	0.000000	0.000000	0.000000	13.661211	1.857537	2.312170	0.000000	0.000000	0.000000	1.360792	0.032184	0.139709	0.000000	0.000000	0.000000	0.005921	0.141447	0.005921	0.141447	0.005921	0.716762	0.005921	1.366121	9.110772	
2.000000	3.000000	0.000000	0.000000	0.000000	1.366565	0.000000	0.000000	0.000000	0.000000	0.000000	13.665648	1.860682	2.325864	0.000000	0.000000	0.000000	1.361369	0.031448	0.136936	0.000000	0.000000	0.000000	0.005773	0.138628	0.005773	0.138628	0.005773	0.702428	0.005773	1.366565	9.210565	
2.000000	3.000000	0.000000	0.000000	0.000000	1.367004	0.000000	0.000000	0.000000	0.000000	0.000000	13.670038	1.863755	2.339286	0.000000	0.000000	0.000000	1.361933	0.030733	0.134217	0.000000	0.000000	0.000000	0.005634	0.135863	0.005634	0.135863	0.005634	0.688381	0.005634	1.367004	9.310579	
2.000000	3.000000	0.000000	0.000000	0.000000	1.367439	0.000000	0.000000	0.000000	0.000000	0.000000	13.674387	1.866759	2.352441	0.000000	0.000000	0.000000	1.362483	0.030039	0.131552	0.000000	0.000000	0.000000	0.005506	0.133152	0.005506	0.133152	0.005506	0.674616	0.005506	1.367439	9.410549	
2.000000	3.000000	0.000000	0.000000	0.000000	1.367870	0.000000	0.000000	0.000000	0.000000	0.000000	13.678700	1.869696	2.365335	0.000000	0.000000	0.000000	1.363022	0.029364	0.128938	0.000000	0.000000	0.000000	0.005387	0.130492	0.005387	0.130492	0.005387	0.661125	0.005387	1.367870	9.510512	
2.000000	3.000000	0.000000	0.000000	0.000000	1.368298	0.000000	0.000000	0.000000	0.000000	0.000000	13.682984	1.872566	2.377972	0.000000	0.000000	0.000000	1.363550	0.028707	0.126375	0.000000	0.000000	0.000000	0.005276	0.127883	0.005276	0.127883	0.005276	0.647904	0.005276	1.368298	9.610687	
2.000000	3.000000	0.000000	0.000000	0.000000	1.368724	0.000000	0.000000	0.000000	0.000000	0.000000	13.687243	1.875373	2.390358	0.000000	0.000000	0.000000	1.364067	0.028069	0.123863	0.000000	0.000000	0.000000	0.005175	0.125325	0.005175	0.125325	0.005175	0.634947	0.005175	1.368724	9.710602	
2.000000	3.000000	0.000000	0.000000	0.000000	1.369148	0.000000	0.000000	0.000000	0.000000	0.000000	13.691485	1.878118	2.402498	0.000000	0.000000	0.000000	1.364575	0.027449	0.121399	0.000000	0.000000	0.000000	0.005081	0.122815	0.005081	0.122815	0.005081	0.622250	0.005081	1.369148	9.810512	
2.000000	3.000000	0.000000	0.000000	0.000000	1.369571	0.000000	0.000000	0.000000	0.000000	0.000000	13.695713	1.880803	2.414397	0.000000	0.000000	0.000000	1.365075	0.026846	0.118984	0.000000	0.000000	0.000000	0.004996	0.120354	0.004996	0.120354	0.004996	0.609806	0.004996	1.369571	9.910575	
2.000000	3.000000	0.000000	0.000000	0.000000	1.369993	0.000000	0.000000	0.000000	0.000000	0.000000	13.699935	1.883429	2.426058	0.000000	0.000000	0.000000	1.365567	0.026259	0.116616	0.000000	0.000000	0.000000	0.004919	0.117940	0.004919	0.117940	0.004919	0.597611	0.004919	1.369993	10.010590	
2.000000	3.000000	0.000000	0.000000	0.000000	1.370416	0.000000	0.000000	0.000000	0.000000	0.000000	13.704155	1.885998	2.437488	0.000000	0.000000	0.000000	1.366052	0.025688	0.114294	0.000000	0.000000	0.000000	0.004849	0.115572	0.004849	0.115572	0.004849	0.585660	0.004849	1.370416	10.110916	
2.000000	3.000000	0.000000	0.000000	0.000000	1.370838	0.000000	0.000000	0.000000	0.000000	0.000000	13.708380	1.888511	2.448689	0.000000	0.000000	0.000000	1.366530	0.025133	0.112018	0.000000	0.000000	0.000000	0.004786	0.113250	0.004786	0.113250	0.004786	0.573948	0.004786	1.370838	10.210576	
2.000000	3.000000	0.000000	0.000000	0.000000	1.371262	0.000000	0.000000	0.000000	0.000000	0.000000	13.712616	1.890970	2.459668	0.000000	0.000000	0.000000	1.367003	0.024594	0.109787	0.000000	0.000000	0.000000	0.004731	0.110972	0.004731	0.110972	0.004731	0.562471	0.004731	1.371262	10.310585	
2.000000	3.000000	0.000000	0.000000	0.000000	1.371687	0.000000	0.000000	0.000000	0.000000	0.000000	13.716870	1.893377	2.470428	0.000000	0.000000	0.000000	1.367472	0.024068	0.107599	0.000000	0.000000	0.000000	0.004684	0.108738	0.004684	0.108738	0.004684	0.551222	0.004684	1.371687	10.410565	
2.000000	3.000000	0.000000	0.000000	0.000000	1.372115	0.000000	0.000000	0.000000	0.000000	0.000000	13.721146	1.895733	2.480973	0.000000	0.000000	0.000000	1.367936	0.023558	0.105454	0.000000	0.000000	0.000000	0.004643	0.106546	0.004643	0.106546	0.004643	0.540199	0.004643	1.372115	10.512707	
2.000000	3.000000	0.000000	0.000000	0.000000	1.372545	0.000000	0.000000	0.000000	0.000000	0.000000	13.725453	1.898039	2.491308	0.000000	0.000000	0.000000	1.368397	0.023061	0.103351	0.000000	0.000000	0.000000	0.004609	0.104397	0.004609	0.104397	0.004609	0.529396	0.004609	1.372545	10.612738	
2.000000	3.000000	0.000000	0.000000	0.000000	1.372980	0.000000	0.000000	0.000000	0.000000	0.000000	13.729796	1.900297	2.501437	0.000000	0.000000	0.000000	1.368855	0.022577	0.101290	0.000000	0.000000	0.000000	0.004583	0.102288	0.004583	0.102288	0.004583	0.518809	0.004583	1.372980	10.712724	
2.000000	3.000000	0.000000	0.000000	0.000000	1.373418	0.000000	0.000000	0.000000	0.000000	0.000000	13.734184	1.902507	2.511364	0.000000	0.000000	0.000000	1.369312	0.022108	0.099269	0.000000	0.000000	0.000000	0.004563	0.100219	0.004563	0.100219	0.004563	0.508434	0.004563	1.373418	10.812752	
2.000000	3.000000	0.000000	0.000000	0.000000	1.373862	0.000000	0.000000	0.000000	0.000000	0.000000	13.738623	1.904672	2.521093	0.000000	0.000000	0.000000	1.369767	0.021651	0.097288	0.000000	0.000000	0.000000	0.004551	0.098190	0.004551	0.098190	0.004551	0.498267	0.004551	1.373862	10.913985	
2.000000	3.000000	0.000000	0.000000	0.000000	1.374312	0.000000	0.000000	0.000000	0.000000	0.000000	13.743121	1.906793	2.530628	0.000000	0.000000	0.000000	1.370221	0.021206	0.095345	0.000000	0.000000	0.000000	0.004545	0.096199	0.004545	0.096199	0.004545	0.488302	0.004545	1.374312	11.014010	
2.000000	3.000000	0.000000	0.000000	0.000000	1.374769	0.000000	0.000000	0.000000	0.000000	0.000000	13.747687	1.908871	2.539972	0.000000	0.000000	0.000000	1.370676	0.020775	0.093441	0.000000	0.000000	0.000000	0.004547	0.094245	0.004547	0.094245	0.004547	0.478537	0.004547	1.374769	11.113985	
2.000000	3.000000	0.000000	0.000000	0.000000	1.375233	0.000000	0.000000	0.000000	0.000000	0.000000	13.752329	1.910906	2.549129	0.000000	0.000000	0.000000	1.371132	0.020355	0.091574	0.000000	0.000000	0.000000	0.004557	0.092328	0.004557	0.092328	0.004557	0.468968	0.004557	1.375233	11.213986	
2.000000	3.000000	0.000000	0.000000	0.000000	1.375706	0.000000	0.000000	0.000000	0.000000	0.000000	13.757056	1.912901	2.558103	0.000000	0.000000	0.000000	1.371589	0.019948	0.089743	0.000000	0.000000	0.000000	0.004574	0.090447	0.004574	0.090447	0.004574	0.459589	0.004574	1.375706	11.314014	
2.000000	3.000000	0.000000	0.000000	0.000000	1.376188	0.000000	0.000000	0.000000	0.000000	0.000000	13.761880	1.914856	2.566898	0.000000	0.000000	0.000000	1.372049	0.019553	0.087949	0.000000	0.000000	0.000000	0.004599	0.088601	0.004599	0.088601	0.004599	0.450399	0.004599	1.376188	11.414016	
2.000000	3.000000	0.000000	0.000000	0.000000	1.376681	0.000000	0.000000	0.000000	0.000000	0.000000	13.766809	1.916773	2.575517	0.000000	0.000000	0.000000	1.372512	0.019169	0.086189	0.000000	0.000000	0.000000	0.004632	0.086789	0.004632	0.086789	0.004632	0.441392	0.004632	1.376681	11.513993	
2.000000	3.000000	0.000000	0.000000	0.000000	1.377186	0.000000	0.000000	0.000000	0.000000	0.000000	13.771856	1.918653	2.583964	0.000000	0.000000	0.000000	1.372979	0.018797	0.084464	0.000000	0.000000	0.000000	0.004673	0.085010	0.004673	0.085010	0.004673	0.432565	0.004673	1.377186	11.614026	
2.000000	3.000000	0.000000	0.000000	0.000000	1.377703	0.000000	0.000000	0.000000	0.000000	0.000000	13.777032	1.920496	2.592241	0.000000	0.000000	0.000000	1.373452	0.018436	0.082773	0.000000	0.000000	0.000000	0.004724	0.083264	0.004724	0.083264	0.004724	0.423915	0.004724	1.377703	11.714026	
2.000000	3.000000	0.000000	0.000000	0.000000	1.378235	0.000000	0.000000	0.000000	0.000000	0.000000	13.782351	1.922305	2.600352	0.000000	0.000000	0.000000	1.373930	0.018087	0.081115	0.000000	0.000000	0.000000	0.004783	0.081549	0.004783	0.081549	0.004783	0.415437	0.004783	1.378235	11.813999	
2.000000	3.000000	0.000000	0.000000	0.000000	1.378783	0.000000	0.000000	0.000000	0.000000	0.000000	13.787827	1.924080	2.608301	0.000000	0.000000	0.000000	1.374415	0.017749	0.079489	0.000000	0.000000	0.000000	0.004853	0.079865	0.004853	0.079865	0.004853	0.407130	0.004853	1.378783	11.914019	
2.000000	3.000000	0.000000	0.000000	0.000000	1.379348	0.000000	0.000000	0.000000	0.000000	0.000000	13.793476	1.925822	2.616091	0.000000	0.000000	0.000000	1.374909	0.017423	0.077894	0.000000	0.000000	0.000000	0.004932	0.078212	0.004932	0.078212	0.004932	0.398988	0.004932	1.379348	12.014008	
2.000000	3.000000	0.000000	0.000000	0.000000	1.379931	0.000000	0.000000	0.000000	0.000000	0.000000	13.799314	1.927533	2.623724	0.000000	0.000000	0.000000	1.375411	0.017108	0.076331	0.000000	0.000000	0.000000	0.005023	0.076587	0.005023	0.076587	0.005023	0.391010	0.005023	1.379931	12.114007	
2.000000	3.000000	0.000000	0.000000	0.000000	1.380536	0.000000	0.000000	0.000000	0.000000	0.000000	13.805359	1.929213	2.631204	0.000000	0.000000	0.000000	1.375923	0.016804	0.074798	0.000000	0.000000	0.000000	0.005125	0.074990	0.005125	0.074990	0.005125	0.383191	0.005125	1.380536	12.214007	
2.000000	3.000000	0.000000	0.000000	0.000000	1.381163	0.000000	0.000000	0.000000	0.000000	0.000000	13.811632	1.930865	2.638533	0.000000	0.000000	0.000000	1.376447	0.016512	0.073294	0.000000	0.000000	0.000000	0.005240	0.073421	0.005240	0.073421	0.005240	0.375528	0.005240	1.381163	12.314007	
2.000000	3.000000	0.000000	0.000000	0.000000	1.381816	0.000000	0.000000	0.000000	0.000000	0.000000	13.818155	1.932488	2.645715	0.000000	0.000000	0.000000	1.376984	0.016232	0.071820	0.000000	0.000000	0.000000	0.005368	0.071877	0.005368	0.071877	0.005368	0.368019	0.005368	1.381816	12.414000	
2.000000	3.000000	0.000000	0.000000	0.000000	1.382495	0.000000	0.000000	0.000000	0.000000	0.000000	13.824951	1.934084	2.652752	0.000000	0.000000	0.000000	1.377535	0.015964	0.070374	0.000000	0.000000	0.000000	0.005511	0.070360	0.005511	0.070360	0.005511	0.360660	0.005511	1.382495	12.514010	
2.000000	3.000000	0.000000	0.000000	0.000000	1.383205	0.000000	0.000000	0.000000	0.000000	0.000000	13.832048	1.935655	2.659648	0.000000	0.000000	0.000000	1.378102	0.015708	0.068955	0.000000	0.000000	0.000000	0.005670	0.068866	0.005670	0.068866	0.005670	0.353448	0.005670	1.383205	12.614043	
2.000000	3.000000	0.000000	0.000000	0.000000	1.383947	0.000000	0.000000	0.000000	0.000000	0.000000	13.839474	1.937201	2.666404	0.000000	0.000000	0.000000	1.378687	0.015464	0.067564	0.000000	0.000000	0.000000	0.005845	0.067396	0.005845	0.067396	0.005845	0.346381	0.005845	1.383947	12.714020	
2.000000	3.000000	0.000000	0.000000	0.000000	1.384726	0.000000	0.000000	0.000000	0.000000	0.000000	13.847262	1.938725	2.673024	0.000000	0.000000	0.000000	1.379291	0.015233	0.066199	0.000000	0.000000	0.000000	0.006039	0.065949	0.006039	0.065949	0.006039	0.339455	0.006039	1.384726	12.814081	
2.000000	3.000000	0.000000	0.000000	0.000000	1.385545	0.000000	0.000000	0.000000	0.000000	0.000000	13.855448	1.940226	2.679510	0.000000	0.000000	0.000000	1.379916	0.015015	0.064860	0.000000	0.000000	0.000000	0.006254	0.064522	0.006254	0.064522	0.006254	0.332668	0.006254	1.385545	12.914021	
2.000000	3.000000	0.000000	0.000000	0.000000	1.386407	0.000000	0.000000	0.000000	0.000000	0.000000	13.864072	1.941707	2.685865	0.000000	0.000000	0.000000	1.380565	0.014811	0.063546	0.000000	0.000000	0.000000	0.006491	0.063116	0.006491	0.063116	0.006491	0.326016	0.006491	1.386407	13.014053	
2.000000	3.000000	0.000000	0.000000	0.000000	1.387318	0.000000	0.000000	0.000000	0.000000	0.000000	13.873178	1.943170	2.692091	0.000000	0.000000	0.000000	1.381240	0.014622	0.062256	0.000000	0.000000	0.000000	0.006753	0.061728	0.006753	0.061728	0.006753	0.319498	0.006753	1.387318	13.114278	
2.000000	3.000000	0.000000	0.000000	0.000000	1.388282	0.000000	0.000000	0.000000	0.000000	0.000000	13.882817	1.944614	2.698190	0.000000	0.000000	0.000000	1.381945	0.014448	0.060991	0.000000	0.000000	0.000000	0.007041	0.060357	0.007041	0.060357	0.007041	0.313110	0.007041	1.388282	13.214029	
2.000000	3.000000	0.000000	0.000000	0.000000	1.389304	0.000000	0.000000	0.000000	0.000000	0.000000	13.893042	1.946043	2.704164	0.000000	0.000000	0.000000	1.382681	0.014290	0.059748	0.000000	0.000000	0.000000	0.007360	0.059003	0.007360	0.059003	0.007360	0.306850	0.007360	1.389304	13.314084	
2.000000	3.000000	0.000000	0.000000	0.000000	1.390392	0.000000	0.000000	0.000000	0.000000	0.000000	13.903918	1.947458	2.710017	0.000000	0.000000	0.000000	1.383452	0.014148	0.058528	0.000000	0.000000	0.000000	0.007711	0.057663	0.007711	0.057663	0.007711	0.300716	0.007711	1.390392	13.414081	
2.000000	3.000000	0.000000	0.000000	0.000000	1.391551	0.000000	0.000000	0.000000	0.000000	0.000000	13.915513	1.948861	2.715750	0.000000	0.000000	0.000000	1.384262	0.014025	0.057330	0.000000	0.000000	0.000000	0.008100	0.056336	0.008100	0.056336	0.008100	0.294704	0.008100	1.391551	13.514104	
2.000000	3.000000	0.000000	0.000000	0.000000	1.392791	0.000000	0.000000	0.000000	0.000000	0.000000	13.927908	1.950253	2.721365	0.000000	0.000000	0.000000	1.385115	0.013922	0.056153	0.000000	0.000000	0.000000	0.008529	0.055019	0.008529	0.055019	0.008529	0.288813	0.008529	1.392791	13.614047	
2.000000	3.000000	0.000000	0.000000	0.000000	1.394119	0.000000	0.000000	0.000000	0.000000	0.000000	13.941190	1.951637	2.726865	0.000000	0.000000	0.000000	1.386015	0.013840	0.054996	0.000000	0.000000	0.000000	0.009004	0.053712	0.009004	0.053712	0.009004	0.283041	0.009004	1.394119	13.714046	
2.000000	3.000000	0.000000	0.000000	0.000000	1.395546	0.000000	0.000000	0.000000	0.000000	0.000000	13.955460	1.953015	2.732251	0.000000	0.000000	0.000000	1.386968	0.013781	0.053859	0.000000	0.000000	0.000000	0.009531	0.052411	0.009531	0.052411	0.009531	0.277384	0.009531	1.395546	13.814086	
2.000000	3.000000	0.000000	0.000000	0.000000	1.397083	0.000000	0.000000	0.000000	0.000000	0.000000	13.970834	1.954390	2.737525	0.000000	0.000000	0.000000	1.387980	0.013747	0.052741	0.000000	0.000000	0.000000	0.010115	0.051114	0.010115	0.051114	0.010115	0.271840	0.010115	1.397083	13.914090	
2.000000	3.000000	0.000000	0.000000	0.000000	1.398744	0.000000	0.000000	0.000000	0.000000	0.000000	13.987440	1.955764	2.742689	0.000000	0.000000	0.000000	1.389056	0.013740	0.051641	0.000000	0.000000	0.000000	0.010764	0.049819	0.010764	0.049819	0.010764	0.266408	0.010764	1.398744	14.014115	
2.000000	3.000000	0.000000	0.000000	0.000000	1.400543	0.000000	0.000000	0.000000	0.000000	0.000000	14.005428	1.957140	2.747745	0.000000	0.000000	0.000000	1.390205	0.013764	0.050559	0.000000	0.000000	0.000000	0.011487	0.048522	0.011487	0.048522	0.011487	0.261086	0.011487	1.400543	14.114085	
2.000000	3.000000	0.000000	0.000000	0.000000	1.402497	0.000000	0.000000	0.000000	0.000000	0.000000	14.024965	1.958522	2.752694	0.000000	0.000000	0.000000	1.391434	0.013822	0.049492	0.000000	0.000000	0.000000	0.012292	0.047220	0.012292	0.047220	0.012292	0.255870	0.012292	1.402497	14.214068	
2.000000	3.000000	0.000000	0.000000	0.000000	1.404625	0.000000	0.000000	0.000000	0.000000	0.000000	14.046247	1.959914	2.757538	0.000000	0.000000	0.000000	1.392753	0.013918	0.048442	0.000000	0.000000	0.000000	0.013191	0.045908	0.013191	0.045908	0.013191	0.250760	0.013191	1.404625	14.314054	
2.000000	3.000000	0.000000	0.000000	0.000000	1.406950	0.000000	0.000000	0.000000	0.000000	0.000000	14.069496	1.961320	2.762279	0.000000	0.000000	0.000000	1.394173	0.014056	0.047406	0.000000	0.000000	0.000000	0.014197	0.044583	0.014197	0.044583	0.014197	0.245753	0.014197	1.406950	14.414108	
2.000000	3.000000	0.000000	0.000000	0.000000	1.409497	0.000000	0.000000	0.000000	0.000000	0.000000	14.094967	1.962744	2.766917	0.000000	0.000000	0.000000	1.395705	0.014241	0.046383	0.000000	0.000000	0.000000	0.015324	0.043239	0.015324	0.043239	0.015324	0.240847	0.015324	1.409497	14.514081	
2.000000	3.000000	0.000000	0.000000	0.000000	1.412296	0.000000	0.000000	0.000000	0.000000	0.000000	14.122958	1.964192	2.771455	0.000000	0.000000	0.000000	1.397364	0.014480	0.045373	0.000000	0.000000	0.000000	0.016591	0.041870	0.016591	0.041870	0.016591	0.236041	0.016591	1.412296	14.614075	
2.000000	3.000000	0.000000	0.000000	0.000000	1.415381	0.000000	0.000000	0.000000	0.000000	0.000000	14.153808	1.965670	2.775892	0.000000	0.000000	0.000000	1.399166	0.014780	0.044374	0.000000	0.000000	0.000000	0.018017	0.040469	0.018017	0.040469	0.018017	0.231334	0.018017	1.415381	14.714060	
2.000000	3.000000	0.000000	0.000000	0.000000	1.418792	0.000000	0.000000	0.000000	0.000000	0.000000	14.187916	1.967185	2.780231	0.000000	0.000000	0.000000	1.401128	0.015150	0.043386	0.000000	0.000000	0.000000	0.019626	0.039028	0.019626	0.039028	0.019626	0.226722	0.019626	1.418792	14.814064	
2.000000	3.000000	0.000000	0.000000	0.000000	1.422574	0.000000	0.000000	0.000000	0.000000	0.000000	14.225744	1.968745	2.784471	0.000000	0.000000	0.000000	1.403273	0.015599	0.042406	0.000000	0.000000	0.000000	0.021446	0.037538	0.021446	0.037538	0.021446	0.222206	0.021446	1.422574	14.914106	
2.000000	3.000000	0.000000	0.000000	0.000000	1.426783	0.000000	0.000000	0.000000	0.000000	0.000000	14.267828	1.970359	2.788615	0.000000	0.000000	0.000000	1.405624	0.016139	0.041434	0.000000	0.000000	0.000000	0.023510	0.035989	0.023510	0.035989	0.023510	0.217783	0.023510	1.426783	15.014069	
2.000000	3.000000	0.000000	0.000000	0.000000	1.431480	0.000000	0.000000	0.000000	0.000000	0.000000	14.314798	1.972037	2.792661	0.000000	0.000000	0.000000	1.408210	0.016786	0.040467	0.000000	0.000000	0.000000	0.025856	0.034367	0.025856	0.034367	0.025856	0.213453	0.025856	1.431480	15.114116	
2.000000	3.000000	0.000000	0.000000	0.000000	1.436739	0.000000	0.000000	0.000000	0.000000	0.000000	14.367391	1.973792	2.796612	0.000000	0.000000	0.000000	1.411063	0.017554	0.039506	0.000000	0.000000	0.000000	0.028530	0.032657	0.028530	0.032657	0.028530	0.209216	0.028530	1.436739	15.214125	
2.000000	3.000000	0.000000	0.000000	0.000000	1.442647	0.000000	0.000000	0.000000	0.000000	0.000000	14.426475	1.975639	2.800467	0.000000	0.000000	0.000000	1.414221	0.018464	0.038547	0.000000	0.000000	0.000000	0.031585	0.030842	0.031585	0.030842	0.031585	0.205070	0.031585	1.442647	15.314099	
2.000000	3.000000	0.000000	0.000000	0.000000	1.449307	0.000000	0.000000	0.000000	0.000000	0.000000	14.493069	1.977593	2.804226	0.000000	0.000000	0.000000	1.417730	0.019540	0.037591	0.000000	0.000000	0.000000	0.035086	0.028902	0.035086	0.028902	0.035086	0.201015	0.035086	1.449307	15.415218	
2.000000	3.000000	0.000000	0.000000	0.000000	1.456838	0.000000	0.000000	0.000000	0.000000	0.000000	14.568378	1.979674	2.807889	0.000000	0.000000	0.000000	1.421640	0.020808	0.036636	0.000000	0.000000	0.000000	0.039108	0.026811	0.039108	0.026811	0.039108	0.197052	0.039108	1.456838	15.515269	
2.000000	3.000000	0.000000	0.000000	0.000000	1.465383	0.000000	0.000000	0.000000	0.000000	0.000000	14.653830	1.981904	2.811458	0.000000	0.000000	0.000000	1.426015	0.022304	0.035681	0.000000	0.000000	0.000000	0.043743	0.024541	0.043743	0.024541	0.043743	0.193183	0.043743	1.465383	15.615390	
2.000000	3.000000	0.000000	0.000000	0.000000	1.475111	0.000000	0.000000	0.000000	0.000000	0.000000	14.751114	1.984311	2.814930	0.000000	0.000000	0.000000	1.430924	0.024067	0.034727	0.000000	0.000000	0.000000	0.049097	0.022057	0.049097	0.022057	0.049097	0.189409	0.049097	1.475111	15.715300	
2.000000	3.000000	0.000000	0.000000	0.000000	1.486224	0.000000	0.000000	0.000000	0.000000	0.000000	14.862240	1.986925	2.818308	0.000000	0.000000	0.000000	1.436454	0.026145	0.033775	0.000000	0.000000	0.000000	0.055300	0.019317	0.055300	0.019317	0.055300	0.185734	0.055300	1.486224	15.815151	
2.000000	3.000000	0.000000	0.000000	0.000000	1.498960	0.000000	0.000000	0.000000	0.000000	0.000000	14.989595	1.989785	2.821590	0.000000	0.000000	0.000000	1.442705	0.028595	0.032827	0.000000	0.000000	0.000000	0.062505	0.016272	0.062505	0.016272	0.062505	0.182162	0.062505	1.498960	15.915165	
2.000000	3.000000	0.000000	0.000000	0.000000	1.513602	0.000000	0.000000	0.000000	0.000000	0.000000	15.136020	1.992934	2.824779	0.000000	0.000000	0.000000	1.449795	0.031487	0.031890	0.000000	0.000000	0.000000	0.070897	0.012865	0.070897	0.012865	0.070897	0.178702	0.070897	1.513602	16.015149	
2.000000	3.000000	0.000000	0.000000	0.000000	1.530489	0.000000	0.000000	0.000000	0.000000	0.000000	15.304891	1.996424	2.827877	0.000000	0.000000	0.000000	1.457864	0.034902	0.030972	0.000000	0.000000	0.000000	0.080695	0.009024	0.080695	0.009024	0.080695	0.175363	0.080695	1.530489	16.115169	
2.000000	3.000000	0.000000	0.000000	0.000000	1.550022	0.000000	0.000000	0.000000	0.000000	0.000000	15.500216	2.000317	2.830886	0.000000	0.000000	0.000000	1.467080	0.038937	0.030090	0.000000	0.000000	0.000000	0.092158	0.004667	0.092158	0.004667	0.092158	0.172161	0.092158	1.550022	16.215241	
2.000000	3.000000	0.000000	0.000000	0.000000	1.572673	0.000000	0.000000	0.000000	0.000000	0.000000	15.726732	2.004688	2.833812	0.000000	0.000000	0.000000	1.477639	0.043709	0.029267	0.000000	0.000000	0.000000	0.105593	-0.000303	0.105593	-0.000303	0.105593	0.169115	0.105593	1.572673	16.315139	
2.000000	3.000000	0.000000	0.000000	0.000000	1.599000	0.000000	0.000000	0.000000	0.000000	0.000000	15.990000	2.009624	2.836666	0.000000	0.000000	0.000000	1.489775	0.049353	0.028539	0.000000	0.000000	0.000000	0.121361	-0.005998	0.121361	-0.005998	0.121361	0.166254	0.121361	1.599000	16.415267	
2.000000	3.000000	0.000000	0.000000	0.000000	1.629648	0.000000	0.000000	0.000000	0.000000	0.000000	16.296482	2.015226	2.839462	0.000000	0.000000	0.000000	1.503762	0.056021	0.027962	0.000000	0.000000	0.000000	0.139873	-0.012550	0.139873	-0.012550	0.139873	0.163617	0.139873	1.629648	16.515297	
2.000000	3.000000	0.000000	0.000000	0.000000	1.665356	0.000000	0.000000	0.000000	0.000000	0.000000	16.653556	2.021614	2.842224	0.000000	0.000000	0.000000	1.519922	0.063887	0.027614	0.000000	0.000000	0.000000	0.161593	-0.020104	0.161593	-0.020104	0.161593	0.161258	0.161593	1.665356	16.615202	
2.000000	3.000000	0.000000	0.000000	0.000000	1.706943	0.000000	0.000000	0.000000	0.000000	0.000000	17.069430	2.028928	2.844985	0.000000	0.000000	0.000000	1.538624	0.073132	0.027611	0.000000	0.000000	0.000000	0.187021	-0.028813	0.187021	-0.028813	0.187021	0.159250	0.187021	1.706943	16.715346	
2.000000	3.000000	0.000000	0.000000	0.000000	1.755286	0.000000	0.000000	0.000000	0.000000	0.000000	17.552860	2.037321	2.847796	0.000000	0.000000	0.000000	1.560290	0.083934	0.028116	0.000000	0.000000	0.000000	0.216662	-0.038833	0.216662	-0.038833	0.216662	0.157691	0.216662	1.755286	16.817217	
2.000000	3.000000	0.000000	0.000000	0.000000	1.811257	0.000000	0.000000	0.000000	0.000000	0.000000	18.112568	2.046965	2.850731	0.000000	0.000000	0.000000	1.585387	0.096439	0.029349	0.000000	0.000000	0.000000	0.250967	-0.050299	0.250967	-0.050299	0.250967	0.156712	0.250967	1.811257	16.917200	
2.000000	3.000000	0.000000	0.000000	0.000000	1.875624	0.000000	0.000000	0.000000	0.000000	0.000000	18.756241	2.058037	2.853892	0.000000	0.000000	0.000000	1.614411	0.110718	0.031606	0.000000	0.000000	0.000000	0.290237	-0.063293	0.290237	-0.063293	0.290237	0.156483	0.290237	1.875624	17.017200	
2.000000	3.000000	0.000000	0.000000	0.000000	1.948902	0.000000	0.000000	0.000000	0.000000	0.000000	19.489024	2.070707	2.857418	0.000000	0.000000	0.000000	1.647860	0.126701	0.035258	0.000000	0.000000	0.000000	0.334492	-0.077804	0.334492	-0.077804	0.334492	0.157213	0.334492	1.948902	17.117234	
2.000000	3.000000	0.000000	0.000000	0.000000	2.031160	0.000000	0.000000	0.000000	0.000000	0.000000	20.311605	2.085117	2.861491	0.000000	0.000000	0.000000	1.686190	0.144104	0.040736	0.000000	0.000000	0.000000	0.383301	-0.093670	0.383301	-0.093670	0.383301	0.159151	0.383301	2.031160	17.217201	
2.000000	3.000000	0.000000	0.000000	0.000000	2.121829	0.000000	0.000000	0.000000	0.000000	0.000000	21.218289	2.101353	2.866341	0.000000	0.000000	0.000000	1.729754	0.162356	0.048493	0.000000	0.000000	0.000000	0.435639	-0.110534	0.435639	-0.110534	0.435639	0.162572	0.435639	2.121829	17.317208	
2.000000	3.000000	0.000000	0.000000	0.000000	2.219583	0.000000	0.000000	0.000000	0.000000	0.000000	22.195835	2.119409	2.872233	0.000000	0.000000	0.000000	1.778737	0.180564	0.058928	0.000000	0.000000	0.000000	0.489830	-0.127825	0.489830	-0.127825	0.489830	0.167742	0.489830	2.219583	17.417233	
2.000000	3.000000	0.000000	0.000000	0.000000	2.322396	0.000000	0.000000	0.000000	0.000000	0.000000	23.223963	2.139166	2.879461	0.000000	0.000000	0.000000	1.833103	0.197568	0.072277	0.000000	0.000000	0.000000	0.543660	-0.144796	0.543660	-0.144796	0.543660	0.174880	0.543660	2.322396	17.518019	
2.000000	3.000000	0.000000	0.000000	0.000000	2.427797	0.000000	0.000000	0.000000	0.000000	0.000000	24.277966	2.160374	2.888313	0.000000	0.000000	0.000000	1.892572	0.212081	0.088523	0.000000	0.000000	0.000000	0.594694	-0.160630	0.594694	-0.160630	0.594694	0.184111	0.594694	2.427797	17.624131	
2.000000	3.000000	0.000000	0.000000	0.000000	2.533278	0.000000	0.000000	0.000000	0.000000	0.000000	25.332785	2.182664	2.899047	0.000000	0.000000	0.000000	1.956643	0.222900	0.107336	0.000000	0.000000	0.000000	0.640706	-0.174584	0.640706	-0.174584	0.640706	0.195432	0.640706	2.533278	17.724155	
2.000000	3.000000	0.000000	0.000000	0.000000	2.636702	0.000000	0.000000	0.000000	0.000000	0.000000	26.367019	2.205576	2.911857	0.000000	0.000000	0.000000	2.024649	0.229113	0.128098	0.000000	0.000000	0.000000	0.680059	-0.186112	0.680059	-0.186112	0.680059	0.208705	0.680059	2.636702	17.824119	
2.000000	3.000000	0.000000	0.000000	0.000000	2.736539	0.000000	0.000000	0.000000	0.000000	0.000000	27.365389	2.228597	2.926856	0.000000	0.000000	0.000000	2.095838	0.230216	0.149988	0.000000	0.000000	0.000000	0.711890	-0.194927	0.711890	-0.194927	0.711890	0.223675	0.711890	2.736539	17.924358	
2.000000	3.000000	0.000000	0.000000	0.000000	2.831916	0.000000	0.000000	0.000000	0.000000	0.000000	28.319163	2.251210	2.944066	0.000000	0.000000	0.000000	2.169446	0.226127	0.172103	0.000000	0.000000	0.000000	0.736079	-0.200996	0.736079	-0.200996	0.736079	0.240014	0.736079	2.831916	18.024111	
2.000000	3.000000	0.000000	0.000000	0.000000	2.922508	0.000000	0.000000	0.000000	0.000000	0.000000	29.225075	2.272922	2.963423	0.000000	0.000000	0.000000	2.244752	0.217116	0.193567	0.000000	0.000000	0.000000	0.753062	-0.204475	0.753062	-0.204475	0.753062	0.257362	0.753062	2.922508	18.130609	
2.000000	3.000000	0.000000	0.000000	0.000000	3.008365	0.000000	0.000000	0.000000	0.000000	0.000000	30.083647	2.293292	2.984784	0.000000	0.000000	0.000000	2.321113	0.203706	0.213615	0.000000	0.000000	0.000000	0.763613	-0.205639	0.763613	-0.205639	0.763613	0.275362	0.763613	3.008365	18.230547	
2.000000	3.000000	0.000000	0.000000	0.000000	3.089759	0.000000	0.000000	0.000000	0.000000	0.000000	30.897593	2.311948	3.007947	0.000000	0.000000	0.000000	2.397978	0.186561	0.231634	0.000000	0.000000	0.000000	0.768646	-0.204815	0.768646	-0.204815	0.768646	0.293687	0.768646	3.089759	18.330823	
2.000000	3.000000	0.000000	0.000000	0.000000	-3.116121	0.000000	0.000000	0.000000	0.000000	0.000000	-31.161214	2.328589	3.032665	0.000000	0.000000	0.000000	2.474886	0.166408	0.247174	0.000000	0.000000	0.000000	0.769086	-0.202335	0.769086	-0.202335	0.769086	0.312049	-5.514099	-3.116121	18.434471	
2.000000	3.000000	0.000000	0.000000	0.000000	-3.042509	0.000000	0.000000	0.000000	0.000000	0.000000	-30.425088	2.342987	3.058659	0.000000	0.000000	0.000000	2.551465	0.143975	0.259944	0.000000	0.000000	0.000000	0.765790	-0.198515	0.765790	-0.198515	0.765790	0.330209	-5.517395	-3.042509	18.534519	
2.000000	3.000000	0.000000	0.000000	0.000000	-2.972207	0.000000	0.000000	0.000000	0.000000	0.000000	-29.722065	2.354982	3.085638	0.000000	0.000000	0.000000	2.627417	0.119951	0.269792	0.000000	0.000000	0.000000	0.759514	-0.193636	0.759514	-0.193636	0.759514	0.347966	-5.523672	-2.972207	18.634477	
2.000000	3.000000	0.000000	0.000000	0.000000	-2.904868	0.000000	0.000000	0.000000	0.000000	0.000000	-29.048684	2.364478	3.113307	0.000000	0.000000	0.000000	2.702507	0.094963	0.276682	0.000000	0.000000	0.000000	0.750900	-0.187942	0.750900	-0.187942	0.750900	0.365166	-5.532285	-2.904868	18.734479	
2.000000	3.000000	0.000000	0.000000	0.000000	-2.840190	0.000000	0.000000	0.000000	0.000000	0.000000	-28.401899	2.371435	3.141374	0.000000	0.000000	0.000000	2.776556	0.069570	0.280673	0.000000	0.000000	0.000000	0.740489	-0.181641	0.740489	-0.181641	0.740489	0.381684	-5.542697	-2.840190	18.836558	
2.000000	3.000000	0.000000	0.000000	0.000000	-2.777908	0.000000	0.000000	0.000000	0.000000	0.000000	-27.779077	2.375860	3.169563	0.000000	0.000000	0.000000	2.849428	0.044249	0.281895	0.000000	0.000000	0.000000	0.728722	-0.174908	0.728722	-0.174908	0.728722	0.397430	-5.554463	-2.777908	18.936440	
2.000000	3.000000	0.000000	0.000000	0.000000	-2.717795	0.000000	0.000000	0.000000	0.000000	0.000000	-27.177954	2.377800	3.197616	0.000000	0.000000	0.000000	2.921024	0.019403	0.280529	0.000000	0.000000	0.000000	0.715962	-0.167887	0.715962	-0.167887	0.715962	0.412338	-5.567223	-2.717795	19.042227	
2.000000	3.000000	0.000000	0.000000	0.000000	-2.659659	0.000000	0.000000	0.000000	0.000000	0.000000	-26.596589	2.377336	3.225296	0.000000	0.000000	0.000000	2.991274	-0.004636	0.276794	0.000000	0.000000	0.000000	0.702502	-0.160698	0.702502	-0.160698	0.702502	0.426363	-5.580683	-2.659659	19.142219	
2.000000	3.000000	0.000000	0.000000	0.000000	-2.603331	0.000000	0.000000	0.000000	0.000000	0.000000	-26.033314	2.374576	3.252389	0.000000	0.000000	0.000000	3.060132	-0.027607	0.270931	0.000000	0.000000	0.000000	0.688580	-0.153437	0.688580	-0.153437	0.688580	0.439478	-5.594606	-2.603331	19.242219	
2.000000	3.000000	0.000000	0.000000	0.000000	-2.548668	0.000000	0.000000	0.000000	0.000000	0.000000	-25.486684	2.369645	3.278708	0.000000	0.000000	0.000000	3.127571	-0.049307	0.263189	0.000000	0.000000	0.000000	0.674385	-0.146184	0.674385	-0.146184	0.674385	0.451671	-5.608801	-2.548668	19.342228	
2.000000	3.000000	0.000000	0.000000	0.000000	-2.495544	0.000000	0.000000	0.000000	0.000000	0.000000	-24.955444	2.362686	3.304090	0.000000	0.000000	0.000000	-3.089608	-0.069588	0.253822	0.000000	0.000000	0.000000	0.660070	-0.139002	0.660070	-0.139002	0.660070	0.462942	-5.623115	-2.495544	19.448592	
2.000000	3.000000	0.000000	0.000000	0.000000	-2.443849	0.000000	0.000000	0.000000	0.000000	0.000000	-24.438493	2.353851	3.328398	0.000000	0.000000	0.000000	-3.025032	-0.088350	0.243077	0.000000	0.000000	0.000000	0.645758	-0.131943	0.645758	-0.131943	0.645758	0.473299	0.645758	-2.443849	19.553409	
2.000000	3.000000	0.000000	0.000000	0.000000	-2.393486	0.000000	0.000000	0.000000	0.000000	0.000000	-23.934855	2.343298	3.351517	0.000000	0.000000	0.000000	-2.961877	-0.105531	0.231192	0.000000	0.000000	0.000000	0.631546	-0.125047	0.631546	-0.125047	0.631546	0.482759	0.631546	-2.393486	19.653475	
2.000000	3.000000	0.000000	0.000000	0.000000	-2.344366	0.000000	0.000000	0.000000	0.000000	0.000000	-23.443663	2.331187	3.373356	0.000000	0.000000	0.000000	-2.900126	-0.121108	0.218390	0.000000	0.000000	0.000000	0.617511	-0.118344	0.617511	-0.118344	0.617511	0.491343	0.617511	-2.344366	19.754041	
2.000000	3.000000	0.000000	0.000000	0.000000	-2.296414	0.000000	0.000000	0.000000	0.000000	0.000000	-22.964135	2.317679	3.393844	0.000000	0.000000	0.000000	-2.839755	-0.135082	0.204877	0.000000	0.000000	0.000000	0.603713	-0.111858	0.603713	-0.111858	0.603713	0.499079	0.603713	-2.296414	19.857351	
2.000000	3.000000	0.000000	0.000000	0.000000	-2.249556	0.000000	0.000000	0.000000	0.000000	0.000000	-22.495562	2.302931	3.412928	0.000000	0.000000	0.000000	-2.780735	-0.147480	0.190845	0.000000	0.000000	0.000000	0.590199	-0.105607	0.590199	-0.105607	0.590199	0.505997	0.590199	-2.249556	19.957288	
2.000000	3.000000	0.000000	0.000000	0.000000	-2.203730	0.000000	0.000000	0.000000	0.000000	0.000000	-22.037297	2.287096	3.430574	0.000000	0.000000	0.000000	-2.723034	-0.158346	0.176463	0.000000	0.000000	0.000000	0.577005	-0.099603	0.577005	-0.099603	0.577005	0.512130	0.577005	-2.203730	20.067808	
2.000000	3.000000	0.000000	0.000000	0.000000	-2.158874	0.000000	0.000000	0.000000	0.000000	0.000000	-21.588743	2.270322	3.446763	0.000000	0.000000	0.000000	-2.666618	-0.167740	0.161883	0.000000	0.000000	0.000000	0.564160	-0.093854	0.564160	-0.093854	0.564160	0.517512	0.564160	-2.158874	20.173719	
2.000000	3.000000	0.000000	0.000000	0.000000	-2.114935	0.000000	0.000000	0.000000	0.000000	0.000000	-21.149350	2.252749	3.461487	0.000000	0.000000	0.000000	-2.611450	-0.175731	0.147242	0.000000	0.000000	0.000000	0.551683	-0.088366	0.551683	-0.088366	0.551683	0.522179	0.551683	-2.114935	20.278540	
2.000000	3.000000	0.000000	0.000000	0.000000	-2.071860	0.000000	0.000000	0.000000	0.000000	0.000000	-20.718604	2.234510	3.474752	0.000000	0.000000	0.000000	-2.557491	-0.182396	0.132654	0.000000	0.000000	0.000000	0.539590	-0.083139	0.539590	-0.083139	0.539590	0.526168	0.539590	-2.071860	20.378692	
2.000000	3.000000	0.000000	0.000000	0.000000	-2.029602	0.000000	0.000000	0.000000	0.000000	0.000000	-20.296023	2.215728	3.486574	0.000000	0.000000	0.000000	-2.504702	-0.187818	0.118221	0.000000	0.000000	0.000000	0.527889	-0.078174	0.527889	-0.078174	0.527889	0.529514	0.527889	-2.029602	20.491673	
2.000000	3.000000	0.000000	0.000000	0.000000	-1.988115	0.000000	0.000000	0.000000	0.000000	0.000000	-19.881154	2.196520	3.496977	0.000000	0.000000	0.000000	-2.453044	-0.192083	0.104028	0.000000	0.000000	0.000000	0.516587	-0.073468	0.516587	-0.073468	0.516587	0.532253	0.516587	-1.988115	20.595404	
2.000000	3.000000	0.000000	0.000000	0.000000	-1.947357	0.000000	0.000000	0.000000	0.000000	0.000000	-19.473570	2.176992	3.505992	0.000000	0.000000	0.000000	-2.402475	-0.195277	0.090145	0.000000	0.000000	0.000000	0.505687	-0.069018	0.505687	-0.069018	0.505687	0.534421	0.505687	-1.947357	20.695615	
2.000000	3.000000	0.000000	0.000000	0.000000	-1.907286	0.000000	0.000000	0.000000	0.000000	0.000000	-19.072863	2.157244	3.513655	0.000000	0.000000	0.000000	-2.352956	-0.197485	0.076631	0.000000	0.000000	0.000000	0.495189	-0.064818	0.495189	-0.064818	0.495189	0.536054	0.495189	-1.907286	20.812342	
2.000000	3.000000	0.000000	0.000000	0.000000	-1.867865	0.000000	0.000000	0.000000	0.000000	0.000000	-18.678647	2.137364	3.520008	0.000000	0.000000	0.000000	-2.304447	-0.198793	0.063533	0.000000	0.000000	0.000000	0.485091	-0.060863	0.485091	-0.060863	0.485091	0.537184	0.485091	-1.867865	20.919043	
2.000000	3.000000	0.000000	0.000000	0.000000	-1.829055	0.000000	0.000000	0.000000	0.000000	0.000000	-18.290552	2.117436	3.525097	0.000000	0.000000	0.000000	-2.256908	-0.199281	0.050886	0.000000	0.000000	0.000000	0.475392	-0.057147	0.475392	-0.057147	0.475392	0.537845	0.475392	-1.829055	21.027761	
2.000000	3.000000	0.000000	0.000000	0.000000	-1.790822	0.000000	0.000000	0.000000	0.000000	0.000000	-17.908224	2.097533	3.528968	0.000000	0.000000	0.000000	-2.210299	-0.199029	0.038718	0.000000	0.000000	0.000000	0.466085	-0.053662	0.466085	-0.053662	0.466085	0.538068	0.466085	-1.790822	21.136356	
2.000000	3.000000	0.000000	0.000000	0.000000	-1.753132	0.000000	0.000000	0.000000	0.000000	0.000000	-17.531323	2.077722	3.531673	0.000000	0.000000	0.000000	-2.164583	-0.198112	0.027048	0.000000	0.000000	0.000000	0.457167	-0.050401	0.457167	-0.050401	0.457167	0.537885	0.457167	-1.753132	21.236335	
2.000000	3.000000	0.000000	0.000000	0.000000	-1.715952	0.000000	0.000000	0.000000	0.000000	0.000000	-17.159522	2.058062	3.533262	0.000000	0.000000	0.000000	-2.119719	-0.196599	0.015887	0.000000	0.000000	0.000000	0.448630	-0.047357	0.448630	-0.047357	0.448630	0.537324	0.448630	-1.715952	21.348265	
2.000000	3.000000	0.000000	0.000000	0.000000	-1.679250	0.000000	0.000000	0.000000	0.000000	0.000000	-16.792503	2.038606	3.533786	0.000000	0.000000	0.000000	-2.075673	-0.194558	0.005241	0.000000	0.000000	0.000000	0.440469	-0.044521	0.440469	-0.044521	0.440469	0.536413	0.440469	-1.679250	21.460951	
2.000000	3.000000	0.000000	0.000000	0.000000	-1.642996	0.000000	0.000000	0.000000	0.000000	0.000000	-16.429963	2.019401	3.533297	0.000000	0.000000	0.000000	-2.032405	-0.192050	-0.004888	0.000000	0.000000	0.000000	0.432676	-0.041887	0.432676	-0.041887	0.432676	0.535180	0.432676	-1.642996	21.569538	
2.000000	3.000000	0.000000	0.000000	0.000000	-1.607160	0.000000	0.000000	0.000000	0.000000	0.000000	-16.071604	2.000488	3.531847	0.000000	0.000000	0.000000	-1.989880	-0.189133	-0.014505	0.000000	0.000000	0.000000	0.425244	-0.039447	0.425244	-0.039447	0.425244	0.533650	0.425244	-1.607160	21.675675	
2.000000	3.000000	0.000000	0.000000	0.000000	-1.571714	0.000000	0.000000	0.000000	0.000000	0.000000	-15.717140	1.981902	3.529485	0.000000	0.000000	0.000000	-1.948064	-0.185861	-0.023616	0.000000	0.000000	0.000000	0.418166	-0.037192	0.418166	-0.037192	0.418166	0.531847	0.418166	-1.571714	21.794554	
2.000000	3.000000	0.000000	0.000000	0.000000	-1.536629	0.000000	0.000000	0.000000	0.000000	0.000000	-15.366292	1.963674	3.526262	0.000000	0.000000	0.000000	-1.906920	-0.182282	-0.032234	0.000000	0.000000	0.000000	0.411435	-0.035116	0.411435	-0.035116	0.411435	0.529794	0.411435	-1.536629	21.894502	
2.000000	3.000000	0.000000	0.000000	0.000000	-1.501879	0.000000	0.000000	0.000000	0.000000	0.000000	-15.018787	1.945830	3.522225	0.000000	0.000000	0.000000	-1.866416	-0.178441	-0.040370	0.000000	0.000000	0.000000	0.405042	-0.033212	0.405042	-0.033212	0.405042	0.527514	0.405042	-1.501879	22.009627	
2.000000	3.000000	0.000000	0.000000	0.000000	-1.467436	0.000000	0.000000	0.000000	0.000000	0.000000	-14.674361	1.928392	3.517421	0.000000	0.000000	0.000000	-1.826518	-0.174378	-0.048040	0.000000	0.000000	0.000000	0.398980	-0.031472	0.398980	-0.031472	0.398980	0.525027	0.398980	-1.467436	22.120926	
2.000000	3.000000	0.000000	0.000000	0.000000	-1.433275	0.000000	0.000000	0.000000	0.000000	0.000000	-14.332755	1.911379	3.511895	0.000000	0.000000	0.000000	-1.787194	-0.170131	-0.055260	0.000000	0.000000	0.000000	0.393243	-0.029889	0.393243	-0.029889	0.393243	0.522352	0.393243	-1.433275	22.237537	
2.000000	3.000000	0.000000	0.000000	0.000000	-1.399372	0.000000	0.000000	0.000000	0.000000	0.000000	-13.993716	1.894806	3.505690	0.000000	0.000000	0.000000	-1.748412	-0.165732	-0.062048	0.000000	0.000000	0.000000	0.387822	-0.028458	0.387822	-0.028458	0.387822	0.519509	0.387822	-1.399372	22.349402	
2.000000	3.000000	0.000000	0.000000	0.000000	-1.365700	0.000000	0.000000	0.000000	0.000000	0.000000	-13.656997	1.878684	3.498848	0.000000	0.000000	0.000000	-1.710140	-0.161213	-0.068423	0.000000	0.000000	0.000000	0.382712	-0.027172	0.382712	-0.027172	0.382712	0.516515	0.382712	-1.365700	22.462006	
2.000000	3.000000	0.000000	0.000000	0.000000	-1.332236	0.000000	0.000000	0.000000	0.000000	0.000000	-13.322355	1.863025	3.491407	0.000000	0.000000	0.000000	-1.672350	-0.156598	-0.074403	0.000000	0.000000	0.000000	0.377905	-0.026024	0.377905	-0.026024	0.377905	0.513387	0.377905	-1.332236	22.568180	
2.000000	3.000000	0.000000	0.000000	0.000000	-1.298955	0.000000	0.000000	0.000000	0.000000	0.000000	-12.989553	1.847833	3.483406	0.000000	0.000000	0.000000	-1.635011	-0.151912	-0.080009	0.000000	0.000000	0.000000	0.373395	-0.025009	0.373395	-0.025009	0.373395	0.510141	0.373395	-1.298955	22.691500	
2.000000	3.000000	0.000000	0.000000	0.000000	-1.265836	0.000000	0.000000	0.000000	0.000000	0.000000	-12.658355	1.833116	3.474880	0.000000	0.000000	0.000000	-1.598093	-0.147177	-0.085260	0.000000	0.000000	0.000000	0.369175	-0.024121	0.369175	-0.024121	0.369175	0.506790	0.369175	-1.265836	22.798537	
2.000000	3.000000	0.000000	0.000000	0.000000	-1.232853	0.000000	0.000000	0.000000	0.000000	0.000000	-12.328534	1.818875	3.465863	0.000000	0.000000	0.000000	-1.561569	-0.142409	-0.090177	0.000000	0.000000	0.000000	0.365240	-0.023356	0.365240	-0.023356	0.365240	0.503351	0.365240	-1.232853	22.907607	
2.000000	3.000000	0.000000	0.000000	0.000000	-1.199986	0.000000	0.000000	0.000000	0.000000	0.000000	-11.999862	1.805112	3.456385	0.000000	0.000000	0.000000	-1.525411	-0.137626	-0.094777	0.000000	0.000000	0.000000	0.361583	-0.022708	0.361583	-0.022708	0.361583	0.499834	0.361583	-1.199986	23.016967	
2.000000	3.000000	0.000000	0.000000	0.000000	-1.167212	0.000000	0.000000	0.000000	0.000000	0.000000	-11.672116	1.791828	3.446477	0.000000	0.000000	0.000000	-1.489591	-0.132840	-0.099080	0.000000	0.000000	0.000000	0.358199	-0.022172	0.358199	-0.022172	0.358199	0.496255	0.358199	-1.167212	23.131384	
2.000000	3.000000	0.000000	0.000000	0.000000	-1.134508	0.000000	0.000000	0.000000	0.000000	0.000000	-11.345078	1.779022	3.436166	0.000000	0.000000	0.000000	-1.454083	-0.128063	-0.103106	0.000000	0.000000	0.000000	0.355083	-0.021743	0.355083	-0.021743	0.355083	0.492623	0.355083	-1.134508	23.238747	
2.000000	3.000000	0.000000	0.000000	0.000000	-1.101853	0.000000	0.000000	0.000000	0.000000	0.000000	-11.018530	1.766691	3.425479	0.000000	0.000000	0.000000	-1.418860	-0.123305	-0.106872	0.000000	0.000000	0.000000	0.352230	-0.021418	0.352230	-0.021418	0.352230	0.488950	0.352230	-1.101853	23.351076	
2.000000	3.000000	0.000000	0.000000	0.000000	-1.069226	0.000000	0.000000	0.000000	0.000000	0.000000	-10.692258	1.754834	3.414440	0.000000	0.000000	0.000000	-1.383896	-0.118575	-0.110396	0.000000	0.000000	0.000000	0.349634	-0.021192	0.349634	-0.021192	0.349634	0.485248	0.349634	-1.069226	23.462685	
2.000000	3.000000	0.000000	0.000000	0.000000	-1.036605	0.000000	0.000000	0.000000	0.000000	0.000000	-10.366052	1.743446	3.403070	0.000000	0.000000	0.000000	-1.349167	-0.113877	-0.113695	0.000000	0.000000	0.000000	0.347291	-0.021062	0.347291	-0.021062	0.347291	0.481525	0.347291	-1.036605	23.576451	
2.000000	3.000000	0.000000	0.000000	0.000000	-1.003970	0.000000	0.000000	0.000000	0.000000	0.000000	-10.039703	1.732524	3.391391	0.000000	0.000000	0.000000	-1.314647	-0.109218	-0.116786	0.000000	0.000000	0.000000	0.345197	-0.021023	0.345197	-0.021023	0.345197	0.477792	0.345197	-1.003970	23.692302	
2.000000	3.000000	0.000000	0.000000	0.000000	-0.971301	0.000000	0.000000	0.000000	0.000000	0.000000	-9.713005	1.722064	3.379423	0.000000	0.000000	0.000000	-1.280313	-0.104600	-0.119684	0.000000	0.000000	0.000000	0.343347	-0.021072	0.343347	-0.021072	0.343347	0.474057	0.343347	-0.971301	23.801619	
2.000000	3.000000	0.000000	0.000000	0.000000	-0.938575	0.000000	0.000000	0.000000	0.000000	0.000000	-9.385754	1.712062	3.367183	0.000000	0.000000	0.000000	-1.246139	-0.100025	-0.122403	0.000000	0.000000	0.000000	0.341737	-0.021206	0.341737	-0.021206	0.341737	0.470330	0.341737	-0.938575	23.914140	
2.000000	3.000000	0.000000	0.000000	0.000000	-0.905775	0.000000	0.000000	0.000000	0.000000	0.000000	-9.057750	1.702512	3.354687	0.000000	0.000000	0.000000	-1.212103	-0.095496	-0.124959	0.000000	0.000000	0.000000	0.340364	-0.021421	0.340364	-0.021421	0.340364	0.466617	0.340364	-0.905775	24.028143	
2.000000	3.000000	0.000000	0.000000	0.000000	-0.872879	0.000000	0.000000	0.000000	0.000000	0.000000	-8.728795	1.693411	3.341950	0.000000	0.000000	0.000000	-1.178180	-0.091011	-0.127365	0.000000	0.000000	0.000000	0.339223	-0.021715	0.339223	-0.021715	0.339223	0.462927	0.339223	-0.872879	24.140921	
2.000000	3.000000	0.000000	0.000000	0.000000	-0.839869	0.000000	0.000000	0.000000	0.000000	0.000000	-8.398691	1.684754	3.328987	0.000000	0.000000	0.000000	-1.144349	-0.086569	-0.129633	0.000000	0.000000	0.000000	0.338311	-0.022084	0.338311	-0.022084	0.338311	0.459268	0.338311	-0.839869	24.249903	
2.000000	3.000000	0.000000	0.000000	0.000000	-0.806725	0.000000	0.000000	0.000000	0.000000	0.000000	-8.067247	1.676537	3.315810	0.000000	0.000000	0.000000	-1.110587	-0.082170	-0.131774	0.000000	0.000000	0.000000	0.337625	-0.022526	0.337625	-0.022526	0.337625	0.455645	0.337625	-0.806725	24.371369	
2.000000	3.000000	0.000000	0.000000	0.000000	-0.773427	0.000000	0.000000	0.000000	0.000000	0.000000	-7.734272	1.668756	3.302429	0.000000	0.000000	0.000000	-1.076871	-0.077809	-0.133801	0.000000	0.000000	0.000000	0.337160	-0.023038	0.337160	-0.023038	0.337160	0.452066	0.337160	-0.773427	24.495535	
2.000000	3.000000	0.000000	0.000000	0.000000	-0.739958	0.000000	0.000000	0.000000	0.000000	0.000000	-7.399579	1.661408	3.288857	0.000000	0.000000	0.000000	-1.043179	-0.073483	-0.135723	0.000000	0.000000	0.000000	0.336913	-0.023618	0.336913	-0.023618	0.336913	0.448538	0.336913	-0.739958	24.605942	
2.000000	3.000000	0.000000	0.000000	0.000000	-0.706298	0.000000	0.000000	0.000000	0.000000	0.000000	-7.062985	1.654489	3.275102	0.000000	0.000000	0.000000	-1.009491	-0.069189	-0.137550	0.000000	0.000000	0.000000	0.336881	-0.024262	0.336881	-0.024262	0.336881	0.445065	0.336881	-0.706298	24.740941	
2.000000	3.000000	0.000000	0.000000	0.000000	-0.672431	0.000000	0.000000	0.000000	0.000000	0.000000	-6.724309	1.647997	3.261173	0.000000	0.000000	0.000000	-0.975785	-0.064920	-0.139290	0.000000	0.000000	0.000000	0.337060	-0.024968	0.337060	-0.024968	0.337060	0.441655	0.337060	-0.672431	24.850098	
2.000000	3.000000	0.000000	0.000000	0.000000	-0.638338	0.000000	0.000000	0.000000	0.000000	0.000000	-6.383377	1.641930	3.247078	0.000000	0.000000	0.000000	-0.942041	-0.060672	-0.140950	0.000000	0.000000	0.000000	0.337448	-0.025735	0.337448	-0.025735	0.337448	0.438312	0.337448	-0.638338	24.968392	
2.000000	3.000000	0.000000	0.000000	0.000000	-0.604002	0.000000	0.000000	0.000000	0.000000	0.000000	-6.040017	1.636286	3.232825	0.000000	0.000000	0.000000	-0.908237	-0.056438	-0.142537	0.000000	0.000000	0.000000	0.338039	-0.026559	0.338039	-0.026559	0.338039	0.435042	0.338039	-0.604002	25.093540	
2.000000	3.000000	0.000000	0.000000	0.000000	-0.569406	0.000000	0.000000	0.000000	0.000000	0.000000	-5.694061	1.631065	3.218419	0.000000	0.000000	0.000000	-0.874354	-0.052212	-0.144057	0.000000	0.000000	0.000000	0.338831	-0.027439	0.338831	-0.027439	0.338831	0.431851	0.338831	-0.569406	25.206402	
2.000000	3.000000	0.000000	0.000000	0.000000	-0.534535	0.000000	0.000000	0.000000	0.000000	0.000000	-5.345351	1.626266	3.203867	0.000000	0.000000	0.000000	-0.840372	-0.047987	-0.145514	0.000000	0.000000	0.000000	0.339819	-0.028371	0.339819	-0.028371	0.339819	0.428742	0.339819	-0.534535	25.322114	
2.000000	3.000000	0.000000	0.000000	0.000000	-0.499373	0.000000	0.000000	0.000000	0.000000	0.000000	-4.993729	1.621891	3.189176	0.000000	0.000000	0.000000	-0.806272	-0.043754	-0.146913	0.000000	0.000000	0.000000	0.340999	-0.029353	0.340999	-0.029353	0.340999	0.425722	0.340999	-0.499373	25.445386	
2.000000	3.000000	0.000000	0.000000	0.000000	-0.463905	0.000000	0.000000	0.000000	0.000000	0.000000	-4.639049	1.617940	3.174351	0.000000	0.000000	0.000000	-0.772035	-0.039507	-0.148255	0.000000	0.000000	0.000000	0.342367	-0.030384	0.342367	-0.030384	0.342367	0.422793	0.342367	-0.463905	25.560279	
2.000000	3.000000	0.000000	0.000000	0.000000	-0.428117	0.000000	0.000000	0.000000	0.000000	0.000000	-4.281170	1.614416	3.159396	0.000000	0.000000	0.000000	-0.737643	-0.035237	-0.149544	0.000000	0.000000	0.000000	0.343918	-0.031459	0.343918	-0.031459	0.343918	0.419962	0.343918	-0.428117	25.677221	
2.000000	3.000000	0.000000	0.000000	0.000000	-0.391996	0.000000	0.000000	0.000000	0.000000	0.000000	-3.919957	1.611323	3.144318	0.000000	0.000000	0.000000	-0.703079	-0.030936	-0.150779	0.000000	0.000000	0.000000	0.345648	-0.032578	0.345648	-0.032578	0.345648	0.417231	0.345648	-0.391996	25.801111	
2.000000	3.000000	0.000000	0.000000	0.000000	-0.355529	0.000000	0.000000	0.000000	0.000000	0.000000	-3.555287	1.608663	3.129122	0.000000	0.000000	0.000000	-0.668324	-0.026596	-0.151959	0.000000	0.000000	0.000000	0.347550	-0.033737	0.347550	-0.033737	0.347550	0.414606	0.347550	-0.355529	25.917463	
2.000000	3.000000	0.000000	0.000000	0.000000	-0.318705	0.000000	0.000000	0.000000	0.000000	0.000000	-3.187045	1.606442	3.113814	0.000000	0.000000	0.000000	-0.633362	-0.022208	-0.153085	0.000000	0.000000	0.000000	0.349619	-0.034934	0.349619	-0.034934	0.349619	0.412089	0.349619	-0.318705	26.036807	
2.000000	3.000000	0.000000	0.000000	0.000000	-0.281513	0.000000	0.000000	0.000000	0.000000	0.000000	-2.815127	1.604666	3.098399	0.000000	0.000000	0.000000	-0.598177	-0.017764	-0.154151	0.000000	0.000000	0.000000	0.351849	-0.036165	0.351849	-0.036165	0.351849	0.409684	0.351849	-0.281513	26.154545	
2.000000	3.000000	0.000000	0.000000	0.000000	-0.243944	0.000000	0.000000	0.000000	0.000000	0.000000	-2.439438	1.603340	3.082883	0.000000	0.000000	0.000000	-0.562754	-0.013255	-0.155155	0.000000	0.000000	0.000000	0.354233	-0.037428	0.354233	-0.037428	0.354233	0.407396	0.354233	-0.243944	26.274006	
2.000000	3.000000	0.000000	0.000000	0.000000	-0.205990	0.000000	0.000000	0.000000	0.000000	0.000000	-2.059897	1.602473	3.067274	0.000000	0.000000	0.000000	-0.527077	-0.008673	-0.156092	0.000000	0.000000	0.000000	0.356764	-0.038720	0.356764	-0.038720	0.356764	0.405226	0.356764	-0.205990	26.374075	
2.000000	3.000000	0.000000	0.000000	0.000000	-0.167643	0.000000	0.000000	0.000000	0.000000	0.000000	-1.676434	1.602072	3.051579	0.000000	0.000000	0.000000	-0.491134	-0.004011	-0.156955	0.000000	0.000000	0.000000	0.359434	-0.040037	0.359434	-0.040037	0.359434	0.403179	0.359434	-0.167643	26.509273	
2.000000	3.000000	0.000000	0.000000	0.000000	-0.128899	0.000000	0.000000	0.000000	0.000000	0.000000	-1.288994	1.602146	3.035805	0.000000	0.000000	0.000000	-0.454910	0.000738	-0.157737	0.000000	0.000000	0.000000	0.362234	-0.041376	0.362234	-0.041376	0.362234	0.401257	0.362234	-0.128899	26.623102	
2.000000	3.000000	0.000000	0.000000	0.000000	-0.089753	0.000000	0.000000	0.000000	0.000000	0.000000	-0.897535	1.602704	3.019962	0.000000	0.000000	0.000000	-0.418395	0.005582	-0.158428	0.000000	0.000000	0.000000	0.365157	-0.042734	0.365157	-0.042734	0.365157	0.399462	0.365157	-0.089753	26.755039	
2.000000	3.000000	0.000000	0.000000	0.000000	-0.050203	0.000000	0.000000	0.000000	0.000000	0.000000	-0.502029	1.603757	3.004060	0.000000	0.000000	0.000000	-0.381575	0.010527	-0.159019	0.000000	0.000000	0.000000	0.368192	-0.044107	0.368192	-0.044107	0.368192	0.397797	0.368192	-0.050203	26.855004	
2.000000	3.000000	0.000000	0.000000	0.000000	-0.010247	0.000000	0.000000	0.000000	0.000000	0.000000	-0.102466	1.605314	2.988110	0.000000	0.000000	0.000000	-0.344443	0.015577	-0.159499	0.000000	0.000000	0.000000	0.371329	-0.045491	0.371329	-0.045491	0.371329	0.396264	0.371329	-0.010247	26.988842	
2.000000	3.000000	0.000000	0.000000	0.000000	0.030115	0.000000	0.000000	0.000000	0.000000	0.000000	0.301152	1.607388	2.972125	0.000000	0.000000	0.000000	-0.306987	0.020737	-0.159856	0.000000	0.000000	0.000000	0.374558	-0.046883	0.374558	-0.046883	0.374558	0.394865	0.374558	0.030115	27.113441	
2.000000	3.000000	0.000000	0.000000	0.000000	0.070880	0.000000	0.000000	0.000000	0.000000	0.000000	0.708804	1.609989	2.956117	0.000000	0.000000	0.000000	-0.269200	0.026010	-0.160075	0.000000	0.000000	0.000000	0.377867	-0.048278	0.377867	-0.048278	0.377867	0.393600	0.377867	0.070880	27.247097	
2.000000	3.000000	0.000000	0.000000	0.000000	0.112045	0.000000	0.000000	0.000000	0.000000	0.000000	1.120454	1.613129	2.940103	0.000000	0.000000	0.000000	-0.231076	0.031398	-0.160144	0.000000	0.000000	0.000000	0.381245	-0.049671	0.381245	-0.049671	0.381245	0.392472	0.381245	0.112045	27.367202	
2.000000	3.000000	0.000000	0.000000	0.000000	0.153605	0.000000	0.000000	0.000000	0.000000	0.000000	1.536048	1.616819	2.924098	0.000000	0.000000	0.000000	-0.192608	0.036900	-0.160046	0.000000	0.000000	0.000000	0.384680	-0.051060	0.384680	-0.051060	0.384680	0.391480	0.384680	0.153605	27.494360	
2.000000	3.000000	0.000000	0.000000	0.000000	0.195552	0.000000	0.000000	0.000000	0.000000	0.000000	1.955517	1.621071	2.908122	0.000000	0.000000	0.000000	-0.153792	0.042517	-0.159767	0.000000	0.000000	0.000000	0.388159	-0.052439	0.388159	-0.052439	0.388159	0.390626	0.388159	0.195552	27.618403	
2.000000	3.000000	0.000000	0.000000	0.000000	0.237877	0.000000	0.000000	0.000000	0.000000	0.000000	2.378775	1.625895	2.892193	0.000000	0.000000	0.000000	-0.114625	0.048245	-0.159288	0.000000	0.000000	0.000000	0.391669	-0.053803	0.391669	-0.053803	0.391669	0.389909	0.391669	0.237877	27.718460	
2.000000	3.000000	0.000000	0.000000	0.000000	0.280572	0.000000	0.000000	0.000000	0.000000	0.000000	2.805720	1.631303	2.876333	0.000000	0.000000	0.000000	-0.075105	0.054080	-0.158595	0.000000	0.000000	0.000000	0.395197	-0.055150	0.395197	-0.055150	0.395197	0.389329	0.395197	0.280572	27.851506	
2.000000	3.000000	0.000000	0.000000	0.000000	0.323623	0.000000	0.000000	0.000000	0.000000	0.000000	3.236234	1.637305	2.860566	0.000000	0.000000	0.000000	-0.035232	0.060014	-0.157669	0.000000	0.000000	0.000000	0.398728	-0.056473	0.398728	-0.056473	0.398728	0.388884	0.398728	0.323623	27.951497	
