2.000000	3.000000	0.000000	0.000000	0.000000	0.000000	0.000000	0.000000	0.000000	0.000000	0.000000	0.000000	0.011000	0.000500	0.000000	0.000000	0.000000	0.003333	0.330000	0.015000	0.000000	0.000000	0.000000	0.100000	0.000000	0.000000	0.330000	0.100000	3.605551	0.982794	0.982794	0.102094	
2.000000	3.000000	0.000000	0.000000	0.000000	0.000000	0.000000	0.000000	0.000000	0.000000	0.000000	0.000000	0.021998	0.001037	0.000000	0.000000	0.000000	0.006667	0.329948	0.016100	0.000000	0.000000	0.000000	0.100000	0.000000	0.000000	0.330000	0.100000	3.599044	0.981926	0.985260	0.350961	
2.000000	3.000000	0.000000	0.000000	0.000000	0.000000	0.000000	0.000000	0.000000	0.000000	0.000000	0.000000	0.032995	0.001610	0.000000	0.000000	0.000000	0.010000	0.329893	0.017200	0.000000	0.000000	0.000000	0.100000	0.000000	0.000000	0.330000	0.100000	3.592530	0.981062	0.987729	0.449630	
2.000000	3.000000	0.000000	0.000000	0.000000	0.000000	0.000000	0.000000	0.000000	0.000000	0.000000	0.000000	0.043989	0.002220	0.000000	0.000000	0.000000	0.013333	0.329834	0.018299	0.000000	0.000000	0.000000	0.100000	0.000000	0.000000	0.330000	0.100000	3.586008	0.980200	0.990200	0.613748	
2.000000	3.000000	0.000000	0.000000	0.000000	0.000000	0.000000	0.000000	0.000000	0.000000	0.000000	0.000000	0.054982	0.002867	0.000000	0.000000	0.000000	0.016667	0.329771	0.019399	0.000000	0.000000	0.000000	0.100000	0.000000	0.000000	0.330000	0.100000	3.579478	0.979342	0.992675	0.771672	
2.000000	3.000000	0.000000	0.000000	0.000000	0.000000	0.000000	0.000000	0.000000	0.000000	0.000000	0.000000	0.065972	0.003550	0.000000	0.000000	0.000000	0.020000	0.329704	0.020498	0.000000	0.000000	0.000000	0.100000	0.000000	0.000000	0.330000	0.100000	3.572941	0.978486	0.995153	0.931725	
2.000000	3.000000	0.000000	0.000000	0.000000	0.000000	0.000000	0.000000	0.000000	0.000000	0.000000	0.000000	0.076959	0.004270	0.000000	0.000000	0.000000	0.023333	0.329634	0.021597	0.000000	0.000000	0.000000	0.100000	0.000000	0.000000	0.330000	0.100000	3.566396	0.977634	0.997634	1.082222	
2.000000	3.000000	0.000000	0.000000	0.000000	0.000000	0.000000	0.000000	0.000000	0.000000	0.000000	0.000000	0.087945	0.005026	0.000000	0.000000	0.000000	0.026667	0.329560	0.022695	0.000000	0.000000	0.000000	0.100000	0.000000	0.000000	0.330000	0.100000	3.559843	0.976784	1.000117	1.222937	
2.000000	3.000000	0.000000	0.000000	0.000000	0.000000	0.000000	0.000000	0.000000	0.000000	0.000000	0.000000	0.098928	0.005819	0.000000	0.000000	0.000000	0.030000	0.329483	0.023794	0.000000	0.000000	0.000000	0.100000	0.000000	0.000000	0.330000	0.100000	3.553283	0.975937	1.002604	1.373976	
2.000000	3.000000	0.000000	0.000000	0.000000	0.000000	0.000000	0.000000	0.000000	0.000000	0.000000	0.000000	0.109908	0.006649	0.000000	0.000000	0.000000	0.033333	0.329402	0.024892	0.000000	0.000000	0.000000	0.100000	0.000000	0.000000	0.330000	0.100000	3.546716	0.975094	1.005094	1.522439	
2.000000	3.000000	0.000000	0.000000	0.000000	0.000000	0.000000	0.000000	0.000000	0.000000	0.000000	0.000000	0.120885	0.007515	0.000000	0.000000	0.000000	0.036667	0.329317	0.025990	0.000000	0.000000	0.000000	0.100000	0.000000	0.000000	0.330000	0.100000	3.540141	0.974253	1.007586	1.672308	
2.000000	3.000000	0.000000	0.000000	0.000000	0.000000	0.000000	0.000000	0.000000	0.000000	0.000000	0.000000	0.131859	0.008418	0.000000	0.000000	0.000000	0.040000	0.329228	0.027087	0.000000	0.000000	0.000000	0.100000	0.000000	0.000000	0.330000	0.100000	3.533559	0.973416	1.010082	1.828564	
2.000000	3.000000	0.000000	0.000000	0.000000	0.000000	0.000000	0.000000	0.000000	0.000000	0.000000	0.000000	0.142830	0.009358	0.000000	0.000000	0.000000	0.043333	0.329136	0.028184	0.000000	0.000000	0.000000	0.100000	0.000000	0.000000	0.330000	0.100000	3.526969	0.972581	1.012581	1.978614	
2.000000	3.000000	0.000000	0.000000	0.000000	0.000000	0.000000	0.000000	0.000000	0.000000	0.000000	0.000000	0.153798	0.010334	0.000000	0.000000	0.000000	0.046667	0.329040	0.029281	0.000000	0.000000	0.000000	0.100000	0.000000	0.000000	0.330000	0.100000	3.520372	0.971750	1.015083	2.127009	
2.000000	3.000000	0.000000	0.000000	0.000000	0.000000	0.000000	0.000000	0.000000	0.000000	0.000000	0.000000	0.164763	0.011346	0.000000	0.000000	0.000000	0.050000	0.328941	0.030378	0.000000	0.000000	0.000000	0.100000	0.000000	0.000000	0.330000	0.100000	3.513768	0.970922	1.017588	2.283813	
2.000000	3.000000	0.000000	0.000000	0.000000	0.000000	0.000000	0.000000	0.000000	0.000000	0.000000	0.000000	0.175724	0.012396	0.000000	0.000000	0.000000	0.053333	0.328838	0.031474	0.000000	0.000000	0.000000	0.100000	0.000000	0.000000	0.330000	0.100000	3.507156	0.970097	1.020097	2.439121	
2.000000	3.000000	0.000000	0.000000	0.000000	0.000000	0.000000	0.000000	0.000000	0.000000	0.000000	0.000000	0.186682	0.013481	0.000000	0.000000	0.000000	0.056667	0.328731	0.032570	0.000000	0.000000	0.000000	0.100000	0.000000	0.000000	0.330000	0.100000	3.500537	0.969275	1.022608	2.585469	
2.000000	3.000000	0.000000	0.000000	0.000000	0.000000	0.000000	0.000000	0.000000	0.000000	0.000000	0.000000	0.197636	0.014603	0.000000	0.000000	0.000000	0.060000	0.328621	0.033666	0.000000	0.000000	0.000000	0.100000	0.000000	0.000000	0.330000	0.100000	3.493911	0.968456	1.025123	2.732553	
2.000000	3.000000	0.000000	0.000000	0.000000	0.000000	0.000000	0.000000	0.000000	0.000000	0.000000	0.000000	0.208586	0.015762	0.000000	0.000000	0.000000	0.063333	0.328507	0.034761	0.000000	0.000000	0.000000	0.100000	0.000000	0.000000	0.330000	0.100000	3.487278	0.967641	1.027641	2.880039	
2.000000	3.000000	0.000000	0.000000	0.000000	0.000000	0.000000	0.000000	0.000000	0.000000	0.000000	0.000000	0.219533	0.016957	0.000000	0.000000	0.000000	0.066667	0.328389	0.035856	0.000000	0.000000	0.000000	0.100000	0.000000	0.000000	0.330000	0.100000	3.480638	0.966829	1.030162	3.035184	
2.000000	3.000000	0.000000	0.000000	0.000000	0.000000	0.000000	0.000000	0.000000	0.000000	0.000000	0.000000	0.230475	0.018189	0.000000	0.000000	0.000000	0.070000	0.328268	0.036950	0.000000	0.000000	0.000000	0.100000	0.000000	0.000000	0.330000	0.100000	3.473990	0.966020	1.032687	3.183372	
2.000000	3.000000	0.000000	0.000000	0.000000	0.000000	0.000000	0.000000	0.000000	0.000000	0.000000	0.000000	0.241413	0.019457	0.000000	0.000000	0.000000	0.073333	0.328143	0.038044	0.000000	0.000000	0.000000	0.100000	0.000000	0.000000	0.330000	0.100000	3.467336	0.965214	1.035214	3.343058	
2.000000	3.000000	0.000000	0.000000	0.000000	0.000000	0.000000	0.000000	0.000000	0.000000	0.000000	0.000000	0.252347	0.020762	0.000000	0.000000	0.000000	0.076667	0.328014	0.039138	0.000000	0.000000	0.000000	0.100000	0.000000	0.000000	0.330000	0.100000	3.460674	0.964412	1.037746	3.490175	
2.000000	3.000000	0.000000	0.000000	0.000000	0.000000	0.000000	0.000000	0.000000	0.000000	0.000000	0.000000	0.263276	0.022103	0.000000	0.000000	0.000000	0.080000	0.327882	0.040231	0.000000	0.000000	0.000000	0.100000	0.000000	0.000000	0.330000	0.100000	3.454005	0.963613	1.040280	3.640323	
2.000000	3.000000	0.000000	0.000000	0.000000	0.000000	0.000000	0.000000	0.000000	0.000000	0.000000	0.000000	0.274201	0.023480	0.000000	0.000000	0.000000	0.083333	0.327746	0.041324	0.000000	0.000000	0.000000	0.100000	0.000000	0.000000	0.330000	0.100000	3.447330	0.962818	1.042818	3.794760	
2.000000	3.000000	0.000000	0.000000	0.000000	0.000000	0.000000	0.000000	0.000000	0.000000	0.000000	0.000000	0.285121	0.024894	0.000000	0.000000	0.000000	0.086667	0.327606	0.042416	0.000000	0.000000	0.000000	0.100000	0.000000	0.000000	0.330000	0.100000	3.440647	0.962026	1.045359	3.949831	
2.000000	3.000000	0.000000	0.000000	0.000000	0.000000	0.000000	0.000000	0.000000	0.000000	0.000000	0.000000	0.296037	0.026344	0.000000	0.000000	0.000000	0.090000	0.327463	0.043508	0.000000	0.000000	0.000000	0.100000	0.000000	0.000000	0.330000	0.100000	3.433958	0.961237	1.047904	4.049878	
2.000000	3.000000	0.000000	0.000000	0.000000	0.000000	0.000000	0.000000	0.000000	0.000000	0.000000	0.000000	0.306947	0.027831	0.000000	0.000000	0.000000	0.093333	0.327316	0.044599	0.000000	0.000000	0.000000	0.100000	0.000000	0.000000	0.330000	0.100000	3.427261	0.960452	1.050452	4.203652	
2.000000	3.000000	0.000000	0.000000	0.000000	0.000000	0.000000	0.000000	0.000000	0.000000	0.000000	0.000000	0.317853	0.029354	0.000000	0.000000	0.000000	0.096667	0.327166	0.045690	0.000000	0.000000	0.000000	0.100000	0.000000	0.000000	0.330000	0.100000	3.420558	0.959670	1.053003	4.303647	
2.000000	3.000000	0.000000	0.000000	0.000000	0.000000	0.000000	0.000000	0.000000	0.000000	0.000000	0.000000	0.328753	0.030913	0.000000	0.000000	0.000000	0.100000	0.327012	0.046780	0.000000	0.000000	0.000000	0.100000	0.000000	0.000000	0.330000	0.100000	3.413848	0.958891	1.055558	4.449799	
2.000000	3.000000	0.000000	0.000000	0.000000	0.000000	0.000000	0.000000	0.000000	0.000000	0.000000	0.000000	0.339648	0.032509	0.000000	0.000000	0.000000	0.103333	0.326854	0.047870	0.000000	0.000000	0.000000	0.100000	0.000000	0.000000	0.330000	0.100000	3.407131	0.958116	1.058116	4.549673	
2.000000	3.000000	0.000000	0.000000	0.000000	0.000000	0.000000	0.000000	0.000000	0.000000	0.000000	0.000000	0.350538	0.034141	0.000000	0.000000	0.000000	0.106667	0.326692	0.048959	0.000000	0.000000	0.000000	0.100000	0.000000	0.000000	0.330000	0.100000	3.400407	0.957345	1.060678	4.708472	
2.000000	3.000000	0.000000	0.000000	0.000000	0.000000	0.000000	0.000000	0.000000	0.000000	0.000000	0.000000	0.361422	0.035809	0.000000	0.000000	0.000000	0.110000	0.326527	0.050048	0.000000	0.000000	0.000000	0.100000	0.000000	0.000000	0.330000	0.100000	3.393677	0.956577	1.063244	4.860463	
2.000000	3.000000	0.000000	0.000000	0.000000	0.000000	0.000000	0.000000	0.000000	0.000000	0.000000	0.000000	0.372301	0.037514	0.000000	0.000000	0.000000	0.113333	0.326359	0.051136	0.000000	0.000000	0.000000	0.100000	0.000000	0.000000	0.330000	0.100000	3.386940	0.955813	1.065813	5.014657	
2.000000	3.000000	0.000000	0.000000	0.000000	0.000000	0.000000	0.000000	0.000000	0.000000	0.000000	0.000000	0.383174	0.039255	0.000000	0.000000	0.000000	0.116667	0.326187	0.052224	0.000000	0.000000	0.000000	0.100000	0.000000	0.000000	0.330000	0.100000	3.380197	0.955052	1.068386	5.164778	
2.000000	3.000000	0.000000	0.000000	0.000000	0.000000	0.000000	0.000000	0.000000	0.000000	0.000000	0.000000	0.394041	0.041032	0.000000	0.000000	0.000000	0.120000	0.326011	0.053311	0.000000	0.000000	0.000000	0.100000	0.000000	0.000000	0.330000	0.100000	3.373446	0.954295	1.070962	5.322772	
2.000000	3.000000	0.000000	0.000000	0.000000	0.000000	0.000000	0.000000	0.000000	0.000000	0.000000	0.000000	0.404902	0.042845	0.000000	0.000000	0.000000	0.123333	0.325831	0.054397	0.000000	0.000000	0.000000	0.100000	0.000000	0.000000	0.330000	0.100000	3.366690	0.953542	1.073542	5.430948	
2.000000	3.000000	0.000000	0.000000	0.000000	0.000000	0.000000	0.000000	0.000000	0.000000	0.000000	0.000000	0.415757	0.044694	0.000000	0.000000	0.000000	0.126667	0.325648	0.055483	0.000000	0.000000	0.000000	0.100000	0.000000	0.000000	0.330000	0.100000	3.359926	0.952792	1.076125	5.583247	
2.000000	3.000000	0.000000	0.000000	0.000000	0.000000	0.000000	0.000000	0.000000	0.000000	0.000000	0.000000	0.426605	0.046580	0.000000	0.000000	0.000000	0.130000	0.325461	0.056568	0.000000	0.000000	0.000000	0.100000	0.000000	0.000000	0.330000	0.100000	3.353156	0.952046	1.078713	5.736923	
2.000000	3.000000	0.000000	0.000000	0.000000	0.000000	0.000000	0.000000	0.000000	0.000000	0.000000	0.000000	0.437448	0.048502	0.000000	0.000000	0.000000	0.133333	0.325271	0.057653	0.000000	0.000000	0.000000	0.100000	0.000000	0.000000	0.330000	0.100000	3.346380	0.951304	1.081304	5.837095	
2.000000	3.000000	0.000000	0.000000	0.000000	0.000000	0.000000	0.000000	0.000000	0.000000	0.000000	0.000000	0.448284	0.050460	0.000000	0.000000	0.000000	0.136667	0.325077	0.058737	0.000000	0.000000	0.000000	0.100000	0.000000	0.000000	0.330000	0.100000	3.339598	0.950565	1.083899	5.937099	
2.000000	3.000000	0.000000	0.000000	0.000000	0.000000	0.000000	0.000000	0.000000	0.000000	0.000000	0.000000	0.459113	0.052454	0.000000	0.000000	0.000000	0.140000	0.324879	0.059820	0.000000	0.000000	0.000000	0.100000	0.000000	0.000000	0.330000	0.100000	3.332808	0.949831	1.086497	6.099041	
2.000000	3.000000	0.000000	0.000000	0.000000	0.000000	0.000000	0.000000	0.000000	0.000000	0.000000	0.000000	0.469936	0.054484	0.000000	0.000000	0.000000	0.143333	0.324678	0.060902	0.000000	0.000000	0.000000	0.100000	0.000000	0.000000	0.330000	0.100000	3.326013	0.949100	1.089100	6.253540	
2.000000	3.000000	0.000000	0.000000	0.000000	0.000000	0.000000	0.000000	0.000000	0.000000	0.000000	0.000000	0.480751	0.056550	0.000000	0.000000	0.000000	0.146667	0.324473	0.061984	0.000000	0.000000	0.000000	0.100000	0.000000	0.000000	0.330000	0.100000	3.319211	0.948372	1.091706	6.411149	
2.000000	3.000000	0.000000	0.000000	0.000000	0.000000	0.000000	0.000000	0.000000	0.000000	0.000000	0.000000	0.491560	0.058652	0.000000	0.000000	0.000000	0.150000	0.324265	0.063066	0.000000	0.000000	0.000000	0.100000	0.000000	0.000000	0.330000	0.100000	3.312403	0.947649	1.094316	6.556617	
2.000000	3.000000	0.000000	0.000000	0.000000	0.000000	0.000000	0.000000	0.000000	0.000000	0.000000	0.000000	0.502362	0.060790	0.000000	0.000000	0.000000	0.153333	0.324053	0.064146	0.000000	0.000000	0.000000	0.100000	0.000000	0.000000	0.330000	0.100000	3.305589	0.946930	1.096930	6.719668	
2.000000	3.000000	0.000000	0.000000	0.000000	0.000000	0.000000	0.000000	0.000000	0.000000	0.000000	0.000000	0.513157	0.062964	0.000000	0.000000	0.000000	0.156667	0.323837	0.065226	0.000000	0.000000	0.000000	0.100000	0.000000	0.000000	0.330000	0.100000	3.298769	0.946214	1.099548	6.872443	
2.000000	3.000000	0.000000	0.000000	0.000000	0.000000	0.000000	0.000000	0.000000	0.000000	0.000000	0.000000	0.523944	0.065175	0.000000	0.000000	0.000000	0.160000	0.323618	0.066305	0.000000	0.000000	0.000000	0.100000	0.000000	0.000000	0.330000	0.100000	3.291942	0.945503	1.102170	7.032550	
2.000000	3.000000	0.000000	0.000000	0.000000	0.000000	0.000000	0.000000	0.000000	0.000000	0.000000	0.000000	0.534724	0.067421	0.000000	0.000000	0.000000	0.163333	0.323395	0.067383	0.000000	0.000000	0.000000	0.100000	0.000000	0.000000	0.330000	0.100000	3.285109	0.944795	1.104795	7.132229	
2.000000	3.000000	0.000000	0.000000	0.000000	0.000000	0.000000	0.000000	0.000000	0.000000	0.000000	0.000000	0.545496	0.069703	0.000000	0.000000	0.000000	0.166667	0.323169	0.068461	0.000000	0.000000	0.000000	0.100000	0.000000	0.000000	0.330000	0.100000	3.278270	0.944092	1.107425	7.288481	
2.000000	3.000000	0.000000	0.000000	0.000000	0.000000	0.000000	0.000000	0.000000	0.000000	0.000000	0.000000	0.556261	0.072021	0.000000	0.000000	0.000000	0.170000	0.322939	0.069538	0.000000	0.000000	0.000000	0.100000	0.000000	0.000000	0.330000	0.100000	3.271425	0.943392	1.110059	7.437476	
2.000000	3.000000	0.000000	0.000000	0.000000	0.000000	0.000000	0.000000	0.000000	0.000000	0.000000	0.000000	0.567017	0.074374	0.000000	0.000000	0.000000	0.173333	0.322705	0.070614	0.000000	0.000000	0.000000	0.100000	0.000000	0.000000	0.330000	0.100000	3.264575	0.942697	1.112697	7.592215	
2.000000	3.000000	0.000000	0.000000	0.000000	0.000000	0.000000	0.000000	0.000000	0.000000	0.000000	0.000000	0.577766	0.076764	0.000000	0.000000	0.000000	0.176667	0.322468	0.071689	0.000000	0.000000	0.000000	0.100000	0.000000	0.000000	0.330000	0.100000	3.257718	0.942006	1.115339	7.753360	
2.000000	3.000000	0.000000	0.000000	0.000000	0.000000	0.000000	0.000000	0.000000	0.000000	0.000000	0.000000	0.588507	0.079190	0.000000	0.000000	0.000000	0.180000	0.322227	0.072764	0.000000	0.000000	0.000000	0.100000	0.000000	0.000000	0.330000	0.100000	3.250855	0.941318	1.117985	7.902098	
2.000000	3.000000	0.000000	0.000000	0.000000	0.000000	0.000000	0.000000	0.000000	0.000000	0.000000	0.000000	0.599240	0.081651	0.000000	0.000000	0.000000	0.183333	0.321983	0.073837	0.000000	0.000000	0.000000	0.100000	0.000000	0.000000	0.330000	0.100000	3.243986	0.940635	1.120635	8.062700	
2.000000	3.000000	0.000000	0.000000	0.000000	0.000000	0.000000	0.000000	0.000000	0.000000	0.000000	0.000000	0.609964	0.084148	0.000000	0.000000	0.000000	0.186667	0.321735	0.074910	0.000000	0.000000	0.000000	0.100000	0.000000	0.000000	0.330000	0.100000	3.237111	0.939956	1.123290	8.229001	
2.000000	3.000000	0.000000	0.000000	0.000000	0.000000	0.000000	0.000000	0.000000	0.000000	0.000000	0.000000	0.620681	0.086681	0.000000	0.000000	0.000000	0.190000	0.321484	0.075982	0.000000	0.000000	0.000000	0.100000	0.000000	0.000000	0.330000	0.100000	3.230231	0.939282	1.125948	8.382294	
2.000000	3.000000	0.000000	0.000000	0.000000	0.000000	0.000000	0.000000	0.000000	0.000000	0.000000	0.000000	0.631388	0.089249	0.000000	0.000000	0.000000	0.193333	0.321229	0.077053	0.000000	0.000000	0.000000	0.100000	0.000000	0.000000	0.330000	0.100000	3.223345	0.938611	1.128611	8.554538	
2.000000	3.000000	0.000000	0.000000	0.000000	0.000000	0.000000	0.000000	0.000000	0.000000	0.000000	0.000000	0.642087	0.091853	0.000000	0.000000	0.000000	0.196667	0.320970	0.078124	0.000000	0.000000	0.000000	0.100000	0.000000	0.000000	0.330000	0.100000	3.216453	0.937945	1.131278	8.708167	
2.000000	3.000000	0.000000	0.000000	0.000000	0.000000	0.000000	0.000000	0.000000	0.000000	0.000000	0.000000	0.652777	0.094493	0.000000	0.000000	0.000000	0.200000	0.320708	0.079193	0.000000	0.000000	0.000000	0.100000	0.000000	0.000000	0.330000	0.100000	3.209555	0.937283	1.133950	8.860389	
2.000000	3.000000	0.000000	0.000000	0.000000	0.000000	0.000000	0.000000	0.000000	0.000000	0.000000	0.000000	0.663459	0.097168	0.000000	0.000000	0.000000	0.203333	0.320442	0.080262	0.000000	0.000000	0.000000	0.100000	0.000000	0.000000	0.330000	0.100000	3.202652	0.936625	1.136625	9.014416	
2.000000	3.000000	0.000000	0.000000	0.000000	0.000000	0.000000	0.000000	0.000000	0.000000	0.000000	0.000000	0.674131	0.099879	0.000000	0.000000	0.000000	0.206667	0.320173	0.081330	0.000000	0.000000	0.000000	0.100000	0.000000	0.000000	0.330000	0.100000	3.195743	0.935972	1.139305	9.169285	
2.000000	3.000000	0.000000	0.000000	0.000000	0.000000	0.000000	0.000000	0.000000	0.000000	0.000000	0.000000	0.684795	0.102626	0.000000	0.000000	0.000000	0.210000	0.319900	0.082396	0.000000	0.000000	0.000000	0.100000	0.000000	0.000000	0.330000	0.100000	3.188829	0.935323	1.141990	9.312964	
2.000000	3.000000	0.000000	0.000000	0.000000	0.000000	0.000000	0.000000	0.000000	0.000000	0.000000	0.000000	0.695449	0.105408	0.000000	0.000000	0.000000	0.213333	0.319623	0.083462	0.000000	0.000000	0.000000	0.100000	0.000000	0.000000	0.330000	0.100000	3.181909	0.934679	1.144679	9.476193	
2.000000	3.000000	0.000000	0.000000	0.000000	0.000000	0.000000	0.000000	0.000000	0.000000	0.000000	0.000000	0.706094	0.108225	0.000000	0.000000	0.000000	0.216667	0.319343	0.084527	0.000000	0.000000	0.000000	0.100000	0.000000	0.000000	0.330000	0.100000	3.174983	0.934039	1.147372	9.631568	
2.000000	3.000000	0.000000	0.000000	0.000000	0.000000	0.000000	0.000000	0.000000	0.000000	0.000000	0.000000	0.716729	0.111079	0.000000	0.000000	0.000000	0.220000	0.319060	0.085591	0.000000	0.000000	0.000000	0.100000	0.000000	0.000000	0.330000	0.100000	3.168052	0.933404	1.150070	9.779917	
2.000000	3.000000	0.000000	0.000000	0.000000	0.000000	0.000000	0.000000	0.000000	0.000000	0.000000	0.000000	0.727355	0.113967	0.000000	0.000000	0.000000	0.223333	0.318773	0.086654	0.000000	0.000000	0.000000	0.100000	0.000000	0.000000	0.330000	0.100000	3.161116	0.932773	1.152773	9.934284	
2.000000	3.000000	0.000000	0.000000	0.000000	0.000000	0.000000	0.000000	0.000000	0.000000	0.000000	0.000000	0.737971	0.116891	0.000000	0.000000	0.000000	0.226667	0.318482	0.087716	0.000000	0.000000	0.000000	0.100000	0.000000	0.000000	0.330000	0.100000	3.154174	0.932146	1.155480	10.087625	
2.000000	3.000000	0.000000	0.000000	0.000000	0.000000	0.000000	0.000000	0.000000	0.000000	0.000000	0.000000	0.748577	0.119850	0.000000	0.000000	0.000000	0.230000	0.318188	0.088777	0.000000	0.000000	0.000000	0.100000	0.000000	0.000000	0.330000	0.100000	3.147227	0.931524	1.158191	10.252676	
2.000000	3.000000	0.000000	0.000000	0.000000	0.000000	0.000000	0.000000	0.000000	0.000000	0.000000	0.000000	0.759173	0.122845	0.000000	0.000000	0.000000	0.233333	0.317890	0.089838	0.000000	0.000000	0.000000	0.100000	0.000000	0.000000	0.330000	0.100000	3.140274	0.930907	1.160907	10.405327	
2.000000	3.000000	0.000000	0.000000	0.000000	0.000000	0.000000	0.000000	0.000000	0.000000	0.000000	0.000000	0.769760	0.125875	0.000000	0.000000	0.000000	0.236667	0.317589	0.090897	0.000000	0.000000	0.000000	0.100000	0.000000	0.000000	0.330000	0.100000	3.133317	0.930295	1.163628	10.559506	
2.000000	3.000000	0.000000	0.000000	0.000000	0.000000	0.000000	0.000000	0.000000	0.000000	0.000000	0.000000	0.780336	0.128940	0.000000	0.000000	0.000000	0.240000	0.317284	0.091955	0.000000	0.000000	0.000000	0.100000	0.000000	0.000000	0.330000	0.100000	3.126354	0.929687	1.166354	10.707368	
2.000000	3.000000	0.000000	0.000000	0.000000	0.000000	0.000000	0.000000	0.000000	0.000000	0.000000	0.000000	0.790902	0.132040	0.000000	0.000000	0.000000	0.243333	0.316976	0.093012	0.000000	0.000000	0.000000	0.100000	0.000000	0.000000	0.330000	0.100000	3.119386	0.929084	1.169084	10.871354	
2.000000	3.000000	0.000000	0.000000	0.000000	0.000000	0.000000	0.000000	0.000000	0.000000	0.000000	0.000000	0.801457	0.135176	0.000000	0.000000	0.000000	0.246667	0.316664	0.094068	0.000000	0.000000	0.000000	0.100000	0.000000	0.000000	0.330000	0.100000	3.112413	0.928486	1.171819	10.995906	
2.000000	3.000000	0.000000	0.000000	0.000000	0.000000	0.000000	0.000000	0.000000	0.000000	0.000000	0.000000	0.812002	0.138347	0.000000	0.000000	0.000000	0.250000	0.316349	0.095123	0.000000	0.000000	0.000000	0.100000	0.000000	0.000000	0.330000	0.100000	3.105434	0.927892	1.174559	11.153193	
2.000000	3.000000	0.000000	0.000000	0.000000	0.000000	0.000000	0.000000	0.000000	0.000000	0.000000	0.000000	0.822536	0.141552	0.000000	0.000000	0.000000	0.253333	0.316030	0.096177	0.000000	0.000000	0.000000	0.100000	0.000000	0.000000	0.330000	0.100000	3.098451	0.927303	1.177303	11.306923	
2.000000	3.000000	0.000000	0.000000	0.000000	0.000000	0.000000	0.000000	0.000000	0.000000	0.000000	0.000000	0.833060	0.144793	0.000000	0.000000	0.000000	0.256667	0.315708	0.097230	0.000000	0.000000	0.000000	0.100000	0.000000	0.000000	0.330000	0.100000	3.091463	0.926720	1.180053	11.465651	
2.000000	3.000000	0.000000	0.000000	0.000000	0.000000	0.000000	0.000000	0.000000	0.000000	0.000000	0.000000	0.843573	0.148069	0.000000	0.000000	0.000000	0.260000	0.315382	0.098282	0.000000	0.000000	0.000000	0.100000	0.000000	0.000000	0.330000	0.100000	3.084470	0.926141	1.182807	11.614905	
2.000000	3.000000	0.000000	0.000000	0.000000	0.000000	0.000000	0.000000	0.000000	0.000000	0.000000	0.000000	0.854074	0.151381	0.000000	0.000000	0.000000	0.263333	0.315052	0.099332	0.000000	0.000000	0.000000	0.100000	0.000000	0.000000	0.330000	0.100000	3.077472	0.925567	1.185567	11.774127	
2.000000	3.000000	0.000000	0.000000	0.000000	0.000000	0.000000	0.000000	0.000000	0.000000	0.000000	0.000000	0.864565	0.154727	0.000000	0.000000	0.000000	0.266667	0.314720	0.100382	0.000000	0.000000	0.000000	0.100000	0.000000	0.000000	0.330000	0.100000	3.070469	0.924998	1.188331	11.939913	
2.000000	3.000000	0.000000	0.000000	0.000000	0.000000	0.000000	0.000000	0.000000	0.000000	0.000000	0.000000	0.875045	0.158108	0.000000	0.000000	0.000000	0.270000	0.314383	0.101431	0.000000	0.000000	0.000000	0.100000	0.000000	0.000000	0.330000	0.100000	3.063461	0.924434	1.191101	12.096897	
2.000000	3.000000	0.000000	0.000000	0.000000	0.000000	0.000000	0.000000	0.000000	0.000000	0.000000	0.000000	0.885513	0.161524	0.000000	0.000000	0.000000	0.273333	0.314043	0.102478	0.000000	0.000000	0.000000	0.100000	0.000000	0.000000	0.330000	0.100000	3.056448	0.923875	1.193875	12.249486	
2.000000	3.000000	0.000000	0.000000	0.000000	0.000000	0.000000	0.000000	0.000000	0.000000	0.000000	0.000000	0.895969	0.164974	0.000000	0.000000	0.000000	0.276667	0.313700	0.103524	0.000000	0.000000	0.000000	0.100000	0.000000	0.000000	0.330000	0.100000	3.049431	0.923321	1.196654	12.406655	
2.000000	3.000000	0.000000	0.000000	0.000000	0.000000	0.000000	0.000000	0.000000	0.000000	0.000000	0.000000	0.906414	0.168460	0.000000	0.000000	0.000000	0.280000	0.313353	0.104569	0.000000	0.000000	0.000000	0.100000	0.000000	0.000000	0.330000	0.100000	3.042409	0.922773	1.199439	12.557872	
2.000000	3.000000	0.000000	0.000000	0.000000	0.000000	0.000000	0.000000	0.000000	0.000000	0.000000	0.000000	0.916848	0.171980	0.000000	0.000000	0.000000	0.283333	0.313003	0.105613	0.000000	0.000000	0.000000	0.100000	0.000000	0.000000	0.330000	0.100000	3.035383	0.922229	1.202229	12.725561	
2.000000	3.000000	0.000000	0.000000	0.000000	0.000000	0.000000	0.000000	0.000000	0.000000	0.000000	0.000000	0.927269	0.175536	0.000000	0.000000	0.000000	0.286667	0.312649	0.106656	0.000000	0.000000	0.000000	0.100000	0.000000	0.000000	0.330000	0.100000	3.028352	0.921691	1.205024	12.879045	
2.000000	3.000000	0.000000	0.000000	0.000000	0.000000	0.000000	0.000000	0.000000	0.000000	0.000000	0.000000	0.937679	0.179126	0.000000	0.000000	0.000000	0.290000	0.312292	0.107698	0.000000	0.000000	0.000000	0.100000	0.000000	0.000000	0.330000	0.100000	3.021316	0.921158	1.207824	13.041500	
2.000000	3.000000	0.000000	0.000000	0.000000	0.000000	0.000000	0.000000	0.000000	0.000000	0.000000	0.000000	0.948077	0.182750	0.000000	0.000000	0.000000	0.293333	0.311931	0.108738	0.000000	0.000000	0.000000	0.100000	0.000000	0.000000	0.330000	0.100000	3.014276	0.920630	1.210630	13.216886	
2.000000	3.000000	0.000000	0.000000	0.000000	0.000000	0.000000	0.000000	0.000000	0.000000	0.000000	0.000000	0.958462	0.186409	0.000000	0.000000	0.000000	0.296667	0.311567	0.109777	0.000000	0.000000	0.000000	0.100000	0.000000	0.000000	0.330000	0.100000	3.007231	0.920108	1.213441	13.371754	
2.000000	3.000000	0.000000	0.000000	0.000000	0.000000	0.000000	0.000000	0.000000	0.000000	0.000000	0.000000	0.968836	0.190103	0.000000	0.000000	0.000000	0.300000	0.311199	0.110815	0.000000	0.000000	0.000000	0.100000	0.000000	0.000000	0.330000	0.100000	3.000182	0.919591	1.216257	13.531945	
2.000000	3.000000	0.000000	0.000000	0.000000	0.000000	0.000000	0.000000	0.000000	0.000000	0.000000	0.000000	0.979197	0.193832	0.000000	0.000000	0.000000	0.303333	0.310828	0.111852	0.000000	0.000000	0.000000	0.100000	0.000000	0.000000	0.330000	0.100000	2.993129	0.919079	1.219079	13.689092	
2.000000	3.000000	0.000000	0.000000	0.000000	0.000000	0.000000	0.000000	0.000000	0.000000	0.000000	0.000000	0.989545	0.197595	0.000000	0.000000	0.000000	0.306667	0.310454	0.112887	0.000000	0.000000	0.000000	0.100000	0.000000	0.000000	0.330000	0.100000	2.986071	0.918573	1.221906	13.856962	
2.000000	3.000000	0.000000	0.000000	0.000000	0.000000	0.000000	0.000000	0.000000	0.000000	0.000000	0.000000	0.999881	0.201392	0.000000	0.000000	0.000000	0.310000	0.310076	0.113921	0.000000	0.000000	0.000000	0.100000	0.000000	0.000000	0.330000	0.100000	2.979009	0.918072	1.224739	13.957187	
2.000000	3.000000	0.000000	0.000000	0.000000	0.000000	0.000000	0.000000	0.000000	0.000000	0.000000	0.000000	1.010204	0.205224	0.000000	0.000000	0.000000	0.313333	0.309694	0.114954	0.000000	0.000000	0.000000	0.100000	0.000000	0.000000	0.330000	0.100000	2.971943	0.917577	1.227577	14.124154	
2.000000	3.000000	0.000000	0.000000	0.000000	0.000000	0.000000	0.000000	0.000000	0.000000	0.000000	0.000000	1.020514	0.209090	0.000000	0.000000	0.000000	0.316667	0.309309	0.115986	0.000000	0.000000	0.000000	0.100000	0.000000	0.000000	0.330000	0.100000	2.964873	0.917088	1.230421	14.292505	
2.000000	3.000000	0.000000	0.000000	0.000000	0.000000	0.000000	0.000000	0.000000	0.000000	0.000000	0.000000	1.030812	0.212990	0.000000	0.000000	0.000000	0.320000	0.308921	0.117016	0.000000	0.000000	0.000000	0.100000	0.000000	0.000000	0.330000	0.100000	2.957798	0.916604	1.233270	14.445364	
2.000000	3.000000	0.000000	0.000000	0.000000	0.000000	0.000000	0.000000	0.000000	0.000000	0.000000	0.000000	1.041096	0.216925	0.000000	0.000000	0.000000	0.323333	0.308529	0.118045	0.000000	0.000000	0.000000	0.100000	0.000000	0.000000	0.330000	0.100000	2.950720	0.916126	1.236126	14.604409	
2.000000	3.000000	0.000000	0.000000	0.000000	0.000000	0.000000	0.000000	0.000000	0.000000	0.000000	0.000000	1.051367	0.220894	0.000000	0.000000	0.000000	0.326667	0.308134	0.119073	0.000000	0.000000	0.000000	0.100000	0.000000	0.000000	0.330000	0.100000	2.943637	0.915653	1.238986	14.704492	
2.000000	3.000000	0.000000	0.000000	0.000000	0.000000	0.000000	0.000000	0.000000	0.000000	0.000000	0.000000	1.061625	0.224898	0.000000	0.000000	0.000000	0.330000	0.307735	0.120100	0.000000	0.000000	0.000000	0.100000	0.000000	0.000000	0.330000	0.100000	2.936551	0.915186	1.241853	14.861181	
2.000000	3.000000	0.000000	0.000000	0.000000	0.000000	0.000000	0.000000	0.000000	0.000000	0.000000	0.000000	1.071870	0.228935	0.000000	0.000000	0.000000	0.333333	0.307333	0.121125	0.000000	0.000000	0.000000	0.100000	0.000000	0.000000	0.330000	0.100000	2.929461	0.914725	1.244725	15.017324	
2.000000	3.000000	0.000000	0.000000	0.000000	0.000000	0.000000	0.000000	0.000000	0.000000	0.000000	0.000000	1.082101	0.233007	0.000000	0.000000	0.000000	0.336667	0.306928	0.122149	0.000000	0.000000	0.000000	0.100000	0.000000	0.000000	0.330000	0.100000	2.922366	0.914270	1.247604	15.174657	
2.000000	3.000000	0.000000	0.000000	0.000000	0.000000	0.000000	0.000000	0.000000	0.000000	0.000000	0.000000	1.092318	0.237113	0.000000	0.000000	0.000000	0.340000	0.306519	0.123171	0.000000	0.000000	0.000000	0.100000	0.000000	0.000000	0.330000	0.100000	2.915268	0.913821	1.250488	15.322933	
2.000000	3.000000	0.000000	0.000000	0.000000	0.000000	0.000000	0.000000	0.000000	0.000000	0.000000	0.000000	1.102521	0.241252	0.000000	0.000000	0.000000	0.343333	0.306107	0.124192	0.000000	0.000000	0.000000	0.100000	0.000000	0.000000	0.330000	0.100000	2.908167	0.913378	1.253378	15.476213	
2.000000	3.000000	0.000000	0.000000	0.000000	0.000000	0.000000	0.000000	0.000000	0.000000	0.000000	0.000000	1.112711	0.245426	0.000000	0.000000	0.000000	0.346667	0.305691	0.125212	0.000000	0.000000	0.000000	0.100000	0.000000	0.000000	0.330000	0.100000	2.901061	0.912941	1.256274	15.620081	
2.000000	3.000000	0.000000	0.000000	0.000000	0.000000	0.000000	0.000000	0.000000	0.000000	0.000000	0.000000	1.122887	0.249634	0.000000	0.000000	0.000000	0.350000	0.305272	0.126230	0.000000	0.000000	0.000000	0.100000	0.000000	0.000000	0.330000	0.100000	2.893952	0.912510	1.259176	15.778902	
2.000000	3.000000	0.000000	0.000000	0.000000	0.000000	0.000000	0.000000	0.000000	0.000000	0.000000	0.000000	1.133048	0.253875	0.000000	0.000000	0.000000	0.353333	0.304850	0.127247	0.000000	0.000000	0.000000	0.100000	0.000000	0.000000	0.330000	0.100000	2.886840	0.912084	1.262084	15.935443	
2.000000	3.000000	0.000000	0.000000	0.000000	0.000000	0.000000	0.000000	0.000000	0.000000	0.000000	0.000000	1.143196	0.258151	0.000000	0.000000	0.000000	0.356667	0.304424	0.128262	0.000000	0.000000	0.000000	0.100000	0.000000	0.000000	0.330000	0.100000	2.879723	0.911665	1.264999	16.090933	
2.000000	3.000000	0.000000	0.000000	0.000000	0.000000	0.000000	0.000000	0.000000	0.000000	0.000000	0.000000	1.153329	0.262460	0.000000	0.000000	0.000000	0.360000	0.303994	0.129276	0.000000	0.000000	0.000000	0.100000	0.000000	0.000000	0.330000	0.100000	2.872604	0.911253	1.267919	16.248599	
2.000000	3.000000	0.000000	0.000000	0.000000	0.000000	0.000000	0.000000	0.000000	0.000000	0.000000	0.000000	1.163448	0.266803	0.000000	0.000000	0.000000	0.363333	0.303562	0.130289	0.000000	0.000000	0.000000	0.100000	0.000000	0.000000	0.330000	0.100000	2.865480	0.910846	1.270846	16.409614	
2.000000	3.000000	0.000000	0.000000	0.000000	0.000000	0.000000	0.000000	0.000000	0.000000	0.000000	0.000000	1.173552	0.271180	0.000000	0.000000	0.000000	0.366667	0.303126	0.131300	0.000000	0.000000	0.000000	0.100000	0.000000	0.000000	0.330000	0.100000	2.858354	0.910446	1.273779	16.567169	
2.000000	3.000000	0.000000	0.000000	0.000000	0.000000	0.000000	0.000000	0.000000	0.000000	0.000000	0.000000	1.183642	0.275590	0.000000	0.000000	0.000000	0.370000	0.302687	0.132310	0.000000	0.000000	0.000000	0.100000	0.000000	0.000000	0.330000	0.100000	2.851224	0.910052	1.276719	16.667164	
2.000000	3.000000	0.000000	0.000000	0.000000	0.000000	0.000000	0.000000	0.000000	0.000000	0.000000	0.000000	1.193716	0.280034	0.000000	0.000000	0.000000	0.373333	0.302244	0.133318	0.000000	0.000000	0.000000	0.100000	0.000000	0.000000	0.330000	0.100000	2.844091	0.909664	1.279664	16.851138	
2.000000	3.000000	0.000000	0.000000	0.000000	0.000000	0.000000	0.000000	0.000000	0.000000	0.000000	0.000000	1.203776	0.284511	0.000000	0.000000	0.000000	0.376667	0.301798	0.134325	0.000000	0.000000	0.000000	0.100000	0.000000	0.000000	0.330000	0.100000	2.836954	0.909283	1.282617	17.024263	
2.000000	3.000000	0.000000	0.000000	0.000000	0.000000	0.000000	0.000000	0.000000	0.000000	0.000000	0.000000	1.213821	0.289022	0.000000	0.000000	0.000000	0.380000	0.301348	0.135330	0.000000	0.000000	0.000000	0.100000	0.000000	0.000000	0.330000	0.100000	2.829815	0.908909	1.285575	17.183287	
2.000000	3.000000	0.000000	0.000000	0.000000	0.000000	0.000000	0.000000	0.000000	0.000000	0.000000	0.000000	1.223851	0.293567	0.000000	0.000000	0.000000	0.383333	0.300896	0.136334	0.000000	0.000000	0.000000	0.100000	0.000000	0.000000	0.330000	0.100000	2.822672	0.908541	1.288541	17.350216	
2.000000	3.000000	0.000000	0.000000	0.000000	0.000000	0.000000	0.000000	0.000000	0.000000	0.000000	0.000000	1.233866	0.298145	0.000000	0.000000	0.000000	0.386667	0.300439	0.137336	0.000000	0.000000	0.000000	0.100000	0.000000	0.000000	0.330000	0.100000	2.815526	0.908179	1.291512	17.511018	
2.000000	3.000000	0.000000	0.000000	0.000000	0.000000	0.000000	0.000000	0.000000	0.000000	0.000000	0.000000	1.243865	0.302756	0.000000	0.000000	0.000000	0.390000	0.299980	0.138337	0.000000	0.000000	0.000000	0.100000	0.000000	0.000000	0.330000	0.100000	2.808378	0.907824	1.294491	17.673005	
2.000000	3.000000	0.000000	0.000000	0.000000	0.000000	0.000000	0.000000	0.000000	0.000000	0.000000	0.000000	1.253849	0.307400	0.000000	0.000000	0.000000	0.393333	0.299517	0.139336	0.000000	0.000000	0.000000	0.100000	0.000000	0.000000	0.330000	0.100000	2.801226	0.907476	1.297476	17.841676	
2.000000	3.000000	0.000000	0.000000	0.000000	0.000000	0.000000	0.000000	0.000000	0.000000	0.000000	0.000000	1.263817	0.312078	0.000000	0.000000	0.000000	0.396667	0.299051	0.140333	0.000000	0.000000	0.000000	0.100000	0.000000	0.000000	0.330000	0.100000	2.794071	0.907135	1.300468	18.010351	
2.000000	3.000000	0.000000	0.000000	0.000000	0.000000	0.000000	0.000000	0.000000	0.000000	0.000000	0.000000	1.273770	0.316789	0.000000	0.000000	0.000000	0.400000	0.298582	0.141329	0.000000	0.000000	0.000000	0.100000	0.000000	0.000000	0.330000	0.100000	2.786914	0.906800	1.303467	18.168039	
2.000000	3.000000	0.000000	0.000000	0.000000	0.000000	0.000000	0.000000	0.000000	0.000000	0.000000	0.000000	1.283707	0.321533	0.000000	0.000000	0.000000	0.403333	0.298109	0.142324	0.000000	0.000000	0.000000	0.100000	0.000000	0.000000	0.330000	0.100000	2.779754	0.906472	1.306472	18.341706	
2.000000	3.000000	0.000000	0.000000	0.000000	0.000000	0.000000	0.000000	0.000000	0.000000	0.000000	0.000000	1.293628	0.326310	0.000000	0.000000	0.000000	0.406667	0.297633	0.143317	0.000000	0.000000	0.000000	0.100000	0.000000	0.000000	0.330000	0.100000	2.772591	0.906151	1.309485	18.501252	
2.000000	3.000000	0.000000	0.000000	0.000000	0.000000	0.000000	0.000000	0.000000	0.000000	0.000000	0.000000	1.303533	0.331121	0.000000	0.000000	0.000000	0.410000	0.297153	0.144308	0.000000	0.000000	0.000000	0.100000	0.000000	0.000000	0.330000	0.100000	2.765425	0.905837	1.312504	18.657410	
2.000000	3.000000	0.000000	0.000000	0.000000	0.000000	0.000000	0.000000	0.000000	0.000000	0.000000	0.000000	1.313422	0.335964	0.000000	0.000000	0.000000	0.413333	0.296671	0.145298	0.000000	0.000000	0.000000	0.100000	0.000000	0.000000	0.330000	0.100000	2.758257	0.905531	1.315531	18.808130	
2.000000	3.000000	0.000000	0.000000	0.000000	0.000000	0.000000	0.000000	0.000000	0.000000	0.000000	0.000000	1.323295	0.340840	0.000000	0.000000	0.000000	0.416667	0.296185	0.146286	0.000000	0.000000	0.000000	0.100000	0.000000	0.000000	0.330000	0.100000	2.751086	0.905231	1.318564	18.969470	
2.000000	3.000000	0.000000	0.000000	0.000000	0.000000	0.000000	0.000000	0.000000	0.000000	0.000000	0.000000	1.333152	0.345749	0.000000	0.000000	0.000000	0.420000	0.295695	0.147272	0.000000	0.000000	0.000000	0.100000	0.000000	0.000000	0.330000	0.100000	2.743913	0.904938	1.321605	19.119243	
2.000000	3.000000	0.000000	0.000000	0.000000	0.000000	0.000000	0.000000	0.000000	0.000000	0.000000	0.000000	1.342992	0.350691	0.000000	0.000000	0.000000	0.423333	0.295203	0.148257	0.000000	0.000000	0.000000	0.100000	0.000000	0.000000	0.330000	0.100000	2.736738	0.904653	1.324653	19.279493	
2.000000	3.000000	0.000000	0.000000	0.000000	0.000000	0.000000	0.000000	0.000000	0.000000	0.000000	0.000000	1.352815	0.355666	0.000000	0.000000	0.000000	0.426667	0.294707	0.149240	0.000000	0.000000	0.000000	0.100000	0.000000	0.000000	0.330000	0.100000	2.729560	0.904375	1.327708	19.439995	
2.000000	3.000000	0.000000	0.000000	0.000000	0.000000	0.000000	0.000000	0.000000	0.000000	0.000000	0.000000	1.362622	0.360673	0.000000	0.000000	0.000000	0.430000	0.294208	0.150222	0.000000	0.000000	0.000000	0.100000	0.000000	0.000000	0.330000	0.100000	2.722380	0.904104	1.330771	19.602150	
2.000000	3.000000	0.000000	0.000000	0.000000	0.000000	0.000000	0.000000	0.000000	0.000000	0.000000	0.000000	1.372412	0.365713	0.000000	0.000000	0.000000	0.433333	0.293706	0.151202	0.000000	0.000000	0.000000	0.100000	0.000000	0.000000	0.330000	0.100000	2.715197	0.903841	1.333841	19.758063	
2.000000	3.000000	0.000000	0.000000	0.000000	0.000000	0.000000	0.000000	0.000000	0.000000	0.000000	0.000000	1.382186	0.370786	0.000000	0.000000	0.000000	0.436667	0.293200	0.152180	0.000000	0.000000	0.000000	0.100000	0.000000	0.000000	0.330000	0.100000	2.708013	0.903585	1.336918	19.920093	
2.000000	3.000000	0.000000	0.000000	0.000000	0.000000	0.000000	0.000000	0.000000	0.000000	0.000000	0.000000	1.391942	0.375891	0.000000	0.000000	0.000000	0.440000	0.292691	0.153157	0.000000	0.000000	0.000000	0.100000	0.000000	0.000000	0.330000	0.100000	2.700826	0.903336	1.340003	20.078868	
2.000000	3.000000	0.000000	0.000000	0.000000	0.000000	0.000000	0.000000	0.000000	0.000000	0.000000	0.000000	1.401681	0.381029	0.000000	0.000000	0.000000	0.443333	0.292179	0.154131	0.000000	0.000000	0.000000	0.100000	0.000000	0.000000	0.330000	0.100000	2.693637	0.903095	1.343095	20.235956	
2.000000	3.000000	0.000000	0.000000	0.000000	0.000000	0.000000	0.000000	0.000000	0.000000	0.000000	0.000000	1.411403	0.386199	0.000000	0.000000	0.000000	0.446667	0.291664	0.155104	0.000000	0.000000	0.000000	0.100000	0.000000	0.000000	0.330000	0.100000	2.686446	0.902862	1.346195	20.397916	
2.000000	3.000000	0.000000	0.000000	0.000000	0.000000	0.000000	0.000000	0.000000	0.000000	0.000000	0.000000	1.421108	0.391402	0.000000	0.000000	0.000000	0.450000	0.291145	0.156076	0.000000	0.000000	0.000000	0.100000	0.000000	0.000000	0.330000	0.100000	2.679254	0.902636	1.349303	20.560941	
2.000000	3.000000	0.000000	0.000000	0.000000	0.000000	0.000000	0.000000	0.000000	0.000000	0.000000	0.000000	1.430796	0.396636	0.000000	0.000000	0.000000	0.453333	0.290623	0.157045	0.000000	0.000000	0.000000	0.100000	0.000000	0.000000	0.330000	0.100000	2.672059	0.902418	1.352418	20.720331	
2.000000	3.000000	0.000000	0.000000	0.000000	0.000000	0.000000	0.000000	0.000000	0.000000	0.000000	0.000000	1.440466	0.401904	0.000000	0.000000	0.000000	0.456667	0.290098	0.158013	0.000000	0.000000	0.000000	0.100000	0.000000	0.000000	0.330000	0.100000	2.664863	0.902208	1.355542	20.892115	
2.000000	3.000000	0.000000	0.000000	0.000000	0.000000	0.000000	0.000000	0.000000	0.000000	0.000000	0.000000	1.450118	0.407203	0.000000	0.000000	0.000000	0.460000	0.289570	0.158979	0.000000	0.000000	0.000000	0.100000	0.000000	0.000000	0.330000	0.100000	2.657665	0.902006	1.358673	21.059029	
2.000000	3.000000	0.000000	0.000000	0.000000	0.000000	0.000000	0.000000	0.000000	0.000000	0.000000	0.000000	1.459753	0.412534	0.000000	0.000000	0.000000	0.463333	0.289038	0.159944	0.000000	0.000000	0.000000	0.100000	0.000000	0.000000	0.330000	0.100000	2.650465	0.901812	1.361812	21.219436	
2.000000	3.000000	0.000000	0.000000	0.000000	0.000000	0.000000	0.000000	0.000000	0.000000	0.000000	0.000000	1.469369	0.417898	0.000000	0.000000	0.000000	0.466667	0.288503	0.160906	0.000000	0.000000	0.000000	0.100000	0.000000	0.000000	0.330000	0.100000	2.643264	0.901626	1.364959	21.379970	
2.000000	3.000000	0.000000	0.000000	0.000000	0.000000	0.000000	0.000000	0.000000	0.000000	0.000000	0.000000	1.478968	0.423293	0.000000	0.000000	0.000000	0.470000	0.287965	0.161867	0.000000	0.000000	0.000000	0.100000	0.000000	0.000000	0.330000	0.100000	2.636062	0.901448	1.368115	21.543928	
2.000000	3.000000	0.000000	0.000000	0.000000	0.000000	0.000000	0.000000	0.000000	0.000000	0.000000	0.000000	1.488549	0.428721	0.000000	0.000000	0.000000	0.473333	0.287424	0.162826	0.000000	0.000000	0.000000	0.100000	0.000000	0.000000	0.330000	0.100000	2.628857	0.901278	1.371278	21.713973	
2.000000	3.000000	0.000000	0.000000	0.000000	0.000000	0.000000	0.000000	0.000000	0.000000	0.000000	0.000000	1.498112	0.434180	0.000000	0.000000	0.000000	0.476667	0.286880	0.163783	0.000000	0.000000	0.000000	0.100000	0.000000	0.000000	0.330000	0.100000	2.621652	0.901117	1.374450	21.876141	
2.000000	3.000000	0.000000	0.000000	0.000000	0.000000	0.000000	0.000000	0.000000	0.000000	0.000000	0.000000	1.507656	0.439672	0.000000	0.000000	0.000000	0.480000	0.286332	0.164739	0.000000	0.000000	0.000000	0.100000	0.000000	0.000000	0.330000	0.100000	2.614445	0.900963	1.377630	22.041920	
2.000000	3.000000	0.000000	0.000000	0.000000	0.000000	0.000000	0.000000	0.000000	0.000000	0.000000	0.000000	1.517182	0.445195	0.000000	0.000000	0.000000	0.483333	0.285782	0.165692	0.000000	0.000000	0.000000	0.100000	0.000000	0.000000	0.330000	0.100000	2.607237	0.900818	1.380818	22.207703	
2.000000	3.000000	0.000000	0.000000	0.000000	0.000000	0.000000	0.000000	0.000000	0.000000	0.000000	0.000000	1.526690	0.450750	0.000000	0.000000	0.000000	0.486667	0.285228	0.166644	0.000000	0.000000	0.000000	0.100000	0.000000	0.000000	0.330000	0.100000	2.600027	0.900682	1.384015	22.363356	
2.000000	3.000000	0.000000	0.000000	0.000000	0.000000	0.000000	0.000000	0.000000	0.000000	0.000000	0.000000	1.536179	0.456336	0.000000	0.000000	0.000000	0.490000	0.284671	0.167594	0.000000	0.000000	0.000000	0.100000	0.000000	0.000000	0.330000	0.100000	2.592817	0.900554	1.387220	22.530735	
2.000000	3.000000	0.000000	0.000000	0.000000	0.000000	0.000000	0.000000	0.000000	0.000000	0.000000	0.000000	1.545649	0.461954	0.000000	0.000000	0.000000	0.493333	0.284110	0.168542	0.000000	0.000000	0.000000	0.100000	0.000000	0.000000	0.330000	0.100000	2.585606	0.900434	1.390434	22.694461	
2.000000	3.000000	0.000000	0.000000	0.000000	0.000000	0.000000	0.000000	0.000000	0.000000	0.000000	0.000000	1.555101	0.467604	0.000000	0.000000	0.000000	0.496667	0.283547	0.169488	0.000000	0.000000	0.000000	0.100000	0.000000	0.000000	0.330000	0.100000	2.578393	0.900323	1.393657	22.863850	
2.000000	3.000000	0.000000	0.000000	0.000000	0.000000	0.000000	0.000000	0.000000	0.000000	0.000000	0.000000	1.564533	0.473285	0.000000	0.000000	0.000000	0.500000	0.282981	0.170432	0.000000	0.000000	0.000000	0.100000	0.000000	0.000000	0.330000	0.100000	2.571180	0.900221	1.396888	23.031806	
2.000000	3.000000	0.000000	0.000000	0.000000	0.000000	0.000000	0.000000	0.000000	0.000000	0.000000	0.000000	1.573947	0.478997	0.000000	0.000000	0.000000	0.503333	0.282411	0.171374	0.000000	0.000000	0.000000	0.100000	0.000000	0.000000	0.330000	0.100000	2.563966	0.900128	1.400128	23.191716	
2.000000	3.000000	0.000000	0.000000	0.000000	0.000000	0.000000	0.000000	0.000000	0.000000	0.000000	0.000000	1.583342	0.484741	0.000000	0.000000	0.000000	0.506667	0.281838	0.172315	0.000000	0.000000	0.000000	0.100000	0.000000	0.000000	0.330000	0.100000	2.556751	0.900044	1.403377	23.364752	
2.000000	3.000000	0.000000	0.000000	0.000000	0.000000	0.000000	0.000000	0.000000	0.000000	0.000000	0.000000	1.592717	0.490516	0.000000	0.000000	0.000000	0.510000	0.281262	0.173253	0.000000	0.000000	0.000000	0.100000	0.000000	0.000000	0.330000	0.100000	2.549536	0.899968	1.406635	23.534308	
