2.000000	3.000000	0.000000	0.000000	0.000000	0.982794	0.000000	0.000000	0.000000	0.000000	0.000000	9.827937	0.040000	-0.049140	0.000000	0.000000	0.000000	0.098279	0.400000	-0.491397	0.000000	0.000000	0.000000	0.982794	0.400000	0.982794	0.400000	0.982794	3.605551	0.982794	0.982794	0.116375	
2.000000	3.000000	0.000000	0.000000	0.000000	0.999496	0.000000	0.000000	0.000000	0.000000	0.000000	9.994963	0.089199	-0.089568	0.000000	0.000000	0.000000	0.188401	0.491988	-0.404285	0.000000	0.000000	0.000000	0.901217	0.449945	0.901217	0.449945	0.901217	3.624756	0.901217	0.999496	0.357153	
2.000000	3.000000	0.000000	0.000000	0.000000	1.016907	0.000000	0.000000	0.000000	0.000000	0.000000	10.169075	0.145201	-0.121062	0.000000	0.000000	0.000000	0.271252	0.560020	-0.314941	0.000000	0.000000	0.000000	0.828506	0.491126	0.828506	0.491126	0.828506	3.632711	0.828506	1.016907	0.455321	
2.000000	3.000000	0.000000	0.000000	0.000000	1.034590	0.000000	0.000000	0.000000	0.000000	0.000000	10.345900	0.205974	-0.143776	0.000000	0.000000	0.000000	0.347586	0.607727	-0.227141	0.000000	0.000000	0.000000	0.763338	0.524646	0.763338	0.524646	0.763338	3.630607	0.763338	1.034590	0.555409	
2.000000	3.000000	0.000000	0.000000	0.000000	1.052230	0.000000	0.000000	0.000000	0.000000	0.000000	10.522300	0.269828	-0.158115	0.000000	0.000000	0.000000	0.418050	0.638549	-0.143389	0.000000	0.000000	0.000000	0.704644	0.551520	0.704644	0.551520	0.704644	3.619649	0.704644	1.052230	0.660665	
2.000000	3.000000	0.000000	0.000000	0.000000	1.069606	0.000000	0.000000	0.000000	0.000000	0.000000	10.696058	0.335389	-0.164639	0.000000	0.000000	0.000000	0.483206	0.655603	-0.065234	0.000000	0.000000	0.000000	0.651556	0.572660	0.651556	0.572660	0.651556	3.600998	0.651556	1.069606	0.754396	
2.000000	3.000000	0.000000	0.000000	0.000000	1.086563	0.000000	0.000000	0.000000	0.000000	0.000000	10.865629	0.401551	-0.163992	0.000000	0.000000	0.000000	0.543541	0.661622	0.006465	0.000000	0.000000	0.000000	0.603357	0.588877	0.603357	0.588877	0.603357	3.575733	0.603357	1.086563	0.854371	
2.000000	3.000000	0.000000	0.000000	0.000000	1.102997	0.000000	0.000000	0.000000	0.000000	0.000000	11.029974	0.467446	-0.156858	0.000000	0.000000	0.000000	0.599487	0.658951	0.071344	0.000000	0.000000	0.000000	0.559456	0.600881	0.559456	0.600881	0.559456	3.544839	0.559456	1.102997	0.954334	
2.000000	3.000000	0.000000	0.000000	0.000000	1.118842	0.000000	0.000000	0.000000	0.000000	0.000000	11.188417	0.532403	-0.143920	0.000000	0.000000	0.000000	0.651422	0.649564	0.129379	0.000000	0.000000	0.000000	0.519355	0.609295	0.519355	0.609295	0.519355	3.509198	0.519355	1.118842	1.054840	
2.000000	3.000000	0.000000	0.000000	0.000000	1.134056	0.000000	0.000000	0.000000	0.000000	0.000000	11.340556	0.595913	-0.125842	0.000000	0.000000	0.000000	0.699686	0.635103	0.180777	0.000000	0.000000	0.000000	0.482633	0.614656	0.482633	0.614656	0.482633	3.469593	0.482633	1.134056	1.154380	
2.000000	3.000000	0.000000	0.000000	0.000000	1.148619	0.000000	0.000000	0.000000	0.000000	0.000000	11.486188	0.657604	-0.103254	0.000000	0.000000	0.000000	0.744579	0.616915	0.225885	0.000000	0.000000	0.000000	0.448933	0.617432	0.448933	0.617432	0.448933	3.426711	0.448933	1.148619	1.254374	
2.000000	3.000000	0.000000	0.000000	0.000000	1.162526	0.000000	0.000000	0.000000	0.000000	0.000000	11.625256	0.717213	-0.076740	0.000000	0.000000	0.000000	0.786374	0.596092	0.265138	0.000000	0.000000	0.000000	0.417947	0.618024	0.417947	0.618024	0.417947	3.381155	0.417947	1.162526	1.354346	
2.000000	3.000000	0.000000	0.000000	0.000000	1.175780	0.000000	0.000000	0.000000	0.000000	0.000000	11.757805	0.774565	-0.046839	0.000000	0.000000	0.000000	0.825314	0.573512	0.299011	0.000000	0.000000	0.000000	0.389407	0.616777	0.389407	0.616777	0.389407	3.333447	0.389407	1.175780	1.454467	
2.000000	3.000000	0.000000	0.000000	0.000000	1.188396	0.000000	0.000000	0.000000	0.000000	0.000000	11.883958	0.829552	-0.014040	0.000000	0.000000	0.000000	0.861622	0.549874	0.327991	0.000000	0.000000	0.000000	0.363081	0.613989	0.363081	0.613989	0.363081	3.284040	0.363081	1.188396	1.554370	
2.000000	3.000000	0.000000	0.000000	0.000000	1.200389	0.000000	0.000000	0.000000	0.000000	0.000000	12.003889	0.882124	0.021216	0.000000	0.000000	0.000000	0.895499	0.525724	0.352559	0.000000	0.000000	0.000000	0.338766	0.609912	0.338766	0.609912	0.338766	3.233324	0.338766	1.200389	1.654395	
2.000000	3.000000	0.000000	0.000000	0.000000	1.211781	0.000000	0.000000	0.000000	0.000000	0.000000	12.117809	0.932273	0.058533	0.000000	0.000000	0.000000	0.927127	0.501488	0.373173	0.000000	0.000000	0.000000	0.316282	0.604764	0.316282	0.604764	0.316282	3.181635	0.316282	1.211781	1.754372	
2.000000	3.000000	0.000000	0.000000	0.000000	1.222595	0.000000	0.000000	0.000000	0.000000	0.000000	12.225952	0.980022	0.097560	0.000000	0.000000	0.000000	0.956674	0.477491	0.390264	0.000000	0.000000	0.000000	0.295468	0.598731	0.295468	0.598731	0.295468	3.129260	0.295468	1.222595	1.854428	
2.000000	3.000000	0.000000	0.000000	0.000000	1.232856	0.000000	0.000000	0.000000	0.000000	0.000000	12.328564	1.025420	0.137983	0.000000	0.000000	0.000000	0.984292	0.453978	0.404233	0.000000	0.000000	0.000000	0.276182	0.591972	0.276182	0.591972	0.276182	3.076445	0.276182	1.232856	1.954412	
2.000000	3.000000	0.000000	0.000000	0.000000	1.242590	0.000000	0.000000	0.000000	0.000000	0.000000	12.425899	1.068533	0.179527	0.000000	0.000000	0.000000	1.010122	0.431125	0.415441	0.000000	0.000000	0.000000	0.258298	0.584620	0.258298	0.584620	0.258298	3.023400	0.258298	1.242590	2.054443	
2.000000	3.000000	0.000000	0.000000	0.000000	1.251821	0.000000	0.000000	0.000000	0.000000	0.000000	12.518213	1.109439	0.221949	0.000000	0.000000	0.000000	1.034292	0.409061	0.424221	0.000000	0.000000	0.000000	0.241699	0.576793	0.241699	0.576793	0.241699	2.970303	0.241699	1.251821	2.154543	
2.000000	3.000000	0.000000	0.000000	0.000000	1.260576	0.000000	0.000000	0.000000	0.000000	0.000000	12.605759	1.148226	0.265036	0.000000	0.000000	0.000000	1.056920	0.387870	0.430870	0.000000	0.000000	0.000000	0.226284	0.568587	0.226284	0.568587	0.226284	2.917304	0.226284	1.260576	2.254604	
2.000000	3.000000	0.000000	0.000000	0.000000	1.268878	0.000000	0.000000	0.000000	0.000000	0.000000	12.688784	1.184986	0.308602	0.000000	0.000000	0.000000	1.078116	0.367605	0.435653	0.000000	0.000000	0.000000	0.211958	0.560085	0.211958	0.560085	0.211958	2.864532	0.211958	1.268878	2.354561	
2.000000	3.000000	0.000000	0.000000	0.000000	1.276753	0.000000	0.000000	0.000000	0.000000	0.000000	12.767528	1.219816	0.352483	0.000000	0.000000	0.000000	1.097980	0.348293	0.438809	0.000000	0.000000	0.000000	0.198637	0.551360	0.198637	0.551360	0.198637	2.812094	0.198637	1.276753	2.454523	
2.000000	3.000000	0.000000	0.000000	0.000000	1.284223	0.000000	0.000000	0.000000	0.000000	0.000000	12.842225	1.252810	0.396537	0.000000	0.000000	0.000000	1.116604	0.329943	0.440548	0.000000	0.000000	0.000000	0.186243	0.542470	0.186243	0.542470	0.186243	2.760079	0.186243	1.284223	2.554558	
2.000000	3.000000	0.000000	0.000000	0.000000	1.291310	0.000000	0.000000	0.000000	0.000000	0.000000	12.913097	1.284065	0.440643	0.000000	0.000000	0.000000	1.134075	0.312548	0.441056	0.000000	0.000000	0.000000	0.174706	0.533466	0.174706	0.533466	0.174706	2.708562	0.174706	1.291310	2.654551	
2.000000	3.000000	0.000000	0.000000	0.000000	1.298036	0.000000	0.000000	0.000000	0.000000	0.000000	12.980357	1.313674	0.484693	0.000000	0.000000	0.000000	1.150471	0.296089	0.440500	0.000000	0.000000	0.000000	0.163961	0.524393	0.163961	0.524393	0.163961	2.657606	0.163961	1.298036	2.754554	
2.000000	3.000000	0.000000	0.000000	0.000000	1.304421	0.000000	0.000000	0.000000	0.000000	0.000000	13.044208	1.341728	0.528595	0.000000	0.000000	0.000000	1.165866	0.280541	0.439023	0.000000	0.000000	0.000000	0.153950	0.515285	0.153950	0.515285	0.153950	2.607262	0.153950	1.304421	2.854576	
2.000000	3.000000	0.000000	0.000000	0.000000	1.310484	0.000000	0.000000	0.000000	0.000000	0.000000	13.104844	1.368315	0.572271	0.000000	0.000000	0.000000	1.180328	0.265871	0.436753	0.000000	0.000000	0.000000	0.144619	0.506174	0.144619	0.506174	0.144619	2.557570	0.144619	1.310484	2.954590	
2.000000	3.000000	0.000000	0.000000	0.000000	1.316245	0.000000	0.000000	0.000000	0.000000	0.000000	13.162448	1.393519	0.615651	0.000000	0.000000	0.000000	1.193919	0.252045	0.433804	0.000000	0.000000	0.000000	0.135917	0.497086	0.135917	0.497086	0.135917	2.508565	0.135917	1.316245	3.054568	
2.000000	3.000000	0.000000	0.000000	0.000000	1.321719	0.000000	0.000000	0.000000	0.000000	0.000000	13.217193	1.417422	0.658678	0.000000	0.000000	0.000000	1.206699	0.239024	0.430274	0.000000	0.000000	0.000000	0.127800	0.488042	0.127800	0.488042	0.127800	2.460272	0.127800	1.321719	3.154592	
2.000000	3.000000	0.000000	0.000000	0.000000	1.326924	0.000000	0.000000	0.000000	0.000000	0.000000	13.269243	1.440098	0.701303	0.000000	0.000000	0.000000	1.218722	0.226768	0.426249	0.000000	0.000000	0.000000	0.120225	0.479059	0.120225	0.479059	0.120225	2.412713	0.120225	1.326924	3.254601	
2.000000	3.000000	0.000000	0.000000	0.000000	1.331875	0.000000	0.000000	0.000000	0.000000	0.000000	13.318752	1.461622	0.743484	0.000000	0.000000	0.000000	1.230037	0.215237	0.421805	0.000000	0.000000	0.000000	0.113153	0.470155	0.113153	0.470155	0.113153	2.365903	0.113153	1.331875	3.354609	
2.000000	3.000000	0.000000	0.000000	0.000000	1.336587	0.000000	0.000000	0.000000	0.000000	0.000000	13.365868	1.482061	0.785185	0.000000	0.000000	0.000000	1.240692	0.204392	0.417008	0.000000	0.000000	0.000000	0.106550	0.461339	0.106550	0.461339	0.106550	2.319853	0.106550	1.336587	3.454609	
2.000000	3.000000	0.000000	0.000000	0.000000	1.341073	0.000000	0.000000	0.000000	0.000000	0.000000	13.410727	1.501481	0.826376	0.000000	0.000000	0.000000	1.250730	0.194195	0.411917	0.000000	0.000000	0.000000	0.100381	0.452624	0.100381	0.452624	0.100381	2.274570	0.100381	1.341073	3.554619	
2.000000	3.000000	0.000000	0.000000	0.000000	1.345346	0.000000	0.000000	0.000000	0.000000	0.000000	13.453460	1.519941	0.867035	0.000000	0.000000	0.000000	1.260192	0.184606	0.406583	0.000000	0.000000	0.000000	0.094616	0.444017	0.094616	0.444017	0.094616	2.230059	0.094616	1.345346	3.655088	
2.000000	3.000000	0.000000	0.000000	0.000000	1.349419	0.000000	0.000000	0.000000	0.000000	0.000000	13.494188	1.537500	0.907139	0.000000	0.000000	0.000000	1.269114	0.175590	0.401049	0.000000	0.000000	0.000000	0.089227	0.435525	0.089227	0.435525	0.089227	2.186321	0.089227	1.349419	3.754657	
2.000000	3.000000	0.000000	0.000000	0.000000	1.353303	0.000000	0.000000	0.000000	0.000000	0.000000	13.533027	1.554212	0.946675	0.000000	0.000000	0.000000	1.277533	0.167111	0.395354	0.000000	0.000000	0.000000	0.084188	0.427153	0.084188	0.427153	0.084188	2.143355	0.084188	1.353303	3.854621	
2.000000	3.000000	0.000000	0.000000	0.000000	1.357008	0.000000	0.000000	0.000000	0.000000	0.000000	13.570085	1.570125	0.985628	0.000000	0.000000	0.000000	1.285481	0.159137	0.389533	0.000000	0.000000	0.000000	0.079475	0.418905	0.079475	0.418905	0.079475	2.101160	0.079475	1.357008	3.954628	
2.000000	3.000000	0.000000	0.000000	0.000000	1.360546	0.000000	0.000000	0.000000	0.000000	0.000000	13.605463	1.585289	1.023990	0.000000	0.000000	0.000000	1.292987	0.151635	0.383615	0.000000	0.000000	0.000000	0.075065	0.410786	0.075065	0.410786	0.075065	2.059730	0.075065	1.360546	4.055006	
2.000000	3.000000	0.000000	0.000000	0.000000	1.363926	0.000000	0.000000	0.000000	0.000000	0.000000	13.639258	1.599746	1.061752	0.000000	0.000000	0.000000	1.300081	0.144576	0.377625	0.000000	0.000000	0.000000	0.070938	0.402796	0.070938	0.402796	0.070938	2.019060	0.070938	1.363926	4.154703	
2.000000	3.000000	0.000000	0.000000	0.000000	1.367156	0.000000	0.000000	0.000000	0.000000	0.000000	13.671560	1.613539	1.098911	0.000000	0.000000	0.000000	1.306789	0.137931	0.371586	0.000000	0.000000	0.000000	0.067075	0.394939	0.067075	0.394939	0.067075	1.979143	0.067075	1.367156	4.254642	
2.000000	3.000000	0.000000	0.000000	0.000000	1.370245	0.000000	0.000000	0.000000	0.000000	0.000000	13.702453	1.626707	1.135463	0.000000	0.000000	0.000000	1.313134	0.131673	0.365518	0.000000	0.000000	0.000000	0.063457	0.387214	0.063457	0.387214	0.063457	1.939972	0.063457	1.370245	4.354655	
2.000000	3.000000	0.000000	0.000000	0.000000	1.373202	0.000000	0.000000	0.000000	0.000000	0.000000	13.732018	1.639285	1.171406	0.000000	0.000000	0.000000	1.319141	0.125778	0.359437	0.000000	0.000000	0.000000	0.060067	0.379622	0.060067	0.379622	0.060067	1.901538	0.060067	1.373202	4.455420	
2.000000	3.000000	0.000000	0.000000	0.000000	1.376033	0.000000	0.000000	0.000000	0.000000	0.000000	13.760330	1.651307	1.206742	0.000000	0.000000	0.000000	1.324830	0.120221	0.353358	0.000000	0.000000	0.000000	0.056892	0.372163	0.056892	0.372163	0.056892	1.863832	0.056892	1.376033	4.554686	
2.000000	3.000000	0.000000	0.000000	0.000000	1.378746	0.000000	0.000000	0.000000	0.000000	0.000000	13.787460	1.662805	1.241471	0.000000	0.000000	0.000000	1.330222	0.114982	0.347293	0.000000	0.000000	0.000000	0.053916	0.364838	0.053916	0.364838	0.053916	1.826845	0.053916	1.378746	4.654702	
2.000000	3.000000	0.000000	0.000000	0.000000	1.381347	0.000000	0.000000	0.000000	0.000000	0.000000	13.813474	1.673809	1.275597	0.000000	0.000000	0.000000	1.335334	0.110039	0.341255	0.000000	0.000000	0.000000	0.051126	0.357645	0.051126	0.357645	0.051126	1.790565	0.051126	1.381347	4.754710	
2.000000	3.000000	0.000000	0.000000	0.000000	1.383844	0.000000	0.000000	0.000000	0.000000	0.000000	13.838435	1.684346	1.309122	0.000000	0.000000	0.000000	1.340185	0.105374	0.335252	0.000000	0.000000	0.000000	0.048509	0.350584	0.048509	0.350584	0.048509	1.754983	0.048509	1.383844	4.854707	
2.000000	3.000000	0.000000	0.000000	0.000000	1.386240	0.000000	0.000000	0.000000	0.000000	0.000000	13.862402	1.694443	1.342051	0.000000	0.000000	0.000000	1.344791	0.100967	0.329292	0.000000	0.000000	0.000000	0.046055	0.343653	0.046055	0.343653	0.046055	1.720089	0.046055	1.386240	4.954724	
2.000000	3.000000	0.000000	0.000000	0.000000	1.388543	0.000000	0.000000	0.000000	0.000000	0.000000	13.885432	1.704123	1.374390	0.000000	0.000000	0.000000	1.349166	0.096804	0.323383	0.000000	0.000000	0.000000	0.043752	0.336851	0.043752	0.336851	0.043752	1.685870	0.043752	1.388543	5.054846	
2.000000	3.000000	0.000000	0.000000	0.000000	1.390758	0.000000	0.000000	0.000000	0.000000	0.000000	13.907575	1.713410	1.406143	0.000000	0.000000	0.000000	1.353325	0.092867	0.317530	0.000000	0.000000	0.000000	0.041591	0.330178	0.041591	0.330178	0.041591	1.652317	0.041591	1.390758	5.154753	
2.000000	3.000000	0.000000	0.000000	0.000000	1.392888	0.000000	0.000000	0.000000	0.000000	0.000000	13.928883	1.722324	1.437316	0.000000	0.000000	0.000000	1.357282	0.089142	0.311739	0.000000	0.000000	0.000000	0.039563	0.323630	0.039563	0.323630	0.039563	1.619418	0.039563	1.392888	5.254724	
2.000000	3.000000	0.000000	0.000000	0.000000	1.394940	0.000000	0.000000	0.000000	0.000000	0.000000	13.949402	1.730886	1.467918	0.000000	0.000000	0.000000	1.361047	0.085617	0.306014	0.000000	0.000000	0.000000	0.037659	0.317207	0.037659	0.317207	0.037659	1.587162	0.037659	1.394940	5.354712	
2.000000	3.000000	0.000000	0.000000	0.000000	1.396918	0.000000	0.000000	0.000000	0.000000	0.000000	13.969176	1.739114	1.497954	0.000000	0.000000	0.000000	1.364634	0.082277	0.300359	0.000000	0.000000	0.000000	0.035870	0.310907	0.035870	0.310907	0.035870	1.555538	0.035870	1.396918	5.454713	
2.000000	3.000000	0.000000	0.000000	0.000000	1.398825	0.000000	0.000000	0.000000	0.000000	0.000000	13.988246	1.747025	1.527431	0.000000	0.000000	0.000000	1.368053	0.079112	0.294776	0.000000	0.000000	0.000000	0.034190	0.304729	0.034190	0.304729	0.034190	1.524534	0.034190	1.398825	5.554711	
2.000000	3.000000	0.000000	0.000000	0.000000	1.400665	0.000000	0.000000	0.000000	0.000000	0.000000	14.006653	1.754636	1.556358	0.000000	0.000000	0.000000	1.371315	0.076111	0.289268	0.000000	0.000000	0.000000	0.032612	0.298669	0.032612	0.298669	0.032612	1.494140	0.032612	1.400665	5.654837	
2.000000	3.000000	0.000000	0.000000	0.000000	1.402443	0.000000	0.000000	0.000000	0.000000	0.000000	14.024433	1.761962	1.584742	0.000000	0.000000	0.000000	1.374427	0.073263	0.283838	0.000000	0.000000	0.000000	0.031129	0.292727	0.031129	0.292727	0.031129	1.464345	0.031129	1.402443	5.754731	
2.000000	3.000000	0.000000	0.000000	0.000000	1.404162	0.000000	0.000000	0.000000	0.000000	0.000000	14.041621	1.769018	1.612591	0.000000	0.000000	0.000000	1.377401	0.070559	0.278486	0.000000	0.000000	0.000000	0.029735	0.286900	0.029735	0.286900	0.029735	1.435137	0.029735	1.404162	5.854790	
2.000000	3.000000	0.000000	0.000000	0.000000	1.405825	0.000000	0.000000	0.000000	0.000000	0.000000	14.058251	1.775817	1.639912	0.000000	0.000000	0.000000	1.380243	0.067989	0.273214	0.000000	0.000000	0.000000	0.028424	0.281187	0.028424	0.281187	0.028424	1.406505	0.028424	1.405825	5.955268	
2.000000	3.000000	0.000000	0.000000	0.000000	1.407435	0.000000	0.000000	0.000000	0.000000	0.000000	14.074355	1.782372	1.666714	0.000000	0.000000	0.000000	1.382963	0.065546	0.268023	0.000000	0.000000	0.000000	0.027192	0.275586	0.027192	0.275586	0.027192	1.378440	0.027192	1.407435	6.054769	
2.000000	3.000000	0.000000	0.000000	0.000000	1.408996	0.000000	0.000000	0.000000	0.000000	0.000000	14.089961	1.788694	1.693006	0.000000	0.000000	0.000000	1.385566	0.063223	0.262913	0.000000	0.000000	0.000000	0.026034	0.270095	0.026034	0.270095	0.026034	1.350930	0.026034	1.408996	6.154746	
2.000000	3.000000	0.000000	0.000000	0.000000	1.410510	0.000000	0.000000	0.000000	0.000000	0.000000	14.105100	1.794795	1.718794	0.000000	0.000000	0.000000	1.388060	0.061011	0.257886	0.000000	0.000000	0.000000	0.024944	0.264711	0.024944	0.264711	0.024944	1.323965	0.024944	1.410510	6.254893	
2.000000	3.000000	0.000000	0.000000	0.000000	1.411980	0.000000	0.000000	0.000000	0.000000	0.000000	14.119798	1.800686	1.744088	0.000000	0.000000	0.000000	1.390452	0.058905	0.252940	0.000000	0.000000	0.000000	0.023919	0.259433	0.023919	0.259433	0.023919	1.297535	0.023919	1.411980	6.354800	
2.000000	3.000000	0.000000	0.000000	0.000000	1.413408	0.000000	0.000000	0.000000	0.000000	0.000000	14.134079	1.806375	1.768896	0.000000	0.000000	0.000000	1.392748	0.056898	0.248077	0.000000	0.000000	0.000000	0.022956	0.254259	0.022956	0.254259	0.022956	1.271629	0.022956	1.413408	6.454872	
2.000000	3.000000	0.000000	0.000000	0.000000	1.414797	0.000000	0.000000	0.000000	0.000000	0.000000	14.147970	1.811874	1.793225	0.000000	0.000000	0.000000	1.394953	0.054984	0.243295	0.000000	0.000000	0.000000	0.022049	0.249187	0.022049	0.249187	0.022049	1.246238	0.022049	1.414797	6.554810	
2.000000	3.000000	0.000000	0.000000	0.000000	1.416149	0.000000	0.000000	0.000000	0.000000	0.000000	14.161493	1.817189	1.817085	0.000000	0.000000	0.000000	1.397072	0.053158	0.238595	0.000000	0.000000	0.000000	0.021197	0.244215	0.021197	0.244215	0.021197	1.221350	0.021197	1.416149	6.654812	
2.000000	3.000000	0.000000	0.000000	0.000000	1.417467	0.000000	0.000000	0.000000	0.000000	0.000000	14.174669	1.822331	1.840483	0.000000	0.000000	0.000000	1.399112	0.051414	0.233977	0.000000	0.000000	0.000000	0.020395	0.239342	0.020395	0.239342	0.020395	1.196958	0.020395	1.417467	6.754816	
2.000000	3.000000	0.000000	0.000000	0.000000	1.418752	0.000000	0.000000	0.000000	0.000000	0.000000	14.187521	1.827306	1.863426	0.000000	0.000000	0.000000	1.401076	0.049749	0.229439	0.000000	0.000000	0.000000	0.019640	0.234565	0.019640	0.234565	0.019640	1.173050	0.019640	1.418752	6.854810	
2.000000	3.000000	0.000000	0.000000	0.000000	1.420007	0.000000	0.000000	0.000000	0.000000	0.000000	14.200069	1.832122	1.885924	0.000000	0.000000	0.000000	1.402969	0.048158	0.224981	0.000000	0.000000	0.000000	0.018931	0.229883	0.018931	0.229883	0.018931	1.149619	0.018931	1.420007	6.954811	
2.000000	3.000000	0.000000	0.000000	0.000000	1.421233	0.000000	0.000000	0.000000	0.000000	0.000000	14.212331	1.836785	1.907985	0.000000	0.000000	0.000000	1.404795	0.046637	0.220602	0.000000	0.000000	0.000000	0.018264	0.225293	0.018264	0.225293	0.018264	1.126653	0.018264	1.421233	7.054870	
2.000000	3.000000	0.000000	0.000000	0.000000	1.422433	0.000000	0.000000	0.000000	0.000000	0.000000	14.224327	1.841303	1.929615	0.000000	0.000000	0.000000	1.406559	0.045181	0.216302	0.000000	0.000000	0.000000	0.017637	0.220795	0.017637	0.220795	0.017637	1.104145	0.017637	1.422433	7.154860	
2.000000	3.000000	0.000000	0.000000	0.000000	1.423607	0.000000	0.000000	0.000000	0.000000	0.000000	14.236074	1.845682	1.950823	0.000000	0.000000	0.000000	1.408264	0.043788	0.212080	0.000000	0.000000	0.000000	0.017048	0.216386	0.017048	0.216386	0.017048	1.082085	0.017048	1.423607	7.254832	
2.000000	3.000000	0.000000	0.000000	0.000000	1.424759	0.000000	0.000000	0.000000	0.000000	0.000000	14.247590	1.849928	1.971616	0.000000	0.000000	0.000000	1.409913	0.042455	0.207935	0.000000	0.000000	0.000000	0.016495	0.212064	0.016495	0.212064	0.016495	1.060465	0.016495	1.424759	7.354832	
2.000000	3.000000	0.000000	0.000000	0.000000	1.425889	0.000000	0.000000	0.000000	0.000000	0.000000	14.258890	1.854045	1.992003	0.000000	0.000000	0.000000	1.411511	0.041177	0.203865	0.000000	0.000000	0.000000	0.015976	0.207829	0.015976	0.207829	0.015976	1.039276	0.015976	1.425889	7.454836	
2.000000	3.000000	0.000000	0.000000	0.000000	1.426999	0.000000	0.000000	0.000000	0.000000	0.000000	14.269991	1.858041	2.011990	0.000000	0.000000	0.000000	1.413060	0.039952	0.199871	0.000000	0.000000	0.000000	0.015488	0.203677	0.015488	0.203677	0.015488	1.018509	0.015488	1.426999	7.554854	
2.000000	3.000000	0.000000	0.000000	0.000000	1.428091	0.000000	0.000000	0.000000	0.000000	0.000000	14.280909	1.861918	2.031585	0.000000	0.000000	0.000000	1.414563	0.038777	0.195950	0.000000	0.000000	0.000000	0.015031	0.199609	0.015031	0.199609	0.015031	0.998156	0.015031	1.428091	7.654870	
2.000000	3.000000	0.000000	0.000000	0.000000	1.429166	0.000000	0.000000	0.000000	0.000000	0.000000	14.291658	1.865683	2.050795	0.000000	0.000000	0.000000	1.416023	0.037651	0.192102	0.000000	0.000000	0.000000	0.014603	0.195621	0.014603	0.195621	0.014603	0.978210	0.014603	1.429166	7.754899	
2.000000	3.000000	0.000000	0.000000	0.000000	1.430225	0.000000	0.000000	0.000000	0.000000	0.000000	14.302253	1.869340	2.069628	0.000000	0.000000	0.000000	1.417443	0.036570	0.188327	0.000000	0.000000	0.000000	0.014202	0.191713	0.014202	0.191713	0.014202	0.958661	0.014202	1.430225	7.855088	
2.000000	3.000000	0.000000	0.000000	0.000000	1.431271	0.000000	0.000000	0.000000	0.000000	0.000000	14.312709	1.872894	2.088090	0.000000	0.000000	0.000000	1.418826	0.035532	0.184621	0.000000	0.000000	0.000000	0.013827	0.187882	0.013827	0.187882	0.013827	0.939502	0.013827	1.431271	7.954948	
2.000000	3.000000	0.000000	0.000000	0.000000	1.432304	0.000000	0.000000	0.000000	0.000000	0.000000	14.323039	1.876347	2.106189	0.000000	0.000000	0.000000	1.420174	0.034536	0.180986	0.000000	0.000000	0.000000	0.013478	0.184128	0.013478	0.184128	0.013478	0.920726	0.013478	1.432304	8.054862	
2.000000	3.000000	0.000000	0.000000	0.000000	1.433326	0.000000	0.000000	0.000000	0.000000	0.000000	14.333256	1.879705	2.123931	0.000000	0.000000	0.000000	1.421489	0.033578	0.177419	0.000000	0.000000	0.000000	0.013152	0.180449	0.013152	0.180449	0.013152	0.902324	0.013152	1.433326	8.154848	
2.000000	3.000000	0.000000	0.000000	0.000000	1.434338	0.000000	0.000000	0.000000	0.000000	0.000000	14.343376	1.882971	2.141323	0.000000	0.000000	0.000000	1.422774	0.032659	0.173920	0.000000	0.000000	0.000000	0.012848	0.176843	0.012848	0.176843	0.012848	0.884290	0.012848	1.434338	8.254945	
2.000000	3.000000	0.000000	0.000000	0.000000	1.435341	0.000000	0.000000	0.000000	0.000000	0.000000	14.353410	1.886148	2.158371	0.000000	0.000000	0.000000	1.424031	0.031775	0.170488	0.000000	0.000000	0.000000	0.012567	0.173309	0.012567	0.173309	0.012567	0.866616	0.012567	1.435341	8.355621	
2.000000	3.000000	0.000000	0.000000	0.000000	1.436337	0.000000	0.000000	0.000000	0.000000	0.000000	14.363372	1.889241	2.175083	0.000000	0.000000	0.000000	1.425261	0.030925	0.167120	0.000000	0.000000	0.000000	0.012307	0.169846	0.012307	0.169846	0.012307	0.849294	0.012307	1.436337	8.455643	
2.000000	3.000000	0.000000	0.000000	0.000000	1.437328	0.000000	0.000000	0.000000	0.000000	0.000000	14.373276	1.892252	2.191465	0.000000	0.000000	0.000000	1.426468	0.030108	0.163817	0.000000	0.000000	0.000000	0.012066	0.166452	0.012066	0.166452	0.012066	0.832319	0.012066	1.437328	8.554851	
2.000000	3.000000	0.000000	0.000000	0.000000	1.438313	0.000000	0.000000	0.000000	0.000000	0.000000	14.383134	1.895184	2.207523	0.000000	0.000000	0.000000	1.427652	0.029323	0.160577	0.000000	0.000000	0.000000	0.011845	0.163125	0.011845	0.163125	0.011845	0.815683	0.011845	1.438313	8.655082	
2.000000	3.000000	0.000000	0.000000	0.000000	1.439296	0.000000	0.000000	0.000000	0.000000	0.000000	14.392960	1.898041	2.223263	0.000000	0.000000	0.000000	1.428817	0.028568	0.157399	0.000000	0.000000	0.000000	0.011643	0.159865	0.011643	0.159865	0.011643	0.799379	0.011643	1.439296	8.754864	
2.000000	3.000000	0.000000	0.000000	0.000000	1.440277	0.000000	0.000000	0.000000	0.000000	0.000000	14.402767	1.900825	2.238691	0.000000	0.000000	0.000000	1.429963	0.027842	0.154283	0.000000	0.000000	0.000000	0.011460	0.156670	0.011460	0.156670	0.011460	0.783401	0.011460	1.440277	8.855264	
2.000000	3.000000	0.000000	0.000000	0.000000	1.441257	0.000000	0.000000	0.000000	0.000000	0.000000	14.412568	1.903539	2.253814	0.000000	0.000000	0.000000	1.431092	0.027143	0.151226	0.000000	0.000000	0.000000	0.011294	0.153539	0.011294	0.153539	0.011294	0.767742	0.011294	1.441257	8.954889	
2.000000	3.000000	0.000000	0.000000	0.000000	1.442238	0.000000	0.000000	0.000000	0.000000	0.000000	14.422378	1.906186	2.268636	0.000000	0.000000	0.000000	1.432207	0.026471	0.148228	0.000000	0.000000	0.000000	0.011146	0.150470	0.011146	0.150470	0.011146	0.752395	0.011146	1.442238	9.054884	
2.000000	3.000000	0.000000	0.000000	0.000000	1.443221	0.000000	0.000000	0.000000	0.000000	0.000000	14.432209	1.908769	2.283165	0.000000	0.000000	0.000000	1.433308	0.025826	0.145288	0.000000	0.000000	0.000000	0.011014	0.147462	0.011014	0.147462	0.011014	0.737356	0.011014	1.443221	9.154898	
2.000000	3.000000	0.000000	0.000000	0.000000	1.444208	0.000000	0.000000	0.000000	0.000000	0.000000	14.442078	1.911290	2.297406	0.000000	0.000000	0.000000	1.434398	0.025205	0.142404	0.000000	0.000000	0.000000	0.010900	0.144515	0.010900	0.144515	0.010900	0.722617	0.010900	1.444208	9.254900	
2.000000	3.000000	0.000000	0.000000	0.000000	1.445200	0.000000	0.000000	0.000000	0.000000	0.000000	14.451997	1.913750	2.311363	0.000000	0.000000	0.000000	1.435478	0.024608	0.139576	0.000000	0.000000	0.000000	0.010802	0.141626	0.010802	0.141626	0.010802	0.708173	0.010802	1.445200	9.354962	
2.000000	3.000000	0.000000	0.000000	0.000000	1.446198	0.000000	0.000000	0.000000	0.000000	0.000000	14.461982	1.916154	2.325044	0.000000	0.000000	0.000000	1.436550	0.024035	0.136804	0.000000	0.000000	0.000000	0.010720	0.138795	0.010720	0.138795	0.010720	0.694017	0.010720	1.446198	9.455089	
2.000000	3.000000	0.000000	0.000000	0.000000	1.447205	0.000000	0.000000	0.000000	0.000000	0.000000	14.472050	1.918502	2.338452	0.000000	0.000000	0.000000	1.437616	0.023485	0.134084	0.000000	0.000000	0.000000	0.010655	0.136021	0.010655	0.136021	0.010655	0.680144	0.010655	1.447205	9.554950	
2.000000	3.000000	0.000000	0.000000	0.000000	1.448222	0.000000	0.000000	0.000000	0.000000	0.000000	14.482216	1.920798	2.351594	0.000000	0.000000	0.000000	1.438676	0.022957	0.131418	0.000000	0.000000	0.000000	0.010606	0.133302	0.010606	0.133302	0.010606	0.666549	0.010606	1.448222	9.654953	
2.000000	3.000000	0.000000	0.000000	0.000000	1.449250	0.000000	0.000000	0.000000	0.000000	0.000000	14.492498	1.923043	2.364474	0.000000	0.000000	0.000000	1.439734	0.022450	0.128803	0.000000	0.000000	0.000000	0.010573	0.130638	0.010573	0.130638	0.010573	0.653226	0.010573	1.449250	9.754951	
2.000000	3.000000	0.000000	0.000000	0.000000	1.450291	0.000000	0.000000	0.000000	0.000000	0.000000	14.502914	1.925240	2.377098	0.000000	0.000000	0.000000	1.440789	0.021965	0.126239	0.000000	0.000000	0.000000	0.010558	0.128027	0.010558	0.128027	0.010558	0.640168	0.010558	1.450291	9.854956	
2.000000	3.000000	0.000000	0.000000	0.000000	1.451348	0.000000	0.000000	0.000000	0.000000	0.000000	14.513482	1.927390	2.389470	0.000000	0.000000	0.000000	1.441845	0.021501	0.123724	0.000000	0.000000	0.000000	0.010559	0.125467	0.010559	0.125467	0.010559	0.627372	0.010559	1.451348	9.954915	
2.000000	3.000000	0.000000	0.000000	0.000000	1.452422	0.000000	0.000000	0.000000	0.000000	0.000000	14.524223	1.929495	2.401596	0.000000	0.000000	0.000000	1.442903	0.021056	0.121259	0.000000	0.000000	0.000000	0.010577	0.122960	0.010577	0.122960	0.010577	0.614832	0.010577	1.452422	10.054925	
2.000000	3.000000	0.000000	0.000000	0.000000	1.453516	0.000000	0.000000	0.000000	0.000000	0.000000	14.535158	1.931559	2.413480	0.000000	0.000000	0.000000	1.443964	0.020632	0.118841	0.000000	0.000000	0.000000	0.010613	0.120502	0.010613	0.120502	0.010613	0.602543	0.010613	1.453516	10.154924	
2.000000	3.000000	0.000000	0.000000	0.000000	1.454631	0.000000	0.000000	0.000000	0.000000	0.000000	14.546309	1.933581	2.425127	0.000000	0.000000	0.000000	1.445031	0.020228	0.116470	0.000000	0.000000	0.000000	0.010667	0.118093	0.010667	0.118093	0.010667	0.590499	0.010667	1.454631	10.254950	
2.000000	3.000000	0.000000	0.000000	0.000000	1.455770	0.000000	0.000000	0.000000	0.000000	0.000000	14.557701	1.935566	2.436542	0.000000	0.000000	0.000000	1.446105	0.019844	0.114145	0.000000	0.000000	0.000000	0.010739	0.115733	0.010739	0.115733	0.010739	0.578697	0.010739	1.455770	10.354981	
2.000000	3.000000	0.000000	0.000000	0.000000	1.456936	0.000000	0.000000	0.000000	0.000000	0.000000	14.569360	1.937514	2.447728	0.000000	0.000000	0.000000	1.447188	0.019479	0.111865	0.000000	0.000000	0.000000	0.010831	0.113419	0.010831	0.113419	0.010831	0.567130	0.010831	1.456936	10.454921	
2.000000	3.000000	0.000000	0.000000	0.000000	1.458131	0.000000	0.000000	0.000000	0.000000	0.000000	14.581314	1.939427	2.458691	0.000000	0.000000	0.000000	1.448282	0.019134	0.109630	0.000000	0.000000	0.000000	0.010943	0.111152	0.010943	0.111152	0.010943	0.555795	0.010943	1.458131	10.554927	
2.000000	3.000000	0.000000	0.000000	0.000000	1.459359	0.000000	0.000000	0.000000	0.000000	0.000000	14.593592	1.941308	2.469435	0.000000	0.000000	0.000000	1.449390	0.018809	0.107437	0.000000	0.000000	0.000000	0.011077	0.108931	0.011077	0.108931	0.011077	0.544687	0.011077	1.459359	10.655038	
2.000000	3.000000	0.000000	0.000000	0.000000	1.460623	0.000000	0.000000	0.000000	0.000000	0.000000	14.606227	1.943158	2.479964	0.000000	0.000000	0.000000	1.450513	0.018504	0.105288	0.000000	0.000000	0.000000	0.011233	0.106754	0.011233	0.106754	0.011233	0.533801	0.011233	1.460623	10.755041	
2.000000	3.000000	0.000000	0.000000	0.000000	1.461925	0.000000	0.000000	0.000000	0.000000	0.000000	14.619254	1.944980	2.490282	0.000000	0.000000	0.000000	1.451655	0.018219	0.103179	0.000000	0.000000	0.000000	0.011412	0.104620	0.011412	0.104620	0.011412	0.523133	0.011412	1.461925	10.854920	
2.000000	3.000000	0.000000	0.000000	0.000000	1.463271	0.000000	0.000000	0.000000	0.000000	0.000000	14.632712	1.946776	2.500393	0.000000	0.000000	0.000000	1.452816	0.017954	0.101112	0.000000	0.000000	0.000000	0.011617	0.102529	0.011617	0.102529	0.011617	0.512679	0.011617	1.463271	10.954906	
2.000000	3.000000	0.000000	0.000000	0.000000	1.464664	0.000000	0.000000	0.000000	0.000000	0.000000	14.646643	1.948547	2.510301	0.000000	0.000000	0.000000	1.454001	0.017710	0.099084	0.000000	0.000000	0.000000	0.011848	0.100480	0.011848	0.100480	0.011848	0.502434	0.011848	1.464664	11.054942	
2.000000	3.000000	0.000000	0.000000	0.000000	1.466109	0.000000	0.000000	0.000000	0.000000	0.000000	14.661090	1.950295	2.520011	0.000000	0.000000	0.000000	1.455212	0.017488	0.097095	0.000000	0.000000	0.000000	0.012108	0.098472	0.012108	0.098472	0.012108	0.492394	0.012108	1.466109	11.154980	
2.000000	3.000000	0.000000	0.000000	0.000000	1.467611	0.000000	0.000000	0.000000	0.000000	0.000000	14.676106	1.952024	2.529525	0.000000	0.000000	0.000000	1.456452	0.017288	0.095145	0.000000	0.000000	0.000000	0.012399	0.096504	0.012399	0.096504	0.012399	0.482556	0.012399	1.467611	11.255233	
2.000000	3.000000	0.000000	0.000000	0.000000	1.469174	0.000000	0.000000	0.000000	0.000000	0.000000	14.691744	1.953735	2.538848	0.000000	0.000000	0.000000	1.457724	0.017110	0.093232	0.000000	0.000000	0.000000	0.012723	0.094575	0.012723	0.094575	0.012723	0.472914	0.012723	1.469174	11.355157	
2.000000	3.000000	0.000000	0.000000	0.000000	1.470806	0.000000	0.000000	0.000000	0.000000	0.000000	14.708065	1.955431	2.547984	0.000000	0.000000	0.000000	1.459032	0.016957	0.091355	0.000000	0.000000	0.000000	0.013083	0.092685	0.013083	0.092685	0.013083	0.463466	0.013083	1.470806	11.454994	
2.000000	3.000000	0.000000	0.000000	0.000000	1.472513	0.000000	0.000000	0.000000	0.000000	0.000000	14.725134	1.957114	2.556936	0.000000	0.000000	0.000000	1.460380	0.016829	0.089515	0.000000	0.000000	0.000000	0.013481	0.090833	0.013481	0.090833	0.013481	0.454208	0.013481	1.472513	11.555376	
2.000000	3.000000	0.000000	0.000000	0.000000	1.474303	0.000000	0.000000	0.000000	0.000000	0.000000	14.743027	1.958787	2.565706	0.000000	0.000000	0.000000	1.461773	0.016728	0.087709	0.000000	0.000000	0.000000	0.013922	0.089018	0.013922	0.089018	0.013922	0.445135	0.013922	1.474303	11.654991	
2.000000	3.000000	0.000000	0.000000	0.000000	1.476182	0.000000	0.000000	0.000000	0.000000	0.000000	14.761823	1.960452	2.574300	0.000000	0.000000	0.000000	1.463214	0.016654	0.085938	0.000000	0.000000	0.000000	0.014410	0.087240	0.014410	0.087240	0.014410	0.436245	0.014410	1.476182	11.755012	
2.000000	3.000000	0.000000	0.000000	0.000000	1.478161	0.000000	0.000000	0.000000	0.000000	0.000000	14.781614	1.962113	2.582720	0.000000	0.000000	0.000000	1.464708	0.016611	0.084200	0.000000	0.000000	0.000000	0.014948	0.085497	0.014948	0.085497	0.014948	0.427533	0.014948	1.478161	11.855009	
2.000000	3.000000	0.000000	0.000000	0.000000	1.480250	0.000000	0.000000	0.000000	0.000000	0.000000	14.802500	1.963773	2.590970	0.000000	0.000000	0.000000	1.466262	0.016599	0.082495	0.000000	0.000000	0.000000	0.015542	0.083789	0.015542	0.083789	0.015542	0.418996	0.015542	1.480250	11.955016	
2.000000	3.000000	0.000000	0.000000	0.000000	1.482459	0.000000	0.000000	0.000000	0.000000	0.000000	14.824593	1.965435	2.599052	0.000000	0.000000	0.000000	1.467882	0.016622	0.080822	0.000000	0.000000	0.000000	0.016197	0.082115	0.016197	0.082115	0.016197	0.410631	0.016197	1.482459	12.055137	
2.000000	3.000000	0.000000	0.000000	0.000000	1.484802	0.000000	0.000000	0.000000	0.000000	0.000000	14.848018	1.967104	2.606970	0.000000	0.000000	0.000000	1.469574	0.016683	0.079181	0.000000	0.000000	0.000000	0.016920	0.080476	0.016920	0.080476	0.016920	0.402435	0.016920	1.484802	12.155182	
2.000000	3.000000	0.000000	0.000000	0.000000	1.487292	0.000000	0.000000	0.000000	0.000000	0.000000	14.872917	1.968782	2.614727	0.000000	0.000000	0.000000	1.471346	0.016783	0.077570	0.000000	0.000000	0.000000	0.017718	0.078868	0.017718	0.078868	0.017718	0.394404	0.017718	1.487292	12.255091	
2.000000	3.000000	0.000000	0.000000	0.000000	1.489945	0.000000	0.000000	0.000000	0.000000	0.000000	14.899447	1.970475	2.622326	0.000000	0.000000	0.000000	1.473206	0.016928	0.075989	0.000000	0.000000	0.000000	0.018599	0.077294	0.018599	0.077294	0.018599	0.386536	0.018599	1.489945	12.355103	
2.000000	3.000000	0.000000	0.000000	0.000000	1.492779	0.000000	0.000000	0.000000	0.000000	0.000000	14.927785	1.972187	2.629770	0.000000	0.000000	0.000000	1.475163	0.017121	0.074437	0.000000	0.000000	0.000000	0.019573	0.075751	0.019573	0.075751	0.019573	0.378826	0.019573	1.492779	12.455113	
2.000000	3.000000	0.000000	0.000000	0.000000	1.495813	0.000000	0.000000	0.000000	0.000000	0.000000	14.958132	1.973924	2.637061	0.000000	0.000000	0.000000	1.477228	0.017367	0.072914	0.000000	0.000000	0.000000	0.020650	0.074239	0.020650	0.074239	0.020650	0.371274	0.020650	1.495813	12.555108	
2.000000	3.000000	0.000000	0.000000	0.000000	1.499071	0.000000	0.000000	0.000000	0.000000	0.000000	14.990714	1.975691	2.644203	0.000000	0.000000	0.000000	1.479412	0.017672	0.071419	0.000000	0.000000	0.000000	0.021843	0.072758	0.021843	0.072758	0.021843	0.363875	0.021843	1.499071	12.655076	
2.000000	3.000000	0.000000	0.000000	0.000000	1.502579	0.000000	0.000000	0.000000	0.000000	0.000000	15.025788	1.977495	2.651198	0.000000	0.000000	0.000000	1.481729	0.018042	0.069952	0.000000	0.000000	0.000000	0.023166	0.071306	0.023166	0.071306	0.023166	0.356627	0.023166	1.502579	12.755163	
2.000000	3.000000	0.000000	0.000000	0.000000	1.506364	0.000000	0.000000	0.000000	0.000000	0.000000	15.063645	1.979343	2.658049	0.000000	0.000000	0.000000	1.484193	0.018485	0.068512	0.000000	0.000000	0.000000	0.024635	0.069884	0.024635	0.069884	0.024635	0.349527	0.024635	1.506364	12.855103	
2.000000	3.000000	0.000000	0.000000	0.000000	1.510462	0.000000	0.000000	0.000000	0.000000	0.000000	15.104615	1.981244	2.664759	0.000000	0.000000	0.000000	1.486819	0.019009	0.067098	0.000000	0.000000	0.000000	0.026269	0.068491	0.026269	0.068491	0.026269	0.342574	0.026269	1.510462	12.955084	
2.000000	3.000000	0.000000	0.000000	0.000000	1.514908	0.000000	0.000000	0.000000	0.000000	0.000000	15.149078	1.983207	2.671330	0.000000	0.000000	0.000000	1.489628	0.019625	0.065712	0.000000	0.000000	0.000000	0.028088	0.067127	0.028088	0.067127	0.028088	0.335765	0.028088	1.514908	13.055076	
2.000000	3.000000	0.000000	0.000000	0.000000	1.519746	0.000000	0.000000	0.000000	0.000000	0.000000	15.197464	1.985241	2.677765	0.000000	0.000000	0.000000	1.492640	0.020344	0.064352	0.000000	0.000000	0.000000	0.030118	0.065790	0.030118	0.065790	0.030118	0.329099	0.030118	1.519746	13.155075	
2.000000	3.000000	0.000000	0.000000	0.000000	1.525027	0.000000	0.000000	0.000000	0.000000	0.000000	15.250270	1.987359	2.684067	0.000000	0.000000	0.000000	1.495879	0.021178	0.063019	0.000000	0.000000	0.000000	0.032387	0.064481	0.032387	0.064481	0.032387	0.322572	0.032387	1.525027	13.255093	
2.000000	3.000000	0.000000	0.000000	0.000000	1.530806	0.000000	0.000000	0.000000	0.000000	0.000000	15.308062	1.989574	2.690239	0.000000	0.000000	0.000000	1.499372	0.022145	0.061714	0.000000	0.000000	0.000000	0.034927	0.063199	0.034927	0.063199	0.034927	0.316185	0.034927	1.530806	13.355167	
2.000000	3.000000	0.000000	0.000000	0.000000	1.537149	0.000000	0.000000	0.000000	0.000000	0.000000	15.371494	1.991900	2.696282	0.000000	0.000000	0.000000	1.503149	0.023261	0.060437	0.000000	0.000000	0.000000	0.037778	0.061943	0.037778	0.061943	0.037778	0.309937	0.037778	1.537149	13.455120	
2.000000	3.000000	0.000000	0.000000	0.000000	1.544132	0.000000	0.000000	0.000000	0.000000	0.000000	15.441321	1.994355	2.702201	0.000000	0.000000	0.000000	1.507248	0.024548	0.059190	0.000000	0.000000	0.000000	0.040983	0.060714	0.040983	0.060714	0.040983	0.303826	0.040983	1.544132	13.555117	
2.000000	3.000000	0.000000	0.000000	0.000000	1.551841	0.000000	0.000000	0.000000	0.000000	0.000000	15.518413	1.996958	2.707999	0.000000	0.000000	0.000000	1.511707	0.026031	0.057975	0.000000	0.000000	0.000000	0.044594	0.059511	0.044594	0.059511	0.044594	0.297852	0.044594	1.551841	13.655077	
2.000000	3.000000	0.000000	0.000000	0.000000	1.560378	0.000000	0.000000	0.000000	0.000000	0.000000	15.603777	1.999731	2.713679	0.000000	0.000000	0.000000	1.516574	0.027738	0.056795	0.000000	0.000000	0.000000	0.048671	0.058334	0.048671	0.058334	0.048671	0.292017	0.048671	1.560378	13.755098	
2.000000	3.000000	0.000000	0.000000	0.000000	1.569858	0.000000	0.000000	0.000000	0.000000	0.000000	15.698583	2.002702	2.719244	0.000000	0.000000	0.000000	1.521902	0.029702	0.055655	0.000000	0.000000	0.000000	0.053284	0.057183	0.053284	0.057183	0.053284	0.286322	0.053284	1.569858	13.855080	
2.000000	3.000000	0.000000	0.000000	0.000000	1.580419	0.000000	0.000000	0.000000	0.000000	0.000000	15.804187	2.005898	2.724700	0.000000	0.000000	0.000000	1.527754	0.031963	0.054561	0.000000	0.000000	0.000000	0.058516	0.056058	0.058516	0.056058	0.058516	0.280769	0.058516	1.580419	13.955144	
2.000000	3.000000	0.000000	0.000000	0.000000	1.592217	0.000000	0.000000	0.000000	0.000000	0.000000	15.922167	2.009355	2.730052	0.000000	0.000000	0.000000	1.534200	0.034566	0.053520	0.000000	0.000000	0.000000	0.064463	0.054958	0.064463	0.054958	0.064463	0.275363	0.064463	1.592217	14.055426	
2.000000	3.000000	0.000000	0.000000	0.000000	1.605436	0.000000	0.000000	0.000000	0.000000	0.000000	16.054356	2.013111	2.735307	0.000000	0.000000	0.000000	1.541324	0.037565	0.052546	0.000000	0.000000	0.000000	0.071235	0.053885	0.071235	0.053885	0.071235	0.270110	0.071235	1.605436	14.155099	
2.000000	3.000000	0.000000	0.000000	0.000000	1.620289	0.000000	0.000000	0.000000	0.000000	0.000000	16.202890	2.017213	2.740472	0.000000	0.000000	0.000000	1.549220	0.041022	0.051652	0.000000	0.000000	0.000000	0.078965	0.052838	0.078965	0.052838	0.078965	0.265018	0.078965	1.620289	14.255092	
2.000000	3.000000	0.000000	0.000000	0.000000	1.637025	0.000000	0.000000	0.000000	0.000000	0.000000	16.370248	2.021714	2.745558	0.000000	0.000000	0.000000	1.558001	0.045010	0.050860	0.000000	0.000000	0.000000	0.087804	0.051819	0.087804	0.051819	0.087804	0.260098	0.087804	1.637025	14.355103	
2.000000	3.000000	0.000000	0.000000	0.000000	1.655931	0.000000	0.000000	0.000000	0.000000	0.000000	16.559310	2.026675	2.750578	0.000000	0.000000	0.000000	1.567794	0.049611	0.050198	0.000000	0.000000	0.000000	0.097930	0.050829	0.097930	0.050829	0.097930	0.255367	0.097930	1.655931	14.455369	
2.000000	3.000000	0.000000	0.000000	0.000000	1.677340	0.000000	0.000000	0.000000	0.000000	0.000000	16.773404	2.032168	2.755548	0.000000	0.000000	0.000000	1.578749	0.054923	0.049704	0.000000	0.000000	0.000000	0.109547	0.049868	0.109547	0.049868	0.109547	0.250845	0.109547	1.677340	14.555103	
2.000000	3.000000	0.000000	0.000000	0.000000	1.701636	0.000000	0.000000	0.000000	0.000000	0.000000	17.016359	2.038273	2.760491	0.000000	0.000000	0.000000	1.591037	0.061053	0.049427	0.000000	0.000000	0.000000	0.122887	0.048940	0.122887	0.048940	0.122887	0.246559	0.122887	1.701636	14.655159	
2.000000	3.000000	0.000000	0.000000	0.000000	1.729254	0.000000	0.000000	0.000000	0.000000	0.000000	17.292542	2.045085	2.765434	0.000000	0.000000	0.000000	1.604859	0.068122	0.049436	0.000000	0.000000	0.000000	0.138217	0.048047	0.138217	0.048047	0.138217	0.242548	0.138217	1.729254	14.755079	
2.000000	3.000000	0.000000	0.000000	0.000000	1.760688	0.000000	0.000000	0.000000	0.000000	0.000000	17.606876	2.052711	2.770416	0.000000	0.000000	0.000000	1.620442	0.076262	0.049819	0.000000	0.000000	0.000000	0.155829	0.047193	0.155829	0.047193	0.155829	0.238859	0.155829	1.760688	14.855107	
2.000000	3.000000	0.000000	0.000000	0.000000	1.796480	0.000000	0.000000	0.000000	0.000000	0.000000	17.964805	2.061272	2.775486	0.000000	0.000000	0.000000	1.638046	0.085609	0.050694	0.000000	0.000000	0.000000	0.176039	0.046383	0.176039	0.046383	0.176039	0.235557	0.176039	1.796480	14.955069	
2.000000	3.000000	0.000000	0.000000	0.000000	1.837219	0.000000	0.000000	0.000000	0.000000	0.000000	18.372188	2.070902	2.780707	0.000000	0.000000	0.000000	1.657963	0.096296	0.052214	0.000000	0.000000	0.000000	0.199173	0.045625	0.199173	0.045625	0.199173	0.232725	0.199173	1.837219	15.055445	
2.000000	3.000000	0.000000	0.000000	0.000000	1.883508	0.000000	0.000000	0.000000	0.000000	0.000000	18.835082	2.081745	2.786164	0.000000	0.000000	0.000000	1.680518	0.108433	0.054574	0.000000	0.000000	0.000000	0.225545	0.044927	0.225545	0.044927	0.225545	0.230470	0.225545	1.883508	15.155270	
2.000000	3.000000	0.000000	0.000000	0.000000	1.935935	0.000000	0.000000	0.000000	0.000000	0.000000	19.359346	2.093954	2.791966	0.000000	0.000000	0.000000	1.706059	0.122090	0.058018	0.000000	0.000000	0.000000	0.255417	0.044300	0.255417	0.044300	0.255417	0.228928	0.255417	1.935935	15.255603	
2.000000	3.000000	0.000000	0.000000	0.000000	1.995004	0.000000	0.000000	0.000000	0.000000	0.000000	19.950044	2.107679	2.798251	0.000000	0.000000	0.000000	1.734954	0.137252	0.062843	0.000000	0.000000	0.000000	0.288945	0.043761	0.288945	0.043761	0.288945	0.228266	0.288945	1.995004	15.355369	
2.000000	3.000000	0.000000	0.000000	0.000000	2.061061	0.000000	0.000000	0.000000	0.000000	0.000000	20.610609	2.123057	2.805190	0.000000	0.000000	0.000000	1.767564	0.153781	0.069391	0.000000	0.000000	0.000000	0.326107	0.043327	0.326107	0.043327	0.326107	0.228687	0.326107	2.061061	15.455101	
2.000000	3.000000	0.000000	0.000000	0.000000	2.134183	0.000000	0.000000	0.000000	0.000000	0.000000	21.341834	2.140194	2.812993	0.000000	0.000000	0.000000	1.804226	0.171361	0.078029	0.000000	0.000000	0.000000	0.366619	0.043022	0.366619	0.043022	0.366619	0.230422	0.366619	2.134183	15.555095	
2.000000	3.000000	0.000000	0.000000	0.000000	2.214085	0.000000	0.000000	0.000000	0.000000	0.000000	22.140851	2.159139	2.821904	0.000000	0.000000	0.000000	1.845212	0.189454	0.089114	0.000000	0.000000	0.000000	0.409859	0.042873	0.409859	0.042873	0.409859	0.233722	0.409859	2.214085	15.655136	
2.000000	3.000000	0.000000	0.000000	0.000000	2.300040	0.000000	0.000000	0.000000	0.000000	0.000000	23.000402	2.179867	2.832197	0.000000	0.000000	0.000000	1.890695	0.207277	0.102931	0.000000	0.000000	0.000000	0.454828	0.042911	0.454828	0.042911	0.454828	0.238838	0.454828	2.300040	15.755138	
2.000000	3.000000	0.000000	0.000000	0.000000	2.390879	0.000000	0.000000	0.000000	0.000000	0.000000	23.908793	2.202250	2.844160	0.000000	0.000000	0.000000	1.940713	0.223828	0.119627	0.000000	0.000000	0.000000	0.500184	0.043171	0.500184	0.043171	0.500184	0.245988	0.500184	2.390879	15.855131	
2.000000	3.000000	0.000000	0.000000	0.000000	2.485078	0.000000	0.000000	0.000000	0.000000	0.000000	24.850783	2.226047	2.858073	0.000000	0.000000	0.000000	1.995150	0.237978	0.139133	0.000000	0.000000	0.000000	0.544365	0.043684	0.544365	0.043684	0.544365	0.255325	0.544365	2.485078	15.955132	
2.000000	3.000000	0.000000	0.000000	0.000000	2.580936	0.000000	0.000000	0.000000	0.000000	0.000000	25.809365	2.250907	2.874186	0.000000	0.000000	0.000000	2.053729	0.248601	0.161130	0.000000	0.000000	0.000000	0.585787	0.044482	0.585787	0.044482	0.585787	0.266909	0.585787	2.580936	16.055161	
2.000000	3.000000	0.000000	0.000000	0.000000	2.676797	0.000000	0.000000	0.000000	0.000000	0.000000	26.767970	2.276381	2.892690	0.000000	0.000000	0.000000	2.116035	0.254736	0.185044	0.000000	0.000000	0.000000	0.623068	0.045588	0.623068	0.045588	0.623068	0.280684	0.623068	2.676797	16.155276	
2.000000	3.000000	0.000000	0.000000	0.000000	2.771242	0.000000	0.000000	0.000000	0.000000	0.000000	27.712419	2.301953	2.913701	0.000000	0.000000	0.000000	2.181556	0.255718	0.210103	0.000000	0.000000	0.000000	0.655207	0.047017	0.655207	0.047017	0.655207	0.296482	0.655207	2.771242	16.255142	
2.000000	3.000000	0.000000	0.000000	0.000000	2.863210	0.000000	0.000000	0.000000	0.000000	0.000000	28.632101	2.327077	2.937242	0.000000	0.000000	0.000000	2.249721	0.251239	0.235416	0.000000	0.000000	0.000000	0.681654	0.048773	0.681654	0.048773	0.681654	0.314043	0.681654	2.863210	16.355152	
2.000000	3.000000	0.000000	0.000000	0.000000	2.952022	0.000000	0.000000	0.000000	0.000000	0.000000	29.520222	2.351212	2.963250	0.000000	0.000000	0.000000	2.319952	0.241353	0.260078	0.000000	0.000000	0.000000	0.702301	0.050846	0.702301	0.050846	0.702301	0.333043	0.702301	2.952022	16.455366	
2.000000	3.000000	0.000000	0.000000	0.000000	3.037335	0.000000	0.000000	0.000000	0.000000	0.000000	30.373349	2.373853	2.991575	0.000000	0.000000	0.000000	2.391690	0.226414	0.283246	0.000000	0.000000	0.000000	0.717383	0.053219	0.717383	0.053219	0.717383	0.353129	0.717383	3.037335	16.555585	
2.000000	3.000000	0.000000	0.000000	0.000000	3.119060	0.000000	0.000000	0.000000	0.000000	0.000000	31.190605	2.394553	3.021995	0.000000	0.000000	0.000000	2.464427	0.206999	0.304202	0.000000	0.000000	0.000000	0.727371	0.055862	0.727371	0.055862	0.727371	0.373948	0.727371	3.119060	16.655301	
2.000000	3.000000	0.000000	0.000000	0.000000	-3.085903	0.000000	0.000000	0.000000	0.000000	0.000000	-30.859035	2.412935	3.054233	0.000000	0.000000	0.000000	2.537712	0.183817	0.322383	0.000000	0.000000	0.000000	0.732855	0.058743	0.732855	0.058743	0.732855	0.395166	-5.550330	-3.085903	16.756944	
2.000000	3.000000	0.000000	0.000000	0.000000	-3.011004	0.000000	0.000000	0.000000	0.000000	0.000000	-30.110036	2.428699	3.087972	0.000000	0.000000	0.000000	2.611159	0.157643	0.337390	0.000000	0.000000	0.000000	0.734469	0.061821	0.734469	0.061821	0.734469	0.416481	-5.548716	-3.011004	16.855216	
2.000000	3.000000	0.000000	0.000000	0.000000	-2.939195	0.000000	0.000000	0.000000	0.000000	0.000000	-29.391947	2.441625	3.122870	0.000000	0.000000	0.000000	2.684442	0.129255	0.348978	0.000000	0.000000	0.000000	0.732831	0.065057	0.732831	0.065057	0.732831	0.437632	-5.550354	-2.939195	16.955189	
2.000000	3.000000	0.000000	0.000000	0.000000	-2.870232	0.000000	0.000000	0.000000	0.000000	0.000000	-28.702324	2.451564	3.158575	0.000000	0.000000	0.000000	2.757294	0.099396	0.357046	0.000000	0.000000	0.000000	0.728510	0.068408	0.728510	0.068408	0.728510	0.458399	-5.554675	-2.870232	17.055198	
2.000000	3.000000	0.000000	0.000000	0.000000	-2.803878	0.000000	0.000000	0.000000	0.000000	0.000000	-28.038778	2.458439	3.194736	0.000000	0.000000	0.000000	2.829495	0.068749	0.361607	0.000000	0.000000	0.000000	0.722014	0.071835	0.722014	0.071835	0.722014	0.478598	-5.561171	-2.803878	17.155203	
2.000000	3.000000	0.000000	0.000000	0.000000	-2.739909	0.000000	0.000000	0.000000	0.000000	0.000000	-27.399088	2.462232	3.231013	0.000000	0.000000	0.000000	2.900873	0.037923	0.362771	0.000000	0.000000	0.000000	0.713782	0.075300	0.713782	0.075300	0.713782	0.498085	-5.569404	-2.739909	17.255548	
2.000000	3.000000	0.000000	0.000000	0.000000	-2.678123	0.000000	0.000000	0.000000	0.000000	0.000000	-26.781234	2.462976	3.267085	0.000000	0.000000	0.000000	2.971292	0.007445	0.360720	0.000000	0.000000	0.000000	0.704189	0.078766	0.704189	0.078766	0.704189	0.516744	-5.578997	-2.678123	17.355258	
2.000000	3.000000	0.000000	0.000000	0.000000	-2.618342	0.000000	0.000000	0.000000	0.000000	0.000000	-26.183416	2.460752	3.302654	0.000000	0.000000	0.000000	3.040647	-0.022242	0.355691	0.000000	0.000000	0.000000	0.693552	0.082203	0.693552	0.082203	0.693552	0.534491	-5.589634	-2.618342	17.455254	
2.000000	3.000000	0.000000	0.000000	0.000000	-2.560403	0.000000	0.000000	0.000000	0.000000	0.000000	-25.604034	2.455674	3.337449	0.000000	0.000000	0.000000	3.108861	-0.050775	0.347956	0.000000	0.000000	0.000000	0.682135	0.085581	0.682135	0.085581	0.682135	0.551264	-5.601050	-2.560403	17.555246	
2.000000	3.000000	0.000000	0.000000	0.000000	-2.504167	0.000000	0.000000	0.000000	0.000000	0.000000	-25.041673	2.447888	3.371230	0.000000	0.000000	0.000000	-3.107309	-0.077864	0.337808	0.000000	0.000000	0.000000	0.670157	0.088877	0.670157	0.088877	0.670157	0.567020	-5.613028	-2.504167	17.656386	
2.000000	3.000000	0.000000	0.000000	0.000000	-2.449508	0.000000	0.000000	0.000000	0.000000	0.000000	-24.495084	2.437559	3.403785	0.000000	0.000000	0.000000	-3.041529	-0.103289	0.325551	0.000000	0.000000	0.000000	0.657801	0.092070	0.657801	0.092070	0.657801	0.581735	0.657801	-2.449508	17.755156	
2.000000	3.000000	0.000000	0.000000	0.000000	-2.396315	0.000000	0.000000	0.000000	0.000000	0.000000	-23.963155	2.424870	3.434934	0.000000	0.000000	0.000000	-2.977008	-0.126893	0.311489	0.000000	0.000000	0.000000	0.645213	0.095141	0.645213	0.095141	0.645213	0.595399	0.645213	-2.396315	17.855753	
2.000000	3.000000	0.000000	0.000000	0.000000	-2.344489	0.000000	0.000000	0.000000	0.000000	0.000000	-23.444895	2.410013	3.464526	0.000000	0.000000	0.000000	-2.913756	-0.148569	0.295916	0.000000	0.000000	0.000000	0.632518	0.098078	0.632518	0.098078	0.632518	0.608015	0.632518	-2.344489	17.955251	
2.000000	3.000000	0.000000	0.000000	0.000000	-2.293942	0.000000	0.000000	0.000000	0.000000	0.000000	-22.939416	2.393187	3.492437	0.000000	0.000000	0.000000	-2.851774	-0.168260	0.279115	0.000000	0.000000	0.000000	0.619814	0.100868	0.619814	0.100868	0.619814	0.619592	0.619814	-2.293942	18.055174	
