2.000000	3.000000	0.000000	0.000000	0.000000	0.982794	0.000000	0.000000	0.000000	0.000000	0.000000	9.827937	0.040000	-0.024570	0.000000	0.000000	0.000000	0.098279	0.400000	-0.245698	0.000000	0.000000	0.000000	0.982794	0.825562	0.982794	0.825562	0.982794	3.605551	0.982794	0.982794	0.101944	
2.000000	3.000000	0.000000	0.000000	0.000000	0.995810	0.000000	0.000000	0.000000	0.000000	0.000000	9.958100	0.086931	-0.042490	0.000000	0.000000	0.000000	0.188032	0.469311	-0.179198	0.000000	0.000000	0.000000	0.897531	0.838105	0.897531	0.838105	0.897531	3.604112	0.897531	0.995810	0.345726	
2.000000	3.000000	0.000000	0.000000	0.000000	1.009481	0.000000	0.000000	0.000000	0.000000	0.000000	10.094805	0.138868	-0.053512	0.000000	0.000000	0.000000	0.270177	0.519372	-0.110221	0.000000	0.000000	0.000000	0.821448	0.845312	0.821448	0.845312	0.821448	3.593964	0.821448	1.009481	0.445440	
2.000000	3.000000	0.000000	0.000000	0.000000	1.023417	0.000000	0.000000	0.000000	0.000000	0.000000	10.234169	0.194174	-0.057735	0.000000	0.000000	0.000000	0.345501	0.553055	-0.042230	0.000000	0.000000	0.000000	0.753240	0.847883	0.753240	0.847883	0.753240	3.575996	0.753240	1.023417	0.545581	
2.000000	3.000000	0.000000	0.000000	0.000000	1.037335	0.000000	0.000000	0.000000	0.000000	0.000000	10.373347	0.251493	-0.055486	0.000000	0.000000	0.000000	0.414685	0.573189	0.022492	0.000000	0.000000	0.000000	0.691833	0.846507	0.691833	0.846507	0.691833	3.551162	0.691833	1.037335	0.650458	
2.000000	3.000000	0.000000	0.000000	0.000000	1.051030	0.000000	0.000000	0.000000	0.000000	0.000000	10.510298	0.309730	-0.047231	0.000000	0.000000	0.000000	0.478319	0.582374	0.082550	0.000000	0.000000	0.000000	0.636345	0.841819	0.636345	0.841819	0.636345	3.520408	0.636345	1.051030	0.744687	
2.000000	3.000000	0.000000	0.000000	0.000000	1.064359	0.000000	0.000000	0.000000	0.000000	0.000000	10.643591	0.368021	-0.033511	0.000000	0.000000	0.000000	0.536923	0.582907	0.137192	0.000000	0.000000	0.000000	0.586040	0.834397	0.586040	0.834397	0.586040	3.484627	0.586040	1.064359	0.844797	
2.000000	3.000000	0.000000	0.000000	0.000000	1.077226	0.000000	0.000000	0.000000	0.000000	0.000000	10.772256	0.425696	-0.014900	0.000000	0.000000	0.000000	0.590953	0.576750	0.186118	0.000000	0.000000	0.000000	0.540303	0.824750	0.540303	0.824750	0.540303	3.444640	0.540303	1.077226	0.944799	
2.000000	3.000000	0.000000	0.000000	0.000000	1.089567	0.000000	0.000000	0.000000	0.000000	0.000000	10.895668	0.482251	0.008034	0.000000	0.000000	0.000000	0.640815	0.565551	0.229338	0.000000	0.000000	0.000000	0.498613	0.813322	0.498613	0.813322	0.498613	3.401184	0.498613	1.089567	1.044677	
2.000000	3.000000	0.000000	0.000000	0.000000	1.101346	0.000000	0.000000	0.000000	0.000000	0.000000	11.013458	0.537317	0.034740	0.000000	0.000000	0.000000	0.686868	0.550661	0.267062	0.000000	0.000000	0.000000	0.460531	0.800493	0.460531	0.800493	0.460531	3.354910	0.460531	1.101346	1.144697	
2.000000	3.000000	0.000000	0.000000	0.000000	1.112545	0.000000	0.000000	0.000000	0.000000	0.000000	11.125446	0.590635	0.064702	0.000000	0.000000	0.000000	0.729435	0.533175	0.299620	0.000000	0.000000	0.000000	0.425677	0.786588	0.425677	0.786588	0.425677	3.306389	0.425677	1.112545	1.337611	
2.000000	3.000000	0.000000	0.000000	0.000000	1.123159	0.000000	0.000000	0.000000	0.000000	0.000000	11.231593	0.642032	0.097444	0.000000	0.000000	0.000000	0.768808	0.513970	0.327414	0.000000	0.000000	0.000000	0.393724	0.771883	0.393724	0.771883	0.393724	3.256115	0.393724	1.123159	1.437665	
2.000000	3.000000	0.000000	0.000000	0.000000	1.133196	0.000000	0.000000	0.000000	0.000000	0.000000	11.331958	0.691405	0.132531	0.000000	0.000000	0.000000	0.805247	0.493735	0.350874	0.000000	0.000000	0.000000	0.364388	0.756607	0.364388	0.756607	0.364388	3.204514	0.364388	1.133196	1.537636	
2.000000	3.000000	0.000000	0.000000	0.000000	1.142667	0.000000	0.000000	0.000000	0.000000	0.000000	11.426669	0.738706	0.169574	0.000000	0.000000	0.000000	0.838989	0.473007	0.370431	0.000000	0.000000	0.000000	0.337420	0.740951	0.337420	0.740951	0.337420	3.151951	0.337420	1.142667	1.637655	
2.000000	3.000000	0.000000	0.000000	0.000000	1.151591	0.000000	0.000000	0.000000	0.000000	0.000000	11.515908	0.783925	0.208225	0.000000	0.000000	0.000000	0.870249	0.452196	0.386506	0.000000	0.000000	0.000000	0.312602	0.725073	0.312602	0.725073	0.312602	3.098737	0.312602	1.151591	1.737678	
2.000000	3.000000	0.000000	0.000000	0.000000	1.159989	0.000000	0.000000	0.000000	0.000000	0.000000	11.599886	0.827087	0.248174	0.000000	0.000000	0.000000	0.899223	0.431612	0.399494	0.000000	0.000000	0.000000	0.289740	0.709103	0.289740	0.709103	0.289740	3.045135	0.289740	1.159989	1.837703	
2.000000	3.000000	0.000000	0.000000	0.000000	1.167884	0.000000	0.000000	0.000000	0.000000	0.000000	11.678835	0.868235	0.289150	0.000000	0.000000	0.000000	0.926089	0.411483	0.409762	0.000000	0.000000	0.000000	0.268661	0.693145	0.268661	0.693145	0.268661	2.991366	0.268661	1.167884	1.937649	
2.000000	3.000000	0.000000	0.000000	0.000000	1.175300	0.000000	0.000000	0.000000	0.000000	0.000000	11.753000	0.907432	0.330915	0.000000	0.000000	0.000000	0.951010	0.391970	0.417644	0.000000	0.000000	0.000000	0.249211	0.677285	0.249211	0.677285	0.249211	2.937618	0.249211	1.175300	2.037735	
2.000000	3.000000	0.000000	0.000000	0.000000	1.182263	0.000000	0.000000	0.000000	0.000000	0.000000	11.822627	0.944751	0.373259	0.000000	0.000000	0.000000	0.974135	0.373187	0.423444	0.000000	0.000000	0.000000	0.231253	0.661590	0.231253	0.661590	0.231253	2.884046	0.231253	1.182263	2.137669	
2.000000	3.000000	0.000000	0.000000	0.000000	1.188797	0.000000	0.000000	0.000000	0.000000	0.000000	11.887966	0.980271	0.416002	0.000000	0.000000	0.000000	0.995601	0.355205	0.427431	0.000000	0.000000	0.000000	0.214661	0.646113	0.214661	0.646113	0.214661	2.830780	0.214661	1.188797	2.237854	
2.000000	3.000000	0.000000	0.000000	0.000000	1.194926	0.000000	0.000000	0.000000	0.000000	0.000000	11.949259	1.014078	0.458987	0.000000	0.000000	0.000000	1.015534	0.338066	0.429846	0.000000	0.000000	0.000000	0.199324	0.630896	0.199324	0.630896	0.199324	2.777929	0.199324	1.194926	2.337698	
2.000000	3.000000	0.000000	0.000000	0.000000	1.200674	0.000000	0.000000	0.000000	0.000000	0.000000	12.006743	1.046257	0.502077	0.000000	0.000000	0.000000	1.034048	0.321787	0.430903	0.000000	0.000000	0.000000	0.185140	0.615968	0.185140	0.615968	0.185140	2.725581	0.185140	1.200674	2.437660	
2.000000	3.000000	0.000000	0.000000	0.000000	1.206065	0.000000	0.000000	0.000000	0.000000	0.000000	12.060646	1.076893	0.545156	0.000000	0.000000	0.000000	1.051250	0.306368	0.430789	0.000000	0.000000	0.000000	0.172017	0.601355	0.172017	0.601355	0.172017	2.673807	0.172017	1.206065	2.537843	
2.000000	3.000000	0.000000	0.000000	0.000000	1.211119	0.000000	0.000000	0.000000	0.000000	0.000000	12.111188	1.106073	0.588123	0.000000	0.000000	0.000000	1.067237	0.291796	0.429669	0.000000	0.000000	0.000000	0.159869	0.587070	0.159869	0.587070	0.159869	2.622667	0.159869	1.211119	2.637757	
2.000000	3.000000	0.000000	0.000000	0.000000	1.215858	0.000000	0.000000	0.000000	0.000000	0.000000	12.158577	1.133878	0.630892	0.000000	0.000000	0.000000	1.082099	0.278049	0.427688	0.000000	0.000000	0.000000	0.148621	0.573125	0.148621	0.573125	0.148621	2.572208	0.148621	1.215858	2.737700	
2.000000	3.000000	0.000000	0.000000	0.000000	1.220301	0.000000	0.000000	0.000000	0.000000	0.000000	12.203010	1.160388	0.673389	0.000000	0.000000	0.000000	1.095919	0.265096	0.424972	0.000000	0.000000	0.000000	0.138202	0.559527	0.138202	0.559527	0.138202	2.522467	0.138202	1.220301	2.837705	
2.000000	3.000000	0.000000	0.000000	0.000000	1.224468	0.000000	0.000000	0.000000	0.000000	0.000000	12.244676	1.185678	0.715552	0.000000	0.000000	0.000000	1.108774	0.252904	0.421632	0.000000	0.000000	0.000000	0.128549	0.546276	0.128549	0.546276	0.128549	2.473473	0.128549	1.224468	2.937740	
2.000000	3.000000	0.000000	0.000000	0.000000	1.228375	0.000000	0.000000	0.000000	0.000000	0.000000	12.283751	1.209822	0.757329	0.000000	0.000000	0.000000	1.120734	0.241436	0.417763	0.000000	0.000000	0.000000	0.119601	0.533373	0.119601	0.533373	0.119601	2.425247	0.119601	1.228375	3.037725	
2.000000	3.000000	0.000000	0.000000	0.000000	1.232040	0.000000	0.000000	0.000000	0.000000	0.000000	12.320401	1.232887	0.798674	0.000000	0.000000	0.000000	1.131864	0.230655	0.413450	0.000000	0.000000	0.000000	0.111306	0.520815	0.111306	0.520815	0.111306	2.377805	0.111306	1.232040	3.137755	
2.000000	3.000000	0.000000	0.000000	0.000000	1.235478	0.000000	0.000000	0.000000	0.000000	0.000000	12.354784	1.254939	0.839550	0.000000	0.000000	0.000000	1.142226	0.220521	0.408764	0.000000	0.000000	0.000000	0.103614	0.508597	0.103614	0.508597	0.103614	2.331159	0.103614	1.235478	3.237688	
2.000000	3.000000	0.000000	0.000000	0.000000	1.238705	0.000000	0.000000	0.000000	0.000000	0.000000	12.387046	1.276039	0.879927	0.000000	0.000000	0.000000	1.151874	0.210997	0.403770	0.000000	0.000000	0.000000	0.096479	0.496714	0.096479	0.496714	0.096479	2.285314	0.096479	1.238705	3.337743	
2.000000	3.000000	0.000000	0.000000	0.000000	1.241732	0.000000	0.000000	0.000000	0.000000	0.000000	12.417324	1.296243	0.919779	0.000000	0.000000	0.000000	1.160860	0.202045	0.398521	0.000000	0.000000	0.000000	0.089859	0.485157	0.089859	0.485157	0.089859	2.240274	0.089859	1.241732	3.437706	
2.000000	3.000000	0.000000	0.000000	0.000000	1.244575	0.000000	0.000000	0.000000	0.000000	0.000000	12.445747	1.315606	0.959086	0.000000	0.000000	0.000000	1.169231	0.193629	0.393066	0.000000	0.000000	0.000000	0.083715	0.473920	0.083715	0.473920	0.083715	2.196040	0.083715	1.244575	3.537762	
2.000000	3.000000	0.000000	0.000000	0.000000	1.247244	0.000000	0.000000	0.000000	0.000000	0.000000	12.472437	1.334178	0.997830	0.000000	0.000000	0.000000	1.177032	0.185713	0.387446	0.000000	0.000000	0.000000	0.078013	0.462993	0.078013	0.462993	0.078013	2.152609	0.078013	1.247244	3.637735	
2.000000	3.000000	0.000000	0.000000	0.000000	1.249751	0.000000	0.000000	0.000000	0.000000	0.000000	12.497505	1.352004	1.036000	0.000000	0.000000	0.000000	1.184304	0.178266	0.381696	0.000000	0.000000	0.000000	0.072718	0.452368	0.072718	0.452368	0.072718	2.109977	0.072718	1.249751	3.737691	
2.000000	3.000000	0.000000	0.000000	0.000000	1.252106	0.000000	0.000000	0.000000	0.000000	0.000000	12.521058	1.369130	1.073585	0.000000	0.000000	0.000000	1.191084	0.171255	0.375848	0.000000	0.000000	0.000000	0.067802	0.442036	0.067802	0.442036	0.067802	2.068138	0.067802	1.252106	3.837722	
2.000000	3.000000	0.000000	0.000000	0.000000	1.254319	0.000000	0.000000	0.000000	0.000000	0.000000	12.543193	1.385595	1.110577	0.000000	0.000000	0.000000	1.197408	0.164651	0.369928	0.000000	0.000000	0.000000	0.063235	0.431988	0.063235	0.431988	0.063235	2.027085	0.063235	1.254319	3.937724	
2.000000	3.000000	0.000000	0.000000	0.000000	1.256400	0.000000	0.000000	0.000000	0.000000	0.000000	12.564003	1.401437	1.146973	0.000000	0.000000	0.000000	1.203307	0.158426	0.363959	0.000000	0.000000	0.000000	0.058992	0.422215	0.058992	0.422215	0.058992	1.986809	0.058992	1.256400	4.037697	
2.000000	3.000000	0.000000	0.000000	0.000000	1.258357	0.000000	0.000000	0.000000	0.000000	0.000000	12.583574	1.416693	1.182769	0.000000	0.000000	0.000000	1.208812	0.152554	0.357962	0.000000	0.000000	0.000000	0.055050	0.412708	0.055050	0.412708	0.055050	1.947302	0.055050	1.258357	4.137829	
2.000000	3.000000	0.000000	0.000000	0.000000	1.260198	0.000000	0.000000	0.000000	0.000000	0.000000	12.601985	1.431394	1.217965	0.000000	0.000000	0.000000	1.213951	0.147011	0.351954	0.000000	0.000000	0.000000	0.051386	0.403458	0.051386	0.403458	0.051386	1.908553	0.051386	1.260198	4.237799	
2.000000	3.000000	0.000000	0.000000	0.000000	1.261931	0.000000	0.000000	0.000000	0.000000	0.000000	12.619311	1.445571	1.252560	0.000000	0.000000	0.000000	1.218749	0.141773	0.345949	0.000000	0.000000	0.000000	0.047980	0.394456	0.047980	0.394456	0.047980	1.870551	0.047980	1.261931	4.337827	
2.000000	3.000000	0.000000	0.000000	0.000000	1.263562	0.000000	0.000000	0.000000	0.000000	0.000000	12.635623	1.459253	1.286556	0.000000	0.000000	0.000000	1.223230	0.136820	0.339961	0.000000	0.000000	0.000000	0.044813	0.385694	0.044813	0.385694	0.044813	1.833286	0.044813	1.263562	4.437781	
2.000000	3.000000	0.000000	0.000000	0.000000	1.265098	0.000000	0.000000	0.000000	0.000000	0.000000	12.650984	1.472467	1.319956	0.000000	0.000000	0.000000	1.227417	0.132132	0.334001	0.000000	0.000000	0.000000	0.041868	0.377164	0.041868	0.377164	0.041868	1.796747	0.041868	1.265098	4.538280	
2.000000	3.000000	0.000000	0.000000	0.000000	1.266546	0.000000	0.000000	0.000000	0.000000	0.000000	12.665457	1.485236	1.352764	0.000000	0.000000	0.000000	1.231330	0.127691	0.328077	0.000000	0.000000	0.000000	0.039129	0.368858	0.039129	0.368858	0.039129	1.760920	0.039129	1.266546	4.637789	
2.000000	3.000000	0.000000	0.000000	0.000000	1.267910	0.000000	0.000000	0.000000	0.000000	0.000000	12.679098	1.497584	1.384983	0.000000	0.000000	0.000000	1.234988	0.123479	0.322199	0.000000	0.000000	0.000000	0.036580	0.360768	0.036580	0.360768	0.036580	1.725796	0.036580	1.267910	4.737794	
2.000000	3.000000	0.000000	0.000000	0.000000	1.269196	0.000000	0.000000	0.000000	0.000000	0.000000	12.691960	1.509532	1.416621	0.000000	0.000000	0.000000	1.238409	0.119481	0.316373	0.000000	0.000000	0.000000	0.034208	0.352887	0.034208	0.352887	0.034208	1.691361	0.034208	1.269196	4.837793	
2.000000	3.000000	0.000000	0.000000	0.000000	1.270409	0.000000	0.000000	0.000000	0.000000	0.000000	12.704091	1.521100	1.447681	0.000000	0.000000	0.000000	1.241609	0.115682	0.310604	0.000000	0.000000	0.000000	0.032000	0.345208	0.032000	0.345208	0.032000	1.657603	0.032000	1.270409	4.937834	
2.000000	3.000000	0.000000	0.000000	0.000000	1.271554	0.000000	0.000000	0.000000	0.000000	0.000000	12.715540	1.532307	1.478171	0.000000	0.000000	0.000000	1.244603	0.112070	0.304899	0.000000	0.000000	0.000000	0.029945	0.337723	0.029945	0.337723	0.029945	1.624512	0.029945	1.271554	5.038058	
2.000000	3.000000	0.000000	0.000000	0.000000	1.272635	0.000000	0.000000	0.000000	0.000000	0.000000	12.726347	1.543170	1.508097	0.000000	0.000000	0.000000	1.247406	0.108631	0.299260	0.000000	0.000000	0.000000	0.028031	0.330428	0.028031	0.330428	0.028031	1.592074	0.028031	1.272635	5.137793	
2.000000	3.000000	0.000000	0.000000	0.000000	1.273655	0.000000	0.000000	0.000000	0.000000	0.000000	12.736554	1.553705	1.537466	0.000000	0.000000	0.000000	1.250031	0.105354	0.293693	0.000000	0.000000	0.000000	0.026249	0.323314	0.026249	0.323314	0.026249	1.560278	0.026249	1.273655	5.237759	
2.000000	3.000000	0.000000	0.000000	0.000000	1.274620	0.000000	0.000000	0.000000	0.000000	0.000000	12.746199	1.563928	1.566286	0.000000	0.000000	0.000000	1.252490	0.102228	0.288198	0.000000	0.000000	0.000000	0.024589	0.316377	0.024589	0.316377	0.024589	1.529112	0.024589	1.274620	5.337760	
2.000000	3.000000	0.000000	0.000000	0.000000	1.275532	0.000000	0.000000	0.000000	0.000000	0.000000	12.755316	1.573852	1.594564	0.000000	0.000000	0.000000	1.254794	0.099244	0.282779	0.000000	0.000000	0.000000	0.023041	0.309610	0.023041	0.309610	0.023041	1.498564	0.023041	1.275532	5.437798	
2.000000	3.000000	0.000000	0.000000	0.000000	1.276394	0.000000	0.000000	0.000000	0.000000	0.000000	12.763937	1.583492	1.622308	0.000000	0.000000	0.000000	1.256954	0.096392	0.277438	0.000000	0.000000	0.000000	0.021599	0.303009	0.021599	0.303009	0.021599	1.468623	0.021599	1.276394	5.537893	
2.000000	3.000000	0.000000	0.000000	0.000000	1.277209	0.000000	0.000000	0.000000	0.000000	0.000000	12.772095	1.592858	1.649525	0.000000	0.000000	0.000000	1.258980	0.093664	0.272175	0.000000	0.000000	0.000000	0.020255	0.296567	0.020255	0.296567	0.020255	1.439276	0.020255	1.277209	5.638178	
2.000000	3.000000	0.000000	0.000000	0.000000	1.277982	0.000000	0.000000	0.000000	0.000000	0.000000	12.779817	1.601963	1.676225	0.000000	0.000000	0.000000	1.260880	0.091051	0.266993	0.000000	0.000000	0.000000	0.019002	0.290280	0.019002	0.290280	0.019002	1.410513	0.019002	1.277982	5.737984	
2.000000	3.000000	0.000000	0.000000	0.000000	1.278713	0.000000	0.000000	0.000000	0.000000	0.000000	12.787130	1.610818	1.702414	0.000000	0.000000	0.000000	1.262663	0.088548	0.261892	0.000000	0.000000	0.000000	0.017833	0.284142	0.017833	0.284142	0.017833	1.382322	0.017833	1.278713	5.837772	
2.000000	3.000000	0.000000	0.000000	0.000000	1.279406	0.000000	0.000000	0.000000	0.000000	0.000000	12.794059	1.619433	1.728101	0.000000	0.000000	0.000000	1.264338	0.086147	0.256872	0.000000	0.000000	0.000000	0.016743	0.278150	0.016743	0.278150	0.016743	1.354693	0.016743	1.279406	5.937848	
2.000000	3.000000	0.000000	0.000000	0.000000	1.280063	0.000000	0.000000	0.000000	0.000000	0.000000	12.800627	1.627817	1.753294	0.000000	0.000000	0.000000	1.265910	0.083842	0.251934	0.000000	0.000000	0.000000	0.015725	0.272299	0.015725	0.272299	0.015725	1.327614	0.015725	1.280063	6.037836	
2.000000	3.000000	0.000000	0.000000	0.000000	1.280686	0.000000	0.000000	0.000000	0.000000	0.000000	12.806857	1.635980	1.778002	0.000000	0.000000	0.000000	1.267388	0.081628	0.247078	0.000000	0.000000	0.000000	0.014776	0.266585	0.014776	0.266585	0.014776	1.301075	0.014776	1.280686	6.137785	
2.000000	3.000000	0.000000	0.000000	0.000000	1.281277	0.000000	0.000000	0.000000	0.000000	0.000000	12.812769	1.643929	1.802233	0.000000	0.000000	0.000000	1.268777	0.079498	0.242304	0.000000	0.000000	0.000000	0.013889	0.261003	0.013889	0.261003	0.013889	1.275064	0.013889	1.281277	6.237825	
2.000000	3.000000	0.000000	0.000000	0.000000	1.281838	0.000000	0.000000	0.000000	0.000000	0.000000	12.818381	1.651674	1.825994	0.000000	0.000000	0.000000	1.270083	0.077448	0.237611	0.000000	0.000000	0.000000	0.013062	0.255549	0.013062	0.255549	0.013062	1.249573	0.013062	1.281838	6.337810	
2.000000	3.000000	0.000000	0.000000	0.000000	1.282371	0.000000	0.000000	0.000000	0.000000	0.000000	12.823713	1.659222	1.849294	0.000000	0.000000	0.000000	1.271312	0.075474	0.233000	0.000000	0.000000	0.000000	0.012289	0.250221	0.012289	0.250221	0.012289	1.224590	0.012289	1.282371	6.437782	
2.000000	3.000000	0.000000	0.000000	0.000000	1.282878	0.000000	0.000000	0.000000	0.000000	0.000000	12.828780	1.666579	1.872141	0.000000	0.000000	0.000000	1.272468	0.073571	0.228469	0.000000	0.000000	0.000000	0.011566	0.245014	0.011566	0.245014	0.011566	1.200106	0.011566	1.282878	6.537917	
2.000000	3.000000	0.000000	0.000000	0.000000	1.283360	0.000000	0.000000	0.000000	0.000000	0.000000	12.833599	1.673752	1.894542	0.000000	0.000000	0.000000	1.273557	0.071736	0.224019	0.000000	0.000000	0.000000	0.010892	0.239924	0.010892	0.239924	0.010892	1.176111	0.010892	1.283360	6.637789	
2.000000	3.000000	0.000000	0.000000	0.000000	1.283818	0.000000	0.000000	0.000000	0.000000	0.000000	12.838184	1.680749	1.916507	0.000000	0.000000	0.000000	1.274583	0.069964	0.219647	0.000000	0.000000	0.000000	0.010261	0.234950	0.010261	0.234950	0.010261	1.152594	0.010261	1.283818	6.737928	
2.000000	3.000000	0.000000	0.000000	0.000000	1.284255	0.000000	0.000000	0.000000	0.000000	0.000000	12.842549	1.687574	1.938043	0.000000	0.000000	0.000000	1.275551	0.068252	0.215355	0.000000	0.000000	0.000000	0.009671	0.230087	0.009671	0.230087	0.009671	1.129548	0.009671	1.284255	6.837903	
2.000000	3.000000	0.000000	0.000000	0.000000	1.284671	0.000000	0.000000	0.000000	0.000000	0.000000	12.846707	1.694234	1.959157	0.000000	0.000000	0.000000	1.276463	0.066598	0.211141	0.000000	0.000000	0.000000	0.009120	0.225332	0.009120	0.225332	0.009120	1.106961	0.009120	1.284671	6.937835	
2.000000	3.000000	0.000000	0.000000	0.000000	1.285067	0.000000	0.000000	0.000000	0.000000	0.000000	12.850669	1.700734	1.979857	0.000000	0.000000	0.000000	1.277323	0.064998	0.207003	0.000000	0.000000	0.000000	0.008604	0.220683	0.008604	0.220683	0.008604	1.084826	0.008604	1.285067	7.037881	
2.000000	3.000000	0.000000	0.000000	0.000000	1.285445	0.000000	0.000000	0.000000	0.000000	0.000000	12.854449	1.707079	2.000151	0.000000	0.000000	0.000000	1.278135	0.063450	0.202942	0.000000	0.000000	0.000000	0.008122	0.216136	0.008122	0.216136	0.008122	1.063133	0.008122	1.285445	7.137839	
2.000000	3.000000	0.000000	0.000000	0.000000	1.285805	0.000000	0.000000	0.000000	0.000000	0.000000	12.858055	1.713274	2.020047	0.000000	0.000000	0.000000	1.278902	0.061951	0.198955	0.000000	0.000000	0.000000	0.007670	0.211690	0.007670	0.211690	0.007670	1.041874	0.007670	1.285805	7.237856	
2.000000	3.000000	0.000000	0.000000	0.000000	1.286150	0.000000	0.000000	0.000000	0.000000	0.000000	12.861498	1.719323	2.039551	0.000000	0.000000	0.000000	1.279627	0.060498	0.195043	0.000000	0.000000	0.000000	0.007248	0.207341	0.007248	0.207341	0.007248	1.021039	0.007248	1.286150	7.338057	
2.000000	3.000000	0.000000	0.000000	0.000000	1.286479	0.000000	0.000000	0.000000	0.000000	0.000000	12.864788	1.725232	2.058672	0.000000	0.000000	0.000000	1.280312	0.059090	0.191204	0.000000	0.000000	0.000000	0.006852	0.203086	0.006852	0.203086	0.006852	1.000620	0.006852	1.286479	7.437866	
2.000000	3.000000	0.000000	0.000000	0.000000	1.286793	0.000000	0.000000	0.000000	0.000000	0.000000	12.867933	1.731005	2.077415	0.000000	0.000000	0.000000	1.280960	0.057724	0.187438	0.000000	0.000000	0.000000	0.006481	0.198924	0.006481	0.198924	0.006481	0.980610	0.006481	1.286793	7.537874	
2.000000	3.000000	0.000000	0.000000	0.000000	1.287094	0.000000	0.000000	0.000000	0.000000	0.000000	12.870941	1.736645	2.095790	0.000000	0.000000	0.000000	1.281574	0.056398	0.183742	0.000000	0.000000	0.000000	0.006134	0.194852	0.006134	0.194852	0.006134	0.961000	0.006134	1.287094	7.637847	
2.000000	3.000000	0.000000	0.000000	0.000000	1.287382	0.000000	0.000000	0.000000	0.000000	0.000000	12.873821	1.742156	2.113801	0.000000	0.000000	0.000000	1.282155	0.055111	0.180116	0.000000	0.000000	0.000000	0.005808	0.190868	0.005808	0.190868	0.005808	0.941782	0.005808	1.287382	7.737883	
2.000000	3.000000	0.000000	0.000000	0.000000	1.287658	0.000000	0.000000	0.000000	0.000000	0.000000	12.876580	1.747542	2.131457	0.000000	0.000000	0.000000	1.282705	0.053862	0.176559	0.000000	0.000000	0.000000	0.005503	0.186970	0.005503	0.186970	0.005503	0.922948	0.005503	1.287658	7.837937	
2.000000	3.000000	0.000000	0.000000	0.000000	1.287922	0.000000	0.000000	0.000000	0.000000	0.000000	12.879224	1.752807	2.148764	0.000000	0.000000	0.000000	1.283227	0.052647	0.173070	0.000000	0.000000	0.000000	0.005218	0.183155	0.005218	0.183155	0.005218	0.904490	0.005218	1.287922	7.937868	
2.000000	3.000000	0.000000	0.000000	0.000000	1.288176	0.000000	0.000000	0.000000	0.000000	0.000000	12.881761	1.757953	2.165729	0.000000	0.000000	0.000000	1.283722	0.051467	0.169647	0.000000	0.000000	0.000000	0.004949	0.179421	0.004949	0.179421	0.004949	0.886401	0.004949	1.288176	8.037999	
2.000000	3.000000	0.000000	0.000000	0.000000	1.288420	0.000000	0.000000	0.000000	0.000000	0.000000	12.884195	1.762985	2.182358	0.000000	0.000000	0.000000	1.284191	0.050319	0.166291	0.000000	0.000000	0.000000	0.004698	0.175767	0.004698	0.175767	0.004698	0.868674	0.004698	1.288420	8.137915	
2.000000	3.000000	0.000000	0.000000	0.000000	1.288653	0.000000	0.000000	0.000000	0.000000	0.000000	12.886534	1.767905	2.198658	0.000000	0.000000	0.000000	1.284638	0.049202	0.162998	0.000000	0.000000	0.000000	0.004462	0.172191	0.004462	0.172191	0.004462	0.851302	0.004462	1.288653	8.237881	
2.000000	3.000000	0.000000	0.000000	0.000000	1.288878	0.000000	0.000000	0.000000	0.000000	0.000000	12.888781	1.772717	2.214635	0.000000	0.000000	0.000000	1.285062	0.048115	0.159770	0.000000	0.000000	0.000000	0.004241	0.168690	0.004241	0.168690	0.004241	0.834277	0.004241	1.288878	8.337915	
2.000000	3.000000	0.000000	0.000000	0.000000	1.289094	0.000000	0.000000	0.000000	0.000000	0.000000	12.890943	1.777423	2.230295	0.000000	0.000000	0.000000	1.285465	0.047057	0.156603	0.000000	0.000000	0.000000	0.004033	0.165263	0.004033	0.165263	0.004033	0.817592	0.004033	1.289094	8.437917	
2.000000	3.000000	0.000000	0.000000	0.000000	1.289302	0.000000	0.000000	0.000000	0.000000	0.000000	12.893025	1.782025	2.245645	0.000000	0.000000	0.000000	1.285849	0.046026	0.153498	0.000000	0.000000	0.000000	0.003838	0.161909	0.003838	0.161909	0.003838	0.801241	0.003838	1.289302	8.538017	
2.000000	3.000000	0.000000	0.000000	0.000000	1.289503	0.000000	0.000000	0.000000	0.000000	0.000000	12.895030	1.786527	2.260690	0.000000	0.000000	0.000000	1.286214	0.045022	0.150453	0.000000	0.000000	0.000000	0.003654	0.158625	0.003654	0.158625	0.003654	0.785217	0.003654	1.289503	8.638183	
2.000000	3.000000	0.000000	0.000000	0.000000	1.289696	0.000000	0.000000	0.000000	0.000000	0.000000	12.896963	1.790932	2.275437	0.000000	0.000000	0.000000	1.286562	0.044044	0.147467	0.000000	0.000000	0.000000	0.003482	0.155409	0.003482	0.155409	0.003482	0.769513	0.003482	1.289696	8.737895	
2.000000	3.000000	0.000000	0.000000	0.000000	1.289883	0.000000	0.000000	0.000000	0.000000	0.000000	12.898828	1.795241	2.289891	0.000000	0.000000	0.000000	1.286894	0.043091	0.144539	0.000000	0.000000	0.000000	0.003320	0.152262	0.003320	0.152262	0.003320	0.754123	0.003320	1.289883	8.837934	
2.000000	3.000000	0.000000	0.000000	0.000000	1.290063	0.000000	0.000000	0.000000	0.000000	0.000000	12.900628	1.799457	2.304057	0.000000	0.000000	0.000000	1.287211	0.042162	0.141669	0.000000	0.000000	0.000000	0.003168	0.149179	0.003168	0.149179	0.003168	0.739041	0.003168	1.290063	8.937938	
2.000000	3.000000	0.000000	0.000000	0.000000	1.290237	0.000000	0.000000	0.000000	0.000000	0.000000	12.902369	1.803583	2.317943	0.000000	0.000000	0.000000	1.287514	0.041256	0.138854	0.000000	0.000000	0.000000	0.003026	0.146162	0.003026	0.146162	0.003026	0.724261	0.003026	1.290237	9.037923	
2.000000	3.000000	0.000000	0.000000	0.000000	1.290405	0.000000	0.000000	0.000000	0.000000	0.000000	12.904052	1.807620	2.331552	0.000000	0.000000	0.000000	1.287803	0.040372	0.136095	0.000000	0.000000	0.000000	0.002891	0.143207	0.002891	0.143207	0.002891	0.709776	0.002891	1.290405	9.137908	
2.000000	3.000000	0.000000	0.000000	0.000000	1.290568	0.000000	0.000000	0.000000	0.000000	0.000000	12.905681	1.811571	2.344891	0.000000	0.000000	0.000000	1.288079	0.039509	0.133389	0.000000	0.000000	0.000000	0.002765	0.140313	0.002765	0.140313	0.002765	0.695581	0.002765	1.290568	9.237934	
2.000000	3.000000	0.000000	0.000000	0.000000	1.290726	0.000000	0.000000	0.000000	0.000000	0.000000	12.907260	1.815438	2.357965	0.000000	0.000000	0.000000	1.288344	0.038668	0.130737	0.000000	0.000000	0.000000	0.002647	0.137479	0.002647	0.137479	0.002647	0.681669	0.002647	1.290726	9.337942	
2.000000	3.000000	0.000000	0.000000	0.000000	1.290879	0.000000	0.000000	0.000000	0.000000	0.000000	12.908790	1.819222	2.370779	0.000000	0.000000	0.000000	1.288598	0.037846	0.128136	0.000000	0.000000	0.000000	0.002535	0.134704	0.002535	0.134704	0.002535	0.668036	0.002535	1.290879	9.437932	
2.000000	3.000000	0.000000	0.000000	0.000000	1.291028	0.000000	0.000000	0.000000	0.000000	0.000000	12.910276	1.822927	2.383337	0.000000	0.000000	0.000000	1.288841	0.037045	0.125587	0.000000	0.000000	0.000000	0.002430	0.131987	0.002430	0.131987	0.002430	0.654676	0.002430	1.291028	9.538659	
2.000000	3.000000	0.000000	0.000000	0.000000	1.291172	0.000000	0.000000	0.000000	0.000000	0.000000	12.911718	1.826553	2.395646	0.000000	0.000000	0.000000	1.289074	0.036262	0.123087	0.000000	0.000000	0.000000	0.002331	0.129326	0.002331	0.129326	0.002331	0.641582	0.002331	1.291172	9.638013	
2.000000	3.000000	0.000000	0.000000	0.000000	1.291312	0.000000	0.000000	0.000000	0.000000	0.000000	12.913121	1.830103	2.407710	0.000000	0.000000	0.000000	1.289298	0.035497	0.120637	0.000000	0.000000	0.000000	0.002238	0.126719	0.002238	0.126719	0.002238	0.628751	0.002238	1.291312	9.737971	
2.000000	3.000000	0.000000	0.000000	0.000000	1.291449	0.000000	0.000000	0.000000	0.000000	0.000000	12.914486	1.833578	2.419533	0.000000	0.000000	0.000000	1.289513	0.034751	0.118235	0.000000	0.000000	0.000000	0.002151	0.124166	0.002151	0.124166	0.002151	0.616176	0.002151	1.291449	9.837946	
2.000000	3.000000	0.000000	0.000000	0.000000	1.291582	0.000000	0.000000	0.000000	0.000000	0.000000	12.915816	1.836980	2.431121	0.000000	0.000000	0.000000	1.289720	0.034021	0.115880	0.000000	0.000000	0.000000	0.002069	0.121666	0.002069	0.121666	0.002069	0.603853	0.002069	1.291582	9.937956	
2.000000	3.000000	0.000000	0.000000	0.000000	1.291711	0.000000	0.000000	0.000000	0.000000	0.000000	12.917112	1.840311	2.442478	0.000000	0.000000	0.000000	1.289919	0.033309	0.113572	0.000000	0.000000	0.000000	0.001992	0.119217	0.001992	0.119217	0.001992	0.591776	0.001992	1.291711	10.037976	
2.000000	3.000000	0.000000	0.000000	0.000000	1.291838	0.000000	0.000000	0.000000	0.000000	0.000000	12.918377	1.843572	2.453609	0.000000	0.000000	0.000000	1.290111	0.032613	0.111310	0.000000	0.000000	0.000000	0.001919	0.116819	0.001919	0.116819	0.001919	0.579941	0.001919	1.291838	10.138609	
2.000000	3.000000	0.000000	0.000000	0.000000	1.291961	0.000000	0.000000	0.000000	0.000000	0.000000	12.919613	1.846765	2.464519	0.000000	0.000000	0.000000	1.290296	0.031932	0.109092	0.000000	0.000000	0.000000	0.001851	0.114470	0.001851	0.114470	0.001851	0.568342	0.001851	1.291961	10.237970	
2.000000	3.000000	0.000000	0.000000	0.000000	1.292082	0.000000	0.000000	0.000000	0.000000	0.000000	12.920821	1.849892	2.475210	0.000000	0.000000	0.000000	1.290474	0.031267	0.106918	0.000000	0.000000	0.000000	0.001786	0.112168	0.001786	0.112168	0.001786	0.556975	0.001786	1.292082	10.337960	
2.000000	3.000000	0.000000	0.000000	0.000000	1.292200	0.000000	0.000000	0.000000	0.000000	0.000000	12.922004	1.852954	2.485689	0.000000	0.000000	0.000000	1.290647	0.030617	0.104786	0.000000	0.000000	0.000000	0.001726	0.109914	0.001726	0.109914	0.001726	0.545836	0.001726	1.292200	10.438201	
2.000000	3.000000	0.000000	0.000000	0.000000	1.292316	0.000000	0.000000	0.000000	0.000000	0.000000	12.923163	1.855952	2.495959	0.000000	0.000000	0.000000	1.290814	0.029982	0.102697	0.000000	0.000000	0.000000	0.001669	0.107707	0.001669	0.107707	0.001669	0.534919	0.001669	1.292316	10.538365	
2.000000	3.000000	0.000000	0.000000	0.000000	1.292430	0.000000	0.000000	0.000000	0.000000	0.000000	12.924299	1.858888	2.506024	0.000000	0.000000	0.000000	1.290975	0.029361	0.100650	0.000000	0.000000	0.000000	0.001616	0.105544	0.001616	0.105544	0.001616	0.524221	0.001616	1.292430	10.638330	
2.000000	3.000000	0.000000	0.000000	0.000000	1.292542	0.000000	0.000000	0.000000	0.000000	0.000000	12.925416	1.861763	2.515888	0.000000	0.000000	0.000000	1.291132	0.028753	0.098643	0.000000	0.000000	0.000000	0.001566	0.103425	0.001566	0.103425	0.001566	0.513737	0.001566	1.292542	10.738019	
2.000000	3.000000	0.000000	0.000000	0.000000	1.292651	0.000000	0.000000	0.000000	0.000000	0.000000	12.926513	1.864579	2.525555	0.000000	0.000000	0.000000	1.291284	0.028159	0.096675	0.000000	0.000000	0.000000	0.001519	0.101350	0.001519	0.101350	0.001519	0.503462	0.001519	1.292651	10.837971	
2.000000	3.000000	0.000000	0.000000	0.000000	1.292759	0.000000	0.000000	0.000000	0.000000	0.000000	12.927593	1.867337	2.535030	0.000000	0.000000	0.000000	1.291432	0.027579	0.094747	0.000000	0.000000	0.000000	0.001475	0.099317	0.001475	0.099317	0.001475	0.493393	0.001475	1.292759	10.937970	
2.000000	3.000000	0.000000	0.000000	0.000000	1.292866	0.000000	0.000000	0.000000	0.000000	0.000000	12.928657	1.870038	2.544316	0.000000	0.000000	0.000000	1.291575	0.027011	0.092857	0.000000	0.000000	0.000000	0.001434	0.097326	0.001434	0.097326	0.001434	0.483525	0.001434	1.292866	11.037990	
2.000000	3.000000	0.000000	0.000000	0.000000	1.292971	0.000000	0.000000	0.000000	0.000000	0.000000	12.929706	1.872684	2.553416	0.000000	0.000000	0.000000	1.291715	0.026455	0.091004	0.000000	0.000000	0.000000	0.001396	0.095375	0.001396	0.095375	0.001396	0.473855	0.001396	1.292971	11.138190	
2.000000	3.000000	0.000000	0.000000	0.000000	1.293074	0.000000	0.000000	0.000000	0.000000	0.000000	12.930742	1.875275	2.562335	0.000000	0.000000	0.000000	1.291850	0.025911	0.089188	0.000000	0.000000	0.000000	0.001360	0.093464	0.001360	0.093464	0.001360	0.464378	0.001360	1.293074	11.238132	
2.000000	3.000000	0.000000	0.000000	0.000000	1.293177	0.000000	0.000000	0.000000	0.000000	0.000000	12.931767	1.877813	2.571076	0.000000	0.000000	0.000000	1.291983	0.025380	0.087408	0.000000	0.000000	0.000000	0.001326	0.091592	0.001326	0.091592	0.001326	0.455090	0.001326	1.293177	11.338116	
2.000000	3.000000	0.000000	0.000000	0.000000	1.293278	0.000000	0.000000	0.000000	0.000000	0.000000	12.932781	1.880299	2.579642	0.000000	0.000000	0.000000	1.292113	0.024860	0.085664	0.000000	0.000000	0.000000	0.001295	0.089758	0.001295	0.089758	0.001295	0.445988	0.001295	1.293278	11.438004	
2.000000	3.000000	0.000000	0.000000	0.000000	1.293379	0.000000	0.000000	0.000000	0.000000	0.000000	12.933786	1.882734	2.588038	0.000000	0.000000	0.000000	1.292239	0.024351	0.083954	0.000000	0.000000	0.000000	0.001266	0.087962	0.001266	0.087962	0.001266	0.437069	0.001266	1.293379	11.538620	
2.000000	3.000000	0.000000	0.000000	0.000000	1.293478	0.000000	0.000000	0.000000	0.000000	0.000000	12.934783	1.885119	2.596266	0.000000	0.000000	0.000000	1.292363	0.023853	0.082278	0.000000	0.000000	0.000000	0.001239	0.086202	0.001239	0.086202	0.001239	0.428327	0.001239	1.293478	11.638011	
2.000000	3.000000	0.000000	0.000000	0.000000	1.293577	0.000000	0.000000	0.000000	0.000000	0.000000	12.935774	1.887456	2.604329	0.000000	0.000000	0.000000	1.292485	0.023366	0.080635	0.000000	0.000000	0.000000	0.001214	0.084478	0.001214	0.084478	0.001214	0.419761	0.001214	1.293577	11.738237	
2.000000	3.000000	0.000000	0.000000	0.000000	1.293676	0.000000	0.000000	0.000000	0.000000	0.000000	12.936760	1.889745	2.612232	0.000000	0.000000	0.000000	1.292604	0.022890	0.079025	0.000000	0.000000	0.000000	0.001191	0.082789	0.001191	0.082789	0.001191	0.411366	0.001191	1.293676	11.838017	
2.000000	3.000000	0.000000	0.000000	0.000000	1.293774	0.000000	0.000000	0.000000	0.000000	0.000000	12.937742	1.891987	2.619976	0.000000	0.000000	0.000000	1.292721	0.022423	0.077447	0.000000	0.000000	0.000000	0.001170	0.081134	0.001170	0.081134	0.001170	0.403138	0.001170	1.293774	11.938032	
2.000000	3.000000	0.000000	0.000000	0.000000	1.293872	0.000000	0.000000	0.000000	0.000000	0.000000	12.938721	1.894184	2.627566	0.000000	0.000000	0.000000	1.292836	0.021967	0.075901	0.000000	0.000000	0.000000	0.001151	0.079514	0.001151	0.079514	0.001151	0.395076	0.001151	1.293872	12.038432	
2.000000	3.000000	0.000000	0.000000	0.000000	1.293970	0.000000	0.000000	0.000000	0.000000	0.000000	12.939700	1.896336	2.635005	0.000000	0.000000	0.000000	1.292949	0.021520	0.074385	0.000000	0.000000	0.000000	0.001134	0.077926	0.001134	0.077926	0.001134	0.387174	0.001134	1.293970	12.138136	
2.000000	3.000000	0.000000	0.000000	0.000000	1.294068	0.000000	0.000000	0.000000	0.000000	0.000000	12.940678	1.898444	2.642295	0.000000	0.000000	0.000000	1.293061	0.021083	0.072899	0.000000	0.000000	0.000000	0.001119	0.076370	0.001119	0.076370	0.001119	0.379431	0.001119	1.294068	12.238036	
2.000000	3.000000	0.000000	0.000000	0.000000	1.294166	0.000000	0.000000	0.000000	0.000000	0.000000	12.941659	1.900510	2.649439	0.000000	0.000000	0.000000	1.293172	0.020656	0.071443	0.000000	0.000000	0.000000	0.001105	0.074847	0.001105	0.074847	0.001105	0.371842	0.001105	1.294166	12.338037	
2.000000	3.000000	0.000000	0.000000	0.000000	1.294264	0.000000	0.000000	0.000000	0.000000	0.000000	12.942642	1.902533	2.656441	0.000000	0.000000	0.000000	1.293281	0.020237	0.070015	0.000000	0.000000	0.000000	0.001093	0.073354	0.001093	0.073354	0.001093	0.364405	0.001093	1.294264	12.438026	
2.000000	3.000000	0.000000	0.000000	0.000000	1.294363	0.000000	0.000000	0.000000	0.000000	0.000000	12.943630	1.904516	2.663302	0.000000	0.000000	0.000000	1.293389	0.019828	0.068617	0.000000	0.000000	0.000000	0.001082	0.071892	0.001082	0.071892	0.001082	0.357117	0.001082	1.294363	12.538101	
2.000000	3.000000	0.000000	0.000000	0.000000	1.294462	0.000000	0.000000	0.000000	0.000000	0.000000	12.944624	1.906459	2.670027	0.000000	0.000000	0.000000	1.293496	0.019427	0.067245	0.000000	0.000000	0.000000	0.001073	0.070460	0.001073	0.070460	0.001073	0.349975	0.001073	1.294462	12.638172	
2.000000	3.000000	0.000000	0.000000	0.000000	1.294562	0.000000	0.000000	0.000000	0.000000	0.000000	12.945625	1.908362	2.676617	0.000000	0.000000	0.000000	1.293603	0.019035	0.065902	0.000000	0.000000	0.000000	0.001066	0.069057	0.001066	0.069057	0.001066	0.342976	0.001066	1.294562	12.738065	
2.000000	3.000000	0.000000	0.000000	0.000000	1.294664	0.000000	0.000000	0.000000	0.000000	0.000000	12.946635	1.910227	2.683075	0.000000	0.000000	0.000000	1.293709	0.018651	0.064585	0.000000	0.000000	0.000000	0.001061	0.067682	0.001061	0.067682	0.001061	0.336116	0.001061	1.294664	12.838085	
2.000000	3.000000	0.000000	0.000000	0.000000	1.294766	0.000000	0.000000	0.000000	0.000000	0.000000	12.947657	1.912055	2.689405	0.000000	0.000000	0.000000	1.293815	0.018276	0.063294	0.000000	0.000000	0.000000	0.001057	0.066336	0.001057	0.066336	0.001057	0.329394	0.001057	1.294766	12.938106	
2.000000	3.000000	0.000000	0.000000	0.000000	1.294869	0.000000	0.000000	0.000000	0.000000	0.000000	12.948691	1.913846	2.695608	0.000000	0.000000	0.000000	1.293920	0.017908	0.062028	0.000000	0.000000	0.000000	0.001054	0.065018	0.001054	0.065018	0.001054	0.322806	0.001054	1.294869	13.038099	
2.000000	3.000000	0.000000	0.000000	0.000000	1.294974	0.000000	0.000000	0.000000	0.000000	0.000000	12.949739	1.915601	2.701686	0.000000	0.000000	0.000000	1.294026	0.017548	0.060788	0.000000	0.000000	0.000000	0.001054	0.063726	0.001054	0.063726	0.001054	0.316350	0.001054	1.294974	13.138414	
2.000000	3.000000	0.000000	0.000000	0.000000	1.295080	0.000000	0.000000	0.000000	0.000000	0.000000	12.950804	1.917320	2.707644	0.000000	0.000000	0.000000	1.294131	0.017196	0.059573	0.000000	0.000000	0.000000	0.001055	0.062461	0.001055	0.062461	0.001055	0.310023	0.001055	1.295080	13.238032	
2.000000	3.000000	0.000000	0.000000	0.000000	1.295189	0.000000	0.000000	0.000000	0.000000	0.000000	12.951887	1.919005	2.713482	0.000000	0.000000	0.000000	1.294237	0.016852	0.058381	0.000000	0.000000	0.000000	0.001058	0.061222	0.001058	0.061222	0.001058	0.303822	0.001058	1.295189	13.338068	
2.000000	3.000000	0.000000	0.000000	0.000000	1.295299	0.000000	0.000000	0.000000	0.000000	0.000000	12.952991	1.920657	2.719203	0.000000	0.000000	0.000000	1.294343	0.016515	0.057214	0.000000	0.000000	0.000000	0.001062	0.060009	0.001062	0.060009	0.001062	0.297746	0.001062	1.295299	13.438037	
2.000000	3.000000	0.000000	0.000000	0.000000	1.295412	0.000000	0.000000	0.000000	0.000000	0.000000	12.954118	1.922276	2.724810	0.000000	0.000000	0.000000	1.294450	0.016186	0.056069	0.000000	0.000000	0.000000	0.001069	0.058821	0.001069	0.058821	0.001069	0.291791	0.001069	1.295412	13.538157	
2.000000	3.000000	0.000000	0.000000	0.000000	1.295527	0.000000	0.000000	0.000000	0.000000	0.000000	12.955271	1.923862	2.730305	0.000000	0.000000	0.000000	1.294558	0.015863	0.054948	0.000000	0.000000	0.000000	0.001077	0.057657	0.001077	0.057657	0.001077	0.285955	0.001077	1.295527	13.638548	
2.000000	3.000000	0.000000	0.000000	0.000000	1.295645	0.000000	0.000000	0.000000	0.000000	0.000000	12.956451	1.925417	2.735690	0.000000	0.000000	0.000000	1.294666	0.015548	0.053848	0.000000	0.000000	0.000000	0.001088	0.056518	0.001088	0.056518	0.001088	0.280236	0.001088	1.295645	13.738052	
2.000000	3.000000	0.000000	0.000000	0.000000	1.295766	0.000000	0.000000	0.000000	0.000000	0.000000	12.957663	1.926941	2.740967	0.000000	0.000000	0.000000	1.294776	0.015239	0.052771	0.000000	0.000000	0.000000	0.001100	0.055403	0.001100	0.055403	0.001100	0.274632	0.001100	1.295766	13.838116	
2.000000	3.000000	0.000000	0.000000	0.000000	1.295891	0.000000	0.000000	0.000000	0.000000	0.000000	12.958910	1.928434	2.746138	0.000000	0.000000	0.000000	1.294888	0.014938	0.051714	0.000000	0.000000	0.000000	0.001115	0.054310	0.001115	0.054310	0.001115	0.269139	0.001115	1.295891	13.938085	
2.000000	3.000000	0.000000	0.000000	0.000000	1.296019	0.000000	0.000000	0.000000	0.000000	0.000000	12.960194	1.929899	2.751206	0.000000	0.000000	0.000000	1.295001	0.014643	0.050679	0.000000	0.000000	0.000000	0.001132	0.053241	0.001132	0.053241	0.001132	0.263756	0.001132	1.296019	14.038595	
2.000000	3.000000	0.000000	0.000000	0.000000	1.296152	0.000000	0.000000	0.000000	0.000000	0.000000	12.961519	1.931334	2.756173	0.000000	0.000000	0.000000	1.295116	0.014354	0.049664	0.000000	0.000000	0.000000	0.001151	0.052195	0.001151	0.052195	0.001151	0.258481	0.001151	1.296152	14.138228	
2.000000	3.000000	0.000000	0.000000	0.000000	1.296289	0.000000	0.000000	0.000000	0.000000	0.000000	12.962890	1.932741	2.761040	0.000000	0.000000	0.000000	1.295233	0.014073	0.048669	0.000000	0.000000	0.000000	0.001173	0.051170	0.001173	0.051170	0.001173	0.253312	0.001173	1.296289	14.238107	
2.000000	3.000000	0.000000	0.000000	0.000000	1.296431	0.000000	0.000000	0.000000	0.000000	0.000000	12.964310	1.934121	2.765809	0.000000	0.000000	0.000000	1.295353	0.013797	0.047694	0.000000	0.000000	0.000000	0.001198	0.050168	0.001198	0.050168	0.001198	0.248245	0.001198	1.296431	14.338684	
2.000000	3.000000	0.000000	0.000000	0.000000	1.296579	0.000000	0.000000	0.000000	0.000000	0.000000	12.965785	1.935474	2.770483	0.000000	0.000000	0.000000	1.295476	0.013528	0.046739	0.000000	0.000000	0.000000	0.001225	0.049187	0.001225	0.049187	0.001225	0.243281	0.001225	1.296579	14.438106	
2.000000	3.000000	0.000000	0.000000	0.000000	1.296732	0.000000	0.000000	0.000000	0.000000	0.000000	12.967320	1.936800	2.775063	0.000000	0.000000	0.000000	1.295601	0.013265	0.045802	0.000000	0.000000	0.000000	0.001256	0.048227	0.001256	0.048227	0.001256	0.238415	0.001256	1.296732	14.538073	
2.000000	3.000000	0.000000	0.000000	0.000000	1.296892	0.000000	0.000000	0.000000	0.000000	0.000000	12.968921	1.938101	2.779551	0.000000	0.000000	0.000000	1.295730	0.013009	0.044883	0.000000	0.000000	0.000000	0.001291	0.047288	0.001291	0.047288	0.001291	0.233647	0.001291	1.296892	14.638092	
2.000000	3.000000	0.000000	0.000000	0.000000	1.297059	0.000000	0.000000	0.000000	0.000000	0.000000	12.970594	1.939377	2.783950	0.000000	0.000000	0.000000	1.295863	0.012758	0.043983	0.000000	0.000000	0.000000	0.001329	0.046370	0.001329	0.046370	0.001329	0.228974	0.001329	1.297059	14.738099	
2.000000	3.000000	0.000000	0.000000	0.000000	1.297235	0.000000	0.000000	0.000000	0.000000	0.000000	12.972346	1.940628	2.788260	0.000000	0.000000	0.000000	1.296000	0.012514	0.043100	0.000000	0.000000	0.000000	0.001371	0.045473	0.001371	0.045473	0.001371	0.224394	0.001371	1.297235	14.838864	
2.000000	3.000000	0.000000	0.000000	0.000000	1.297418	0.000000	0.000000	0.000000	0.000000	0.000000	12.974184	1.941856	2.792483	0.000000	0.000000	0.000000	1.296142	0.012276	0.042235	0.000000	0.000000	0.000000	0.001418	0.044595	0.001418	0.044595	0.001418	0.219907	0.001418	1.297418	14.938354	
2.000000	3.000000	0.000000	0.000000	0.000000	1.297612	0.000000	0.000000	0.000000	0.000000	0.000000	12.976119	1.943060	2.796622	0.000000	0.000000	0.000000	1.296289	0.012043	0.041387	0.000000	0.000000	0.000000	0.001470	0.043738	0.001470	0.043738	0.001470	0.215509	0.001470	1.297612	15.038239	
2.000000	3.000000	0.000000	0.000000	0.000000	1.297816	0.000000	0.000000	0.000000	0.000000	0.000000	12.978158	1.944242	2.800677	0.000000	0.000000	0.000000	1.296442	0.011817	0.040555	0.000000	0.000000	0.000000	0.001527	0.042901	0.001527	0.042901	0.001527	0.211198	0.001527	1.297816	15.138368	
2.000000	3.000000	0.000000	0.000000	0.000000	1.298031	0.000000	0.000000	0.000000	0.000000	0.000000	12.980314	1.945402	2.804651	0.000000	0.000000	0.000000	1.296601	0.011597	0.039739	0.000000	0.000000	0.000000	0.001590	0.042083	0.001590	0.042083	0.001590	0.206975	0.001590	1.298031	15.238125	
2.000000	3.000000	0.000000	0.000000	0.000000	1.298260	0.000000	0.000000	0.000000	0.000000	0.000000	12.982598	1.946540	2.808545	0.000000	0.000000	0.000000	1.296767	0.011384	0.038939	0.000000	0.000000	0.000000	0.001659	0.041285	0.001659	0.041285	0.001659	0.202835	0.001659	1.298260	15.338088	
2.000000	3.000000	0.000000	0.000000	0.000000	1.298502	0.000000	0.000000	0.000000	0.000000	0.000000	12.985023	1.947658	2.812361	0.000000	0.000000	0.000000	1.296940	0.011176	0.038155	0.000000	0.000000	0.000000	0.001736	0.040507	0.001736	0.040507	0.001736	0.198779	0.001736	1.298502	15.438445	
2.000000	3.000000	0.000000	0.000000	0.000000	1.298760	0.000000	0.000000	0.000000	0.000000	0.000000	12.987604	1.948755	2.816099	0.000000	0.000000	0.000000	1.297122	0.010975	0.037386	0.000000	0.000000	0.000000	0.001820	0.039749	0.001820	0.039749	0.001820	0.194803	0.001820	1.298760	15.538292	
2.000000	3.000000	0.000000	0.000000	0.000000	1.299036	0.000000	0.000000	0.000000	0.000000	0.000000	12.990359	1.949833	2.819762	0.000000	0.000000	0.000000	1.297314	0.010780	0.036631	0.000000	0.000000	0.000000	0.001914	0.039010	0.001914	0.039010	0.001914	0.190907	0.001914	1.299036	15.638416	
2.000000	3.000000	0.000000	0.000000	0.000000	1.299331	0.000000	0.000000	0.000000	0.000000	0.000000	12.993307	1.950892	2.823351	0.000000	0.000000	0.000000	1.297515	0.010592	0.035891	0.000000	0.000000	0.000000	0.002017	0.038291	0.002017	0.038291	0.002017	0.187089	0.002017	1.299331	15.738254	
2.000000	3.000000	0.000000	0.000000	0.000000	1.299647	0.000000	0.000000	0.000000	0.000000	0.000000	12.996469	1.951933	2.826868	0.000000	0.000000	0.000000	1.297728	0.010410	0.035165	0.000000	0.000000	0.000000	0.002132	0.037592	0.002132	0.037592	0.002132	0.183347	0.002132	1.299647	15.838157	
2.000000	3.000000	0.000000	0.000000	0.000000	1.299987	0.000000	0.000000	0.000000	0.000000	0.000000	12.999869	1.952957	2.830313	0.000000	0.000000	0.000000	1.297954	0.010235	0.034452	0.000000	0.000000	0.000000	0.002258	0.036914	0.002258	0.036914	0.002258	0.179681	0.002258	1.299987	15.938158	
2.000000	3.000000	0.000000	0.000000	0.000000	1.300354	0.000000	0.000000	0.000000	0.000000	0.000000	13.003537	1.953964	2.833688	0.000000	0.000000	0.000000	1.298194	0.010068	0.033753	0.000000	0.000000	0.000000	0.002399	0.036256	0.002399	0.036256	0.002399	0.176087	0.002399	1.300354	16.038197	
2.000000	3.000000	0.000000	0.000000	0.000000	1.300750	0.000000	0.000000	0.000000	0.000000	0.000000	13.007502	1.954954	2.836995	0.000000	0.000000	0.000000	1.298450	0.009908	0.033067	0.000000	0.000000	0.000000	0.002556	0.035620	0.002556	0.035620	0.002556	0.172566	0.002556	1.300750	16.138164	
2.000000	3.000000	0.000000	0.000000	0.000000	1.301180	0.000000	0.000000	0.000000	0.000000	0.000000	13.011802	1.955930	2.840234	0.000000	0.000000	0.000000	1.298723	0.009755	0.032393	0.000000	0.000000	0.000000	0.002730	0.035005	0.002730	0.035005	0.002730	0.169114	0.002730	1.301180	16.238382	
2.000000	3.000000	0.000000	0.000000	0.000000	1.301648	0.000000	0.000000	0.000000	0.000000	0.000000	13.016478	1.956891	2.843407	0.000000	0.000000	0.000000	1.299015	0.009612	0.031731	0.000000	0.000000	0.000000	0.002925	0.034413	0.002925	0.034413	0.002925	0.165732	0.002925	1.301648	16.338346	
2.000000	3.000000	0.000000	0.000000	0.000000	1.302158	0.000000	0.000000	0.000000	0.000000	0.000000	13.021577	1.957839	2.846515	0.000000	0.000000	0.000000	1.299330	0.009477	0.031080	0.000000	0.000000	0.000000	0.003142	0.033844	0.003142	0.033844	0.003142	0.162418	0.003142	1.302158	16.438388	
2.000000	3.000000	0.000000	0.000000	0.000000	1.302715	0.000000	0.000000	0.000000	0.000000	0.000000	13.027154	1.958774	2.849560	0.000000	0.000000	0.000000	1.299668	0.009352	0.030441	0.000000	0.000000	0.000000	0.003386	0.033300	0.003386	0.033300	0.003386	0.159170	0.003386	1.302715	16.538325	
2.000000	3.000000	0.000000	0.000000	0.000000	1.303327	0.000000	0.000000	0.000000	0.000000	0.000000	13.033272	1.959698	2.852541	0.000000	0.000000	0.000000	1.300034	0.009237	0.029813	0.000000	0.000000	0.000000	0.003659	0.032782	0.003659	0.032782	0.003659	0.155987	0.003659	1.303327	16.638366	
2.000000	3.000000	0.000000	0.000000	0.000000	1.304000	0.000000	0.000000	0.000000	0.000000	0.000000	13.040002	1.960611	2.855460	0.000000	0.000000	0.000000	1.300431	0.009133	0.029194	0.000000	0.000000	0.000000	0.003966	0.032291	0.003966	0.032291	0.003966	0.152868	0.003966	1.304000	16.738391	
2.000000	3.000000	0.000000	0.000000	0.000000	1.304743	0.000000	0.000000	0.000000	0.000000	0.000000	13.047430	1.961515	2.858319	0.000000	0.000000	0.000000	1.300862	0.009041	0.028586	0.000000	0.000000	0.000000	0.004312	0.031829	0.004312	0.031829	0.004312	0.149811	0.004312	1.304743	16.838548	
2.000000	3.000000	0.000000	0.000000	0.000000	1.305565	0.000000	0.000000	0.000000	0.000000	0.000000	13.055653	1.962411	2.861117	0.000000	0.000000	0.000000	1.301332	0.008963	0.027986	0.000000	0.000000	0.000000	0.004703	0.031399	0.004703	0.031399	0.004703	0.146815	0.004703	1.305565	16.938546	
2.000000	3.000000	0.000000	0.000000	0.000000	1.306479	0.000000	0.000000	0.000000	0.000000	0.000000	13.064785	1.963301	2.863857	0.000000	0.000000	0.000000	1.301847	0.008901	0.027395	0.000000	0.000000	0.000000	0.005146	0.031004	0.005146	0.031004	0.005146	0.143879	0.005146	1.306479	17.038618	
2.000000	3.000000	0.000000	0.000000	0.000000	1.307496	0.000000	0.000000	0.000000	0.000000	0.000000	13.074959	1.964187	2.866538	0.000000	0.000000	0.000000	1.302412	0.008855	0.026811	0.000000	0.000000	0.000000	0.005649	0.030646	0.005649	0.030646	0.005649	0.141003	0.005649	1.307496	17.138621	
2.000000	3.000000	0.000000	0.000000	0.000000	1.308633	0.000000	0.000000	0.000000	0.000000	0.000000	13.086332	1.965070	2.869161	0.000000	0.000000	0.000000	1.303034	0.008828	0.026234	0.000000	0.000000	0.000000	0.006221	0.030330	0.006221	0.030330	0.006221	0.138184	0.006221	1.308633	17.238792	
2.000000	3.000000	0.000000	0.000000	0.000000	1.309909	0.000000	0.000000	0.000000	0.000000	0.000000	13.099087	1.965952	2.871728	0.000000	0.000000	0.000000	1.303721	0.008823	0.025664	0.000000	0.000000	0.000000	0.006875	0.030060	0.006875	0.030060	0.006875	0.135421	0.006875	1.309909	17.338496	
2.000000	3.000000	0.000000	0.000000	0.000000	1.311344	0.000000	0.000000	0.000000	0.000000	0.000000	13.113440	1.966836	2.874238	0.000000	0.000000	0.000000	1.304484	0.008843	0.025098	0.000000	0.000000	0.000000	0.007623	0.029843	0.007623	0.029843	0.007623	0.132714	0.007623	1.311344	17.438529	
2.000000	3.000000	0.000000	0.000000	0.000000	1.312965	0.000000	0.000000	0.000000	0.000000	0.000000	13.129647	1.967725	2.876691	0.000000	0.000000	0.000000	1.305332	0.008891	0.024536	0.000000	0.000000	0.000000	0.008481	0.029684	0.008481	0.029684	0.008481	0.130062	0.008481	1.312965	17.538503	
2.000000	3.000000	0.000000	0.000000	0.000000	1.314801	0.000000	0.000000	0.000000	0.000000	0.000000	13.148012	1.968623	2.879089	0.000000	0.000000	0.000000	1.306279	0.008972	0.023977	0.000000	0.000000	0.000000	0.009469	0.029592	0.009469	0.029592	0.009469	0.127463	0.009469	1.314801	17.638551	
2.000000	3.000000	0.000000	0.000000	0.000000	1.316889	0.000000	0.000000	0.000000	0.000000	0.000000	13.168894	1.969532	2.881431	0.000000	0.000000	0.000000	1.307340	0.009092	0.023419	0.000000	0.000000	0.000000	0.010611	0.029576	0.010611	0.029576	0.010611	0.124916	0.010611	1.316889	17.738574	
2.000000	3.000000	0.000000	0.000000	0.000000	1.319273	0.000000	0.000000	0.000000	0.000000	0.000000	13.192727	1.970457	2.883717	0.000000	0.000000	0.000000	1.308533	0.009256	0.022861	0.000000	0.000000	0.000000	0.011933	0.029650	0.011933	0.029650	0.011933	0.122421	0.011933	1.319273	17.838504	
2.000000	3.000000	0.000000	0.000000	0.000000	1.322003	0.000000	0.000000	0.000000	0.000000	0.000000	13.220025	1.971405	2.885947	0.000000	0.000000	0.000000	1.309880	0.009473	0.022300	0.000000	0.000000	0.000000	0.013469	0.029826	0.013469	0.029826	0.013469	0.119977	0.013469	1.322003	17.938526	
2.000000	3.000000	0.000000	0.000000	0.000000	1.325141	0.000000	0.000000	0.000000	0.000000	0.000000	13.251409	1.972380	2.888120	0.000000	0.000000	0.000000	1.311406	0.009752	0.021734	0.000000	0.000000	0.000000	0.015261	0.030122	0.015261	0.030122	0.015261	0.117583	0.015261	1.325141	18.038546	
2.000000	3.000000	0.000000	0.000000	0.000000	1.328763	0.000000	0.000000	0.000000	0.000000	0.000000	13.287626	1.973390	2.890236	0.000000	0.000000	0.000000	1.313142	0.010105	0.021160	0.000000	0.000000	0.000000	0.017357	0.030560	0.017357	0.030560	0.017357	0.115239	0.017357	1.328763	18.139177	
2.000000	3.000000	0.000000	0.000000	0.000000	1.332958	0.000000	0.000000	0.000000	0.000000	0.000000	13.329581	1.974445	2.892294	0.000000	0.000000	0.000000	1.315123	0.010545	0.020576	0.000000	0.000000	0.000000	0.019816	0.031165	0.019816	0.031165	0.019816	0.112943	0.019816	1.332958	18.238609	
2.000000	3.000000	0.000000	0.000000	0.000000	1.337837	0.000000	0.000000	0.000000	0.000000	0.000000	13.378368	1.975554	2.894292	0.000000	0.000000	0.000000	1.317395	0.011091	0.019978	0.000000	0.000000	0.000000	0.022713	0.031969	0.022713	0.031969	0.022713	0.110696	0.022713	1.337837	18.338518	
2.000000	3.000000	0.000000	0.000000	0.000000	1.343532	0.000000	0.000000	0.000000	0.000000	0.000000	13.435324	1.976730	2.896228	0.000000	0.000000	0.000000	1.320009	0.011764	0.019361	0.000000	0.000000	0.000000	0.026138	0.033010	0.026138	0.033010	0.026138	0.108498	0.026138	1.343532	18.439045	
2.000000	3.000000	0.000000	0.000000	0.000000	1.350208	0.000000	0.000000	0.000000	0.000000	0.000000	13.502078	1.977989	2.898100	0.000000	0.000000	0.000000	1.323028	0.012590	0.018721	0.000000	0.000000	0.000000	0.030199	0.034337	0.030199	0.034337	0.030199	0.106349	0.030199	1.350208	18.538567	
2.000000	3.000000	0.000000	0.000000	0.000000	1.358062	0.000000	0.000000	0.000000	0.000000	0.000000	13.580623	1.979349	2.899905	0.000000	0.000000	0.000000	1.326532	0.013601	0.018053	0.000000	0.000000	0.000000	0.035034	0.036007	0.035034	0.036007	0.035034	0.104250	0.035034	1.358062	18.638949	
2.000000	3.000000	0.000000	0.000000	0.000000	1.367341	0.000000	0.000000	0.000000	0.000000	0.000000	13.673411	1.980833	2.901640	0.000000	0.000000	0.000000	1.330613	0.014839	0.017350	0.000000	0.000000	0.000000	0.040809	0.038094	0.040809	0.038094	0.040809	0.102203	0.040809	1.367341	18.743378	
2.000000	3.000000	0.000000	0.000000	0.000000	1.378345	0.000000	0.000000	0.000000	0.000000	0.000000	13.783453	1.982469	2.903301	0.000000	0.000000	0.000000	1.335386	0.016353	0.016606	0.000000	0.000000	0.000000	0.047733	0.040688	0.047733	0.040688	0.047733	0.100210	0.047733	1.378345	18.849528	
2.000000	3.000000	0.000000	0.000000	0.000000	1.391446	0.000000	0.000000	0.000000	0.000000	0.000000	13.914463	1.984289	2.904882	0.000000	0.000000	0.000000	1.340992	0.018206	0.015814	0.000000	0.000000	0.000000	0.056060	0.043899	0.056060	0.043899	0.056060	0.098275	0.056060	1.391446	18.949512	
2.000000	3.000000	0.000000	0.000000	0.000000	1.407102	0.000000	0.000000	0.000000	0.000000	0.000000	14.071021	1.986337	2.906379	0.000000	0.000000	0.000000	1.347603	0.020475	0.014969	0.000000	0.000000	0.000000	0.066110	0.047866	0.066110	0.047866	0.066110	0.096406	0.066110	1.407102	19.049519	
2.000000	3.000000	0.000000	0.000000	0.000000	1.425877	0.000000	0.000000	0.000000	0.000000	0.000000	14.258771	1.988663	2.907786	0.000000	0.000000	0.000000	1.355430	0.023259	0.014065	0.000000	0.000000	0.000000	0.078274	0.052758	0.078274	0.052758	0.078274	0.094613	0.078274	1.425877	19.149519	
2.000000	3.000000	0.000000	0.000000	0.000000	1.448464	0.000000	0.000000	0.000000	0.000000	0.000000	14.484643	1.991330	2.909096	0.000000	0.000000	0.000000	1.364734	0.026675	0.013104	0.000000	0.000000	0.000000	0.093034	0.058786	0.093034	0.058786	0.093034	0.092909	0.093034	1.448464	19.249586	
2.000000	3.000000	0.000000	0.000000	0.000000	1.475710	0.000000	0.000000	0.000000	0.000000	0.000000	14.757099	1.994417	2.910305	0.000000	0.000000	0.000000	1.375831	0.030871	0.012090	0.000000	0.000000	0.000000	0.110976	0.066205	0.110976	0.066205	0.110976	0.091316	0.110976	1.475710	19.349527	
2.000000	3.000000	0.000000	0.000000	0.000000	1.508635	0.000000	0.000000	0.000000	0.000000	0.000000	15.086345	1.998020	2.911410	0.000000	0.000000	0.000000	1.389112	0.036023	0.011046	0.000000	0.000000	0.000000	0.132803	0.075321	0.132803	0.075321	0.132803	0.089868	0.132803	1.508635	19.449872	
2.000000	3.000000	0.000000	0.000000	0.000000	1.548445	0.000000	0.000000	0.000000	0.000000	0.000000	15.484446	2.002253	2.912411	0.000000	0.000000	0.000000	1.405045	0.042339	0.010013	0.000000	0.000000	0.000000	0.159333	0.086491	0.159333	0.086491	0.159333	0.088612	0.159333	1.548445	19.549561	
2.000000	3.000000	0.000000	0.000000	0.000000	1.596518	0.000000	0.000000	0.000000	0.000000	0.000000	15.965182	2.007259	2.913318	0.000000	0.000000	0.000000	1.424192	0.050051	0.009070	0.000000	0.000000	0.000000	0.191473	0.100114	0.191473	0.100114	0.191473	0.087618	0.191473	1.596518	19.649789	
2.000000	3.000000	0.000000	0.000000	0.000000	1.654339	0.000000	0.000000	0.000000	0.000000	0.000000	16.543387	2.013198	2.914153	0.000000	0.000000	0.000000	1.447207	0.059394	0.008352	0.000000	0.000000	0.000000	0.230146	0.116595	0.230146	0.116595	0.230146	0.086985	0.230146	1.654339	19.749549	
2.000000	3.000000	0.000000	0.000000	0.000000	1.723340	0.000000	0.000000	0.000000	0.000000	0.000000	17.233395	2.020255	2.914961	0.000000	0.000000	0.000000	1.474820	0.070567	0.008075	0.000000	0.000000	0.000000	0.276133	0.136282	0.276133	0.136282	0.276133	0.086856	0.276133	1.723340	19.849659	
2.000000	3.000000	0.000000	0.000000	0.000000	1.804619	0.000000	0.000000	0.000000	0.000000	0.000000	18.046187	2.028620	2.915817	0.000000	0.000000	0.000000	1.507800	0.083655	0.008564	0.000000	0.000000	0.000000	0.329798	0.159348	0.329798	0.159348	0.329798	0.087418	0.329798	1.804619	19.967924	
2.000000	3.000000	0.000000	0.000000	0.000000	1.898513	0.000000	0.000000	0.000000	0.000000	0.000000	18.985126	2.038472	2.916843	0.000000	0.000000	0.000000	1.546871	0.098520	0.010261	0.000000	0.000000	0.000000	0.390712	0.185626	0.390712	0.185626	0.390712	0.088915	0.390712	1.898513	20.068466	
2.000000	3.000000	0.000000	0.000000	0.000000	2.004116	0.000000	0.000000	0.000000	0.000000	0.000000	20.041155	2.049939	2.918213	0.000000	0.000000	0.000000	1.592596	0.114672	0.013703	0.000000	0.000000	0.000000	0.457244	0.214435	0.457244	0.214435	0.457244	0.091625	0.457244	2.004116	20.167975	
2.000000	3.000000	0.000000	0.000000	0.000000	2.118977	0.000000	0.000000	0.000000	0.000000	0.000000	21.189768	2.063060	2.920157	0.000000	0.000000	0.000000	1.645234	0.131203	0.019436	0.000000	0.000000	0.000000	0.526381	0.244501	0.526381	0.244501	0.526381	0.095828	0.526381	2.118977	20.267831	
2.000000	3.000000	0.000000	0.000000	0.000000	2.239283	0.000000	0.000000	0.000000	0.000000	0.000000	22.392831	2.077744	2.922943	0.000000	0.000000	0.000000	1.704639	0.146847	0.027860	0.000000	0.000000	0.000000	0.594049	0.274093	0.594049	0.274093	0.594049	0.101742	0.594049	2.239283	20.367872	
2.000000	3.000000	0.000000	0.000000	0.000000	2.360634	0.000000	0.000000	0.000000	0.000000	0.000000	23.606342	2.093766	2.926851	0.000000	0.000000	0.000000	1.770238	0.160217	0.039078	0.000000	0.000000	0.000000	0.655995	0.301403	0.655995	0.301403	0.655995	0.109462	0.655995	2.360634	20.467889	
2.000000	3.000000	0.000000	0.000000	0.000000	2.479089	0.000000	0.000000	0.000000	0.000000	0.000000	24.790885	2.110778	2.932132	0.000000	0.000000	0.000000	1.841123	0.170123	0.052807	0.000000	0.000000	0.000000	0.708850	0.324996	0.708850	0.324996	0.708850	0.118924	0.708850	2.479089	20.568003	
2.000000	3.000000	0.000000	0.000000	0.000000	2.591922	0.000000	0.000000	0.000000	0.000000	0.000000	25.919223	2.128359	2.938975	0.000000	0.000000	0.000000	1.916203	0.175810	0.068432	0.000000	0.000000	0.000000	0.750799	0.344103	0.750799	0.344103	0.750799	0.129915	0.750799	2.591922	20.667948	
2.000000	3.000000	0.000000	0.000000	0.000000	2.697797	0.000000	0.000000	0.000000	0.000000	0.000000	26.977971	2.146062	2.947489	0.000000	0.000000	0.000000	1.994363	0.177027	0.085142	0.000000	0.000000	0.000000	0.781594	0.358616	0.781594	0.358616	0.781594	0.142127	0.781594	2.697797	20.768100	
2.000000	3.000000	0.000000	0.000000	0.000000	2.796469	0.000000	0.000000	0.000000	0.000000	0.000000	27.964690	2.163455	2.957698	0.000000	0.000000	0.000000	2.074573	0.173936	0.102093	0.000000	0.000000	0.000000	0.802106	0.368903	0.802106	0.368903	0.802106	0.155214	0.802106	2.796469	20.867952	
2.000000	3.000000	0.000000	0.000000	0.000000	2.888352	0.000000	0.000000	0.000000	0.000000	0.000000	28.883521	2.180153	2.969550	0.000000	0.000000	0.000000	2.155951	0.166975	0.118520	0.000000	0.000000	0.000000	0.813779	0.375567	0.813779	0.375567	0.813779	0.168840	0.813779	2.888352	20.978797	
2.000000	3.000000	0.000000	0.000000	0.000000	2.974153	0.000000	0.000000	0.000000	0.000000	0.000000	29.741535	2.195825	2.982930	0.000000	0.000000	0.000000	2.237771	0.156723	0.133801	0.000000	0.000000	0.000000	0.818202	0.379269	0.818202	0.379269	0.818202	0.182708	0.818202	2.974153	21.078596	
2.000000	3.000000	0.000000	0.000000	0.000000	3.054645	0.000000	0.000000	0.000000	0.000000	0.000000	30.546446	2.210206	2.997678	0.000000	0.000000	0.000000	2.319459	0.143807	0.147475	0.000000	0.000000	0.000000	0.816873	0.380627	0.816873	0.380627	0.816873	0.196568	0.816873	3.054645	21.178583	
2.000000	3.000000	0.000000	0.000000	0.000000	3.130546	0.000000	0.000000	0.000000	0.000000	0.000000	31.305462	2.223090	3.013601	0.000000	0.000000	0.000000	2.400567	0.128842	0.159232	0.000000	0.000000	0.000000	0.811087	0.380167	0.811087	0.380167	0.811087	0.210219	0.811087	3.130546	21.287966	
2.000000	3.000000	0.000000	0.000000	0.000000	-3.080701	0.000000	0.000000	0.000000	0.000000	0.000000	-30.807014	2.234330	3.030490	0.000000	0.000000	0.000000	2.480759	0.112401	0.168891	0.000000	0.000000	0.000000	0.801916	0.378322	0.801916	0.378322	0.801916	0.223504	-5.481269	-3.080701	21.396678	
2.000000	3.000000	0.000000	0.000000	0.000000	-3.012204	0.000000	0.000000	0.000000	0.000000	0.000000	-30.122036	2.243830	3.048128	0.000000	0.000000	0.000000	2.559781	0.094999	0.176379	0.000000	0.000000	0.000000	0.790223	0.375433	0.790223	0.375433	0.790223	0.236305	-5.492963	-3.012204	21.496609	
2.000000	3.000000	0.000000	0.000000	0.000000	-2.946714	0.000000	0.000000	0.000000	0.000000	0.000000	-29.467144	2.251539	3.066299	0.000000	0.000000	0.000000	2.637450	0.077085	0.181708	0.000000	0.000000	0.000000	0.776690	0.371769	0.776690	0.371769	0.776690	0.248534	-5.506496	-2.946714	21.596672	
2.000000	3.000000	0.000000	0.000000	0.000000	-2.883881	0.000000	0.000000	0.000000	0.000000	0.000000	-28.838809	2.257443	3.084794	0.000000	0.000000	0.000000	2.713636	0.059044	0.184952	0.000000	0.000000	0.000000	0.761854	0.367536	0.761854	0.367536	0.761854	0.260129	-5.521331	-2.883881	21.696664	
2.000000	3.000000	0.000000	0.000000	0.000000	-2.823414	0.000000	0.000000	0.000000	0.000000	0.000000	-28.234136	2.261563	3.103417	0.000000	0.000000	0.000000	2.788249	0.041197	0.186232	0.000000	0.000000	0.000000	0.746136	0.362893	0.746136	0.362893	0.746136	0.271048	-5.537049	-2.823414	21.812079	
2.000000	3.000000	0.000000	0.000000	0.000000	-2.765074	0.000000	0.000000	0.000000	0.000000	0.000000	-27.650739	2.263943	3.121987	0.000000	0.000000	0.000000	2.861236	0.023806	0.185700	0.000000	0.000000	0.000000	0.729862	0.357963	0.729862	0.357963	0.729862	0.281265	-5.553323	-2.765074	21.911838	
2.000000	3.000000	0.000000	0.000000	0.000000	-2.708663	0.000000	0.000000	0.000000	0.000000	0.000000	-27.086630	2.264651	3.140340	0.000000	0.000000	0.000000	2.932564	0.007082	0.183528	0.000000	0.000000	0.000000	0.713287	0.352839	0.713287	0.352839	0.713287	0.290770	-5.569899	-2.708663	22.019067	
2.000000	3.000000	0.000000	0.000000	0.000000	-2.654014	0.000000	0.000000	0.000000	0.000000	0.000000	-26.540140	2.263770	3.158330	0.000000	0.000000	0.000000	3.002225	-0.008815	0.179897	0.000000	0.000000	0.000000	0.696607	0.347594	0.696607	0.347594	0.696607	0.299559	-5.586578	-2.654014	22.119108	
2.000000	3.000000	0.000000	0.000000	0.000000	-2.600985	0.000000	0.000000	0.000000	0.000000	0.000000	-26.009847	2.261393	3.175829	0.000000	0.000000	0.000000	3.070222	-0.023765	0.174992	0.000000	0.000000	0.000000	0.679976	0.342282	0.679976	0.342282	0.679976	0.307641	-5.603210	-2.600985	22.219057	
2.000000	3.000000	0.000000	0.000000	0.000000	-2.549453	0.000000	0.000000	0.000000	0.000000	0.000000	-25.494527	2.257625	3.192728	0.000000	0.000000	0.000000	3.136574	-0.037683	0.168995	0.000000	0.000000	0.000000	0.663510	0.336946	0.663510	0.336946	0.663510	0.315027	-5.619675	-2.549453	22.319156	
2.000000	3.000000	0.000000	0.000000	0.000000	-2.499311	0.000000	0.000000	0.000000	0.000000	0.000000	-24.993114	2.252573	3.208936	0.000000	0.000000	0.000000	-3.081882	-0.050518	0.162081	0.000000	0.000000	0.000000	0.647300	0.331620	0.647300	0.331620	0.647300	0.321737	-5.635885	-2.499311	22.419216	
2.000000	3.000000	0.000000	0.000000	0.000000	-2.450467	0.000000	0.000000	0.000000	0.000000	0.000000	-24.504670	2.246349	3.224378	0.000000	0.000000	0.000000	-3.018740	-0.062244	0.154414	0.000000	0.000000	0.000000	0.631415	0.326329	0.631415	0.326329	0.631415	0.327792	0.631415	-2.450467	22.519059	
2.000000	3.000000	0.000000	0.000000	0.000000	-2.402836	0.000000	0.000000	0.000000	0.000000	0.000000	-24.028357	2.239063	3.238993	0.000000	0.000000	0.000000	-2.957150	-0.072856	0.146150	0.000000	0.000000	0.000000	0.615905	0.321092	0.615905	0.321092	0.615905	0.333216	0.615905	-2.402836	22.619025	
2.000000	3.000000	0.000000	0.000000	0.000000	-2.356342	0.000000	0.000000	0.000000	0.000000	0.000000	-23.563421	2.230826	3.252735	0.000000	0.000000	0.000000	-2.897069	-0.082369	0.137427	0.000000	0.000000	0.000000	0.600808	0.315925	0.600808	0.315925	0.600808	0.338037	0.600808	-2.356342	22.719151	
2.000000	3.000000	0.000000	0.000000	0.000000	-2.310918	0.000000	0.000000	0.000000	0.000000	0.000000	-23.109180	2.221746	3.265573	0.000000	0.000000	0.000000	-2.838454	-0.090809	0.128372	0.000000	0.000000	0.000000	0.586151	0.310840	0.586151	0.310840	0.586151	0.342281	0.586151	-2.310918	22.819074	
2.000000	3.000000	0.000000	0.000000	0.000000	-2.266501	0.000000	0.000000	0.000000	0.000000	0.000000	-22.665006	2.211924	3.277483	0.000000	0.000000	0.000000	-2.781259	-0.098214	0.119100	0.000000	0.000000	0.000000	0.571953	0.305846	0.571953	0.305846	0.571953	0.345977	0.571953	-2.266501	22.919284	
2.000000	3.000000	0.000000	0.000000	0.000000	-2.223032	0.000000	0.000000	0.000000	0.000000	0.000000	-22.230322	2.201461	3.288454	0.000000	0.000000	0.000000	-2.725436	-0.104632	0.109710	0.000000	0.000000	0.000000	0.558226	0.300949	0.558226	0.300949	0.558226	0.349154	0.558226	-2.223032	23.019152	
2.000000	3.000000	0.000000	0.000000	0.000000	-2.180459	0.000000	0.000000	0.000000	0.000000	0.000000	-21.804591	2.190449	3.298483	0.000000	0.000000	0.000000	-2.670938	-0.110115	0.100290	0.000000	0.000000	0.000000	0.544977	0.296157	0.544977	0.296157	0.544977	0.351841	0.544977	-2.180459	23.119029	
2.000000	3.000000	0.000000	0.000000	0.000000	-2.138731	0.000000	0.000000	0.000000	0.000000	0.000000	-21.387310	2.178977	3.307574	0.000000	0.000000	0.000000	-2.617718	-0.114719	0.090915	0.000000	0.000000	0.000000	0.532207	0.291472	0.532207	0.291472	0.532207	0.354066	0.532207	-2.138731	23.219131	
2.000000	3.000000	0.000000	0.000000	0.000000	-2.097801	0.000000	0.000000	0.000000	0.000000	0.000000	-20.978008	2.167127	3.315739	0.000000	0.000000	0.000000	-2.565726	-0.118504	0.081649	0.000000	0.000000	0.000000	0.519917	0.286898	0.519917	0.286898	0.519917	0.355858	0.519917	-2.097801	23.319190	
2.000000	3.000000	0.000000	0.000000	0.000000	-2.057624	0.000000	0.000000	0.000000	0.000000	0.000000	-20.576240	2.154974	3.322994	0.000000	0.000000	0.000000	-2.514916	-0.121528	0.072546	0.000000	0.000000	0.000000	0.508102	0.282437	0.508102	0.282437	0.508102	0.357243	0.508102	-2.057624	23.419502	
2.000000	3.000000	0.000000	0.000000	0.000000	-2.018158	0.000000	0.000000	0.000000	0.000000	0.000000	-20.181585	2.142589	3.329359	0.000000	0.000000	0.000000	-2.465240	-0.123852	0.063650	0.000000	0.000000	0.000000	0.496757	0.278092	0.496757	0.278092	0.496757	0.358248	0.496757	-2.018158	23.519101	
2.000000	3.000000	0.000000	0.000000	0.000000	-1.979364	0.000000	0.000000	0.000000	0.000000	0.000000	-19.793640	2.130036	3.334859	0.000000	0.000000	0.000000	-2.416652	-0.125534	0.054998	0.000000	0.000000	0.000000	0.485876	0.273863	0.485876	0.273863	0.485876	0.358899	0.485876	-1.979364	23.619154	
2.000000	3.000000	0.000000	0.000000	0.000000	-1.941202	0.000000	0.000000	0.000000	0.000000	0.000000	-19.412023	2.117373	3.339520	0.000000	0.000000	0.000000	-2.369107	-0.126630	0.046618	0.000000	0.000000	0.000000	0.475450	0.269752	0.475450	0.269752	0.475450	0.359221	0.475450	-1.941202	23.734166	
2.000000	3.000000	0.000000	0.000000	0.000000	-1.903637	0.000000	0.000000	0.000000	0.000000	0.000000	-19.036366	2.104653	3.343373	0.000000	0.000000	0.000000	-2.322560	-0.127196	0.038531	0.000000	0.000000	0.000000	0.465471	0.265758	0.465471	0.265758	0.465471	0.359236	0.465471	-1.903637	23.834188	
2.000000	3.000000	0.000000	0.000000	0.000000	-1.866632	0.000000	0.000000	0.000000	0.000000	0.000000	-18.666319	2.091925	3.346449	0.000000	0.000000	0.000000	-2.276967	-0.127284	0.030755	0.000000	0.000000	0.000000	0.455928	0.261883	0.455928	0.261883	0.455928	0.358967	0.455928	-1.866632	23.934163	
2.000000	3.000000	0.000000	0.000000	0.000000	-1.830154	0.000000	0.000000	0.000000	0.000000	0.000000	-18.301542	2.079230	3.348779	0.000000	0.000000	0.000000	-2.232286	-0.126943	0.023298	0.000000	0.000000	0.000000	0.446813	0.258126	0.446813	0.258126	0.446813	0.358437	0.446813	-1.830154	24.062983	
2.000000	3.000000	0.000000	0.000000	0.000000	-1.794171	0.000000	0.000000	0.000000	0.000000	0.000000	-17.941708	2.066609	3.350396	0.000000	0.000000	0.000000	-2.188475	-0.126219	0.016169	0.000000	0.000000	0.000000	0.438115	0.254486	0.438115	0.254486	0.438115	0.357665	0.438115	-1.794171	24.203637	
2.000000	3.000000	0.000000	0.000000	0.000000	-1.758650	0.000000	0.000000	0.000000	0.000000	0.000000	-17.586503	2.054093	3.351333	0.000000	0.000000	0.000000	-2.145492	-0.125156	0.009369	0.000000	0.000000	0.000000	0.429824	0.250965	0.429824	0.250965	0.429824	0.356670	0.429824	-1.758650	24.614259	
2.000000	3.000000	0.000000	0.000000	0.000000	-1.723562	0.000000	0.000000	0.000000	0.000000	0.000000	-17.235620	2.041714	3.351622	0.000000	0.000000	0.000000	-2.103299	-0.123794	0.002898	0.000000	0.000000	0.000000	0.421930	0.247561	0.421930	0.247561	0.421930	0.355472	0.421930	-1.723562	24.762073	
2.000000	3.000000	0.000000	0.000000	0.000000	-1.688876	0.000000	0.000000	0.000000	0.000000	0.000000	-16.888763	2.029497	3.351298	0.000000	0.000000	0.000000	-2.061857	-0.122170	-0.003248	0.000000	0.000000	0.000000	0.414423	0.244273	0.414423	0.244273	0.414423	0.354088	0.414423	-1.688876	24.861978	
2.000000	3.000000	0.000000	0.000000	0.000000	-1.654564	0.000000	0.000000	0.000000	0.000000	0.000000	-16.545645	2.017465	3.350390	0.000000	0.000000	0.000000	-2.021128	-0.120319	-0.009073	0.000000	0.000000	0.000000	0.407292	0.241102	0.407292	0.241102	0.407292	0.352534	0.407292	-1.654564	24.962120	
2.000000	3.000000	0.000000	0.000000	0.000000	-1.620598	0.000000	0.000000	0.000000	0.000000	0.000000	-16.205985	2.005637	3.348932	0.000000	0.000000	0.000000	-1.981075	-0.118273	-0.014586	0.000000	0.000000	0.000000	0.400529	0.238046	0.400529	0.238046	0.400529	0.350825	0.400529	-1.620598	25.061995	
2.000000	3.000000	0.000000	0.000000	0.000000	-1.586951	0.000000	0.000000	0.000000	0.000000	0.000000	-15.869510	1.994032	3.346952	0.000000	0.000000	0.000000	-1.941662	-0.116058	-0.019796	0.000000	0.000000	0.000000	0.394124	0.235105	0.394124	0.235105	0.394124	0.348977	0.394124	-1.586951	25.188786	
2.000000	3.000000	0.000000	0.000000	0.000000	-1.553595	0.000000	0.000000	0.000000	0.000000	0.000000	-15.535954	1.982661	3.344481	0.000000	0.000000	0.000000	-1.902856	-0.113703	-0.024712	0.000000	0.000000	0.000000	0.388067	0.232278	0.388067	0.232278	0.388067	0.347003	0.388067	-1.553595	25.289020	
2.000000	3.000000	0.000000	0.000000	0.000000	-1.520506	0.000000	0.000000	0.000000	0.000000	0.000000	-15.205057	1.971538	3.341546	0.000000	0.000000	0.000000	-1.864621	-0.111230	-0.029345	0.000000	0.000000	0.000000	0.382350	0.229565	0.382350	0.229565	0.382350	0.344917	0.382350	-1.520506	25.388790	
2.000000	3.000000	0.000000	0.000000	0.000000	-1.487656	0.000000	0.000000	0.000000	0.000000	0.000000	-14.876563	1.960672	3.338176	0.000000	0.000000	0.000000	-1.826924	-0.108660	-0.033708	0.000000	0.000000	0.000000	0.376964	0.226964	0.376964	0.226964	0.376964	0.342730	0.376964	-1.487656	25.488907	
2.000000	3.000000	0.000000	0.000000	0.000000	-1.455022	0.000000	0.000000	0.000000	0.000000	0.000000	-14.550223	1.950071	3.334394	0.000000	0.000000	0.000000	-1.789734	-0.106013	-0.037813	0.000000	0.000000	0.000000	0.371902	0.224474	0.371902	0.224474	0.371902	0.340455	0.371902	-1.455022	25.588846	
2.000000	3.000000	0.000000	0.000000	0.000000	-1.422579	0.000000	0.000000	0.000000	0.000000	0.000000	-14.225792	1.939740	3.330227	0.000000	0.000000	0.000000	-1.753019	-0.103305	-0.041671	0.000000	0.000000	0.000000	0.367155	0.222096	0.367155	0.222096	0.367155	0.338101	0.367155	-1.422579	25.688858	
2.000000	3.000000	0.000000	0.000000	0.000000	-1.390303	0.000000	0.000000	0.000000	0.000000	0.000000	-13.903028	1.929685	3.325698	0.000000	0.000000	0.000000	-1.716747	-0.100552	-0.045296	0.000000	0.000000	0.000000	0.362716	0.219828	0.362716	0.219828	0.362716	0.335680	0.362716	-1.390303	25.789027	
2.000000	3.000000	0.000000	0.000000	0.000000	-1.358170	0.000000	0.000000	0.000000	0.000000	0.000000	-13.581696	1.919908	3.320827	0.000000	0.000000	0.000000	-1.680889	-0.097767	-0.048701	0.000000	0.000000	0.000000	0.358577	0.217670	0.358577	0.217670	0.358577	0.333201	0.358577	-1.358170	25.888908	
2.000000	3.000000	0.000000	0.000000	0.000000	-1.326156	0.000000	0.000000	0.000000	0.000000	0.000000	-13.261560	1.910412	3.315638	0.000000	0.000000	0.000000	-1.645416	-0.094960	-0.051898	0.000000	0.000000	0.000000	0.354733	0.215621	0.354733	0.215621	0.354733	0.330673	0.354733	-1.326156	25.988832	
2.000000	3.000000	0.000000	0.000000	0.000000	-1.294239	0.000000	0.000000	0.000000	0.000000	0.000000	-12.942393	1.901198	3.310148	0.000000	0.000000	0.000000	-1.610298	-0.092143	-0.054900	0.000000	0.000000	0.000000	0.351177	0.213680	0.351177	0.213680	0.351177	0.328105	0.351177	-1.294239	26.088806	
2.000000	3.000000	0.000000	0.000000	0.000000	-1.262397	0.000000	0.000000	0.000000	0.000000	0.000000	-12.623965	1.892266	3.304376	0.000000	0.000000	0.000000	-1.575508	-0.089324	-0.057718	0.000000	0.000000	0.000000	0.347902	0.211847	0.347902	0.211847	0.347902	0.325505	0.347902	-1.262397	26.189063	
2.000000	3.000000	0.000000	0.000000	0.000000	-1.230605	0.000000	0.000000	0.000000	0.000000	0.000000	-12.306055	1.883615	3.298339	0.000000	0.000000	0.000000	-1.541018	-0.086511	-0.060366	0.000000	0.000000	0.000000	0.344903	0.210120	0.344903	0.210120	0.344903	0.322880	0.344903	-1.230605	26.288806	
2.000000	3.000000	0.000000	0.000000	0.000000	-1.198844	0.000000	0.000000	0.000000	0.000000	0.000000	-11.988439	1.875244	3.292054	0.000000	0.000000	0.000000	-1.506800	-0.083709	-0.062855	0.000000	0.000000	0.000000	0.342174	0.208500	0.342174	0.208500	0.342174	0.320237	0.342174	-1.198844	26.389068	
2.000000	3.000000	0.000000	0.000000	0.000000	-1.167090	0.000000	0.000000	0.000000	0.000000	0.000000	-11.670899	1.867151	3.285534	0.000000	0.000000	0.000000	-1.472829	-0.080924	-0.065196	0.000000	0.000000	0.000000	0.339711	0.206986	0.339711	0.206986	0.339711	0.317584	0.339711	-1.167090	26.489093	
2.000000	3.000000	0.000000	0.000000	0.000000	-1.135322	0.000000	0.000000	0.000000	0.000000	0.000000	-11.353217	1.859335	3.278794	0.000000	0.000000	0.000000	-1.439079	-0.078159	-0.067400	0.000000	0.000000	0.000000	0.337508	0.205577	0.337508	0.205577	0.337508	0.314926	0.337508	-1.135322	26.589127	
2.000000	3.000000	0.000000	0.000000	0.000000	-1.103518	0.000000	0.000000	0.000000	0.000000	0.000000	-11.035181	1.851793	3.271846	0.000000	0.000000	0.000000	-1.405523	-0.075418	-0.069478	0.000000	0.000000	0.000000	0.335561	0.204273	0.335561	0.204273	0.335561	0.312270	0.335561	-1.103518	26.689111	
2.000000	3.000000	0.000000	0.000000	0.000000	-1.071658	0.000000	0.000000	0.000000	0.000000	0.000000	-10.716576	1.844523	3.264702	0.000000	0.000000	0.000000	-1.372136	-0.072703	-0.071440	0.000000	0.000000	0.000000	0.333865	0.203073	0.333865	0.203073	0.333865	0.309622	0.333865	-1.071658	26.789104	
2.000000	3.000000	0.000000	0.000000	0.000000	-1.039719	0.000000	0.000000	0.000000	0.000000	0.000000	-10.397194	1.837522	3.257373	0.000000	0.000000	0.000000	-1.338894	-0.070016	-0.073296	0.000000	0.000000	0.000000	0.332417	0.201977	0.332417	0.201977	0.332417	0.306986	0.332417	-1.039719	26.889241	
2.000000	3.000000	0.000000	0.000000	0.000000	-1.007682	0.000000	0.000000	0.000000	0.000000	0.000000	-10.076824	1.830786	3.249867	0.000000	0.000000	0.000000	-1.305773	-0.067356	-0.075055	0.000000	0.000000	0.000000	0.331212	0.200984	0.331212	0.200984	0.331212	0.304368	0.331212	-1.007682	26.988899	
2.000000	3.000000	0.000000	0.000000	0.000000	-0.975526	0.000000	0.000000	0.000000	0.000000	0.000000	-9.755262	1.824313	3.242195	0.000000	0.000000	0.000000	-1.272748	-0.064725	-0.076725	0.000000	0.000000	0.000000	0.330247	0.200094	0.330247	0.200094	0.330247	0.301773	0.330247	-0.975526	27.088849	
2.000000	3.000000	0.000000	0.000000	0.000000	-0.943230	0.000000	0.000000	0.000000	0.000000	0.000000	-9.432304	1.818101	3.234363	0.000000	0.000000	0.000000	-1.239797	-0.062120	-0.078316	0.000000	0.000000	0.000000	0.329518	0.199307	0.329518	0.199307	0.329518	0.299206	0.329518	-0.943230	27.188922	
2.000000	3.000000	0.000000	0.000000	0.000000	-0.910775	0.000000	0.000000	0.000000	0.000000	0.000000	-9.107747	1.812147	3.226380	0.000000	0.000000	0.000000	-1.206894	-0.059542	-0.079835	0.000000	0.000000	0.000000	0.329022	0.198622	0.329022	0.198622	0.329022	0.296670	0.329022	-0.910775	27.288961	
2.000000	3.000000	0.000000	0.000000	0.000000	-0.878139	0.000000	0.000000	0.000000	0.000000	0.000000	-8.781393	1.806448	3.218251	0.000000	0.000000	0.000000	-1.174019	-0.056988	-0.081290	0.000000	0.000000	0.000000	0.328755	0.198038	0.328755	0.198038	0.328755	0.294171	0.328755	-0.878139	27.388988	
2.000000	3.000000	0.000000	0.000000	0.000000	-0.845305	0.000000	0.000000	0.000000	0.000000	0.000000	-8.453046	1.801003	3.209982	0.000000	0.000000	0.000000	-1.141148	-0.054455	-0.082686	0.000000	0.000000	0.000000	0.328714	0.197556	0.328714	0.197556	0.328714	0.291711	0.328714	-0.845305	27.488869	
2.000000	3.000000	0.000000	0.000000	0.000000	-0.812251	0.000000	0.000000	0.000000	0.000000	0.000000	-8.122513	1.795809	3.201579	0.000000	0.000000	0.000000	-1.108258	-0.051941	-0.084032	0.000000	0.000000	0.000000	0.328896	0.197174	0.328896	0.197174	0.328896	0.289296	0.328896	-0.812251	27.589053	
2.000000	3.000000	0.000000	0.000000	0.000000	-0.778960	0.000000	0.000000	0.000000	0.000000	0.000000	-7.789604	1.790864	3.193046	0.000000	0.000000	0.000000	-1.075328	-0.049443	-0.085331	0.000000	0.000000	0.000000	0.329298	0.196892	0.329298	0.196892	0.329298	0.286929	0.329298	-0.778960	27.688903	
2.000000	3.000000	0.000000	0.000000	0.000000	-0.745413	0.000000	0.000000	0.000000	0.000000	0.000000	-7.454133	1.786169	3.184387	0.000000	0.000000	0.000000	-1.042337	-0.046956	-0.086591	0.000000	0.000000	0.000000	0.329915	0.196710	0.329915	0.196710	0.329915	0.284613	0.329915	-0.745413	27.788873	
2.000000	3.000000	0.000000	0.000000	0.000000	-0.711592	0.000000	0.000000	0.000000	0.000000	0.000000	-7.115919	1.781721	3.175605	0.000000	0.000000	0.000000	-1.009262	-0.044477	-0.087814	0.000000	0.000000	0.000000	0.330745	0.196626	0.330745	0.196626	0.330745	0.282351	0.330745	-0.711592	27.888917	
2.000000	3.000000	0.000000	0.000000	0.000000	-0.677479	0.000000	0.000000	0.000000	0.000000	0.000000	-6.774786	1.777521	3.166705	0.000000	0.000000	0.000000	-0.976084	-0.042001	-0.089007	0.000000	0.000000	0.000000	0.331784	0.196640	0.331784	0.196640	0.331784	0.280148	0.331784	-0.677479	27.988946	
2.000000	3.000000	0.000000	0.000000	0.000000	-0.643056	0.000000	0.000000	0.000000	0.000000	0.000000	-6.430562	1.773569	3.157687	0.000000	0.000000	0.000000	-0.942781	-0.039522	-0.090171	0.000000	0.000000	0.000000	0.333028	0.196751	0.333028	0.196751	0.333028	0.278006	0.333028	-0.643056	28.089181	
2.000000	3.000000	0.000000	0.000000	0.000000	-0.608308	0.000000	0.000000	0.000000	0.000000	0.000000	-6.083082	1.769865	3.148556	0.000000	0.000000	0.000000	-0.909334	-0.037036	-0.091310	0.000000	0.000000	0.000000	0.334473	0.196958	0.334473	0.196958	0.334473	0.275928	0.334473	-0.608308	28.188983	
2.000000	3.000000	0.000000	0.000000	0.000000	-0.573219	0.000000	0.000000	0.000000	0.000000	0.000000	-5.732188	1.766411	3.139314	0.000000	0.000000	0.000000	-0.875722	-0.034538	-0.092427	0.000000	0.000000	0.000000	0.336115	0.197260	0.336115	0.197260	0.336115	0.273918	0.336115	-0.573219	28.288953	
2.000000	3.000000	0.000000	0.000000	0.000000	-0.537773	0.000000	0.000000	0.000000	0.000000	0.000000	-5.377731	1.763209	3.129962	0.000000	0.000000	0.000000	-0.841927	-0.032020	-0.093522	0.000000	0.000000	0.000000	0.337949	0.197655	0.337949	0.197655	0.337949	0.271978	0.337949	-0.537773	28.388936	
2.000000	3.000000	0.000000	0.000000	0.000000	-0.501957	0.000000	0.000000	0.000000	0.000000	0.000000	-5.019566	1.760262	3.120502	0.000000	0.000000	0.000000	-0.807930	-0.029478	-0.094598	0.000000	0.000000	0.000000	0.339971	0.198142	0.339971	0.198142	0.339971	0.270111	0.339971	-0.501957	28.488999	
2.000000	3.000000	0.000000	0.000000	0.000000	-0.465756	0.000000	0.000000	0.000000	0.000000	0.000000	-4.657563	1.757571	3.110936	0.000000	0.000000	0.000000	-0.773713	-0.026904	-0.095653	0.000000	0.000000	0.000000	0.342174	0.198718	0.342174	0.198718	0.342174	0.268319	0.342174	-0.465756	28.588940	
2.000000	3.000000	0.000000	0.000000	0.000000	-0.429160	0.000000	0.000000	0.000000	0.000000	0.000000	-4.291598	1.755142	3.101268	0.000000	0.000000	0.000000	-0.739258	-0.024293	-0.096687	0.000000	0.000000	0.000000	0.344553	0.199383	0.344553	0.199383	0.344553	0.266606	0.344553	-0.429160	28.689189	
2.000000	3.000000	0.000000	0.000000	0.000000	-0.392156	0.000000	0.000000	0.000000	0.000000	0.000000	-3.921560	1.752978	3.091498	0.000000	0.000000	0.000000	-0.704547	-0.021638	-0.097700	0.000000	0.000000	0.000000	0.347102	0.200134	0.347102	0.200134	0.347102	0.264973	0.347102	-0.392156	28.788969	
2.000000	3.000000	0.000000	0.000000	0.000000	-0.354735	0.000000	0.000000	0.000000	0.000000	0.000000	-3.547349	1.751085	3.081629	0.000000	0.000000	0.000000	-0.669566	-0.018933	-0.098688	0.000000	0.000000	0.000000	0.349812	0.200967	0.349812	0.200967	0.349812	0.263423	0.349812	-0.354735	28.889006	
2.000000	3.000000	0.000000	0.000000	0.000000	-0.316888	0.000000	0.000000	0.000000	0.000000	0.000000	-3.168881	1.749468	3.071664	0.000000	0.000000	0.000000	-0.634298	-0.016171	-0.099648	0.000000	0.000000	0.000000	0.352678	0.201881	0.352678	0.201881	0.352678	0.261958	0.352678	-0.316888	29.072862	
2.000000	3.000000	0.000000	0.000000	0.000000	-0.278608	0.000000	0.000000	0.000000	0.000000	0.000000	-2.786081	1.748133	3.061606	0.000000	0.000000	0.000000	-0.598729	-0.013345	-0.100577	0.000000	0.000000	0.000000	0.355690	0.202872	0.355690	0.202872	0.355690	0.260580	0.355690	-0.278608	29.172843	
2.000000	3.000000	0.000000	0.000000	0.000000	-0.239889	0.000000	0.000000	0.000000	0.000000	0.000000	-2.398894	1.747088	3.051459	0.000000	0.000000	0.000000	-0.562845	-0.010451	-0.101471	0.000000	0.000000	0.000000	0.358840	0.203937	0.358840	0.203937	0.358840	0.259292	0.358840	-0.239889	29.336974	
2.000000	3.000000	0.000000	0.000000	0.000000	-0.200728	0.000000	0.000000	0.000000	0.000000	0.000000	-2.007278	1.746340	3.041227	0.000000	0.000000	0.000000	-0.526634	-0.007481	-0.102322	0.000000	0.000000	0.000000	0.362118	0.205073	0.362118	0.205073	0.362118	0.258094	0.362118	-0.200728	29.437057	
2.000000	3.000000	0.000000	0.000000	0.000000	-0.161121	0.000000	0.000000	0.000000	0.000000	0.000000	-1.611208	1.745897	3.030915	0.000000	0.000000	0.000000	-0.490082	-0.004431	-0.103124	0.000000	0.000000	0.000000	0.365513	0.206274	0.365513	0.206274	0.365513	0.256988	0.365513	-0.161121	29.536866	
2.000000	3.000000	0.000000	0.000000	0.000000	-0.121068	0.000000	0.000000	0.000000	0.000000	0.000000	-1.210677	1.745767	3.020528	0.000000	0.000000	0.000000	-0.453181	-0.001295	-0.103870	0.000000	0.000000	0.000000	0.369015	0.207537	0.369015	0.207537	0.369015	0.255977	0.369015	-0.121068	29.636970	
2.000000	3.000000	0.000000	0.000000	0.000000	-0.080570	0.000000	0.000000	0.000000	0.000000	0.000000	-0.805696	1.745961	3.010073	0.000000	0.000000	0.000000	-0.415920	0.001931	-0.104552	0.000000	0.000000	0.000000	0.372611	0.208857	0.372611	0.208857	0.372611	0.255060	0.372611	-0.080570	29.736960	
2.000000	3.000000	0.000000	0.000000	0.000000	-0.039629	0.000000	0.000000	0.000000	0.000000	0.000000	-0.396293	1.746486	2.999557	0.000000	0.000000	0.000000	-0.378291	0.005250	-0.105159	0.000000	0.000000	0.000000	0.376290	0.210229	0.376290	0.210229	0.376290	0.254239	0.376290	-0.039629	29.875997	
2.000000	3.000000	0.000000	0.000000	0.000000	0.001748	0.000000	0.000000	0.000000	0.000000	0.000000	0.017484	1.747352	2.988989	0.000000	0.000000	0.000000	-0.340287	0.008666	-0.105682	0.000000	0.000000	0.000000	0.380039	0.211647	0.380039	0.211647	0.380039	0.253515	0.380039	0.001748	29.976031	
2.000000	3.000000	0.000000	0.000000	0.000000	0.043557	0.000000	0.000000	0.000000	0.000000	0.000000	0.435568	1.748570	2.978377	0.000000	0.000000	0.000000	-0.301902	0.012180	-0.106111	0.000000	0.000000	0.000000	0.383844	0.213106	0.383844	0.213106	0.383844	0.252888	0.383844	0.043557	30.076109	
2.000000	3.000000	0.000000	0.000000	0.000000	0.085787	0.000000	0.000000	0.000000	0.000000	0.000000	0.857873	1.750150	2.967734	0.000000	0.000000	0.000000	-0.263133	0.015794	-0.106432	0.000000	0.000000	0.000000	0.387690	0.214600	0.387690	0.214600	0.387690	0.252358	0.387690	0.085787	30.213514	
2.000000	3.000000	0.000000	0.000000	0.000000	0.128430	0.000000	0.000000	0.000000	0.000000	0.000000	1.284296	1.752100	2.957071	0.000000	0.000000	0.000000	-0.223977	0.019506	-0.106635	0.000000	0.000000	0.000000	0.391563	0.216123	0.391563	0.216123	0.391563	0.251925	0.391563	0.128430	30.313580	
2.000000	3.000000	0.000000	0.000000	0.000000	0.171471	0.000000	0.000000	0.000000	0.000000	0.000000	1.714714	1.754432	2.946400	0.000000	0.000000	0.000000	-0.184432	0.023317	-0.106706	0.000000	0.000000	0.000000	0.395448	0.217669	0.395448	0.217669	0.395448	0.251589	0.395448	0.171471	30.452744	
2.000000	3.000000	0.000000	0.000000	0.000000	0.214899	0.000000	0.000000	0.000000	0.000000	0.000000	2.148986	1.757154	2.935737	0.000000	0.000000	0.000000	-0.144499	0.027221	-0.106633	0.000000	0.000000	0.000000	0.399331	0.219230	0.399331	0.219230	0.399331	0.251350	0.399331	0.214899	30.552744	
2.000000	3.000000	0.000000	0.000000	0.000000	0.258696	0.000000	0.000000	0.000000	0.000000	0.000000	2.586957	1.760276	2.925097	0.000000	0.000000	0.000000	-0.104180	0.031216	-0.106403	0.000000	0.000000	0.000000	0.403195	0.220801	0.403195	0.220801	0.403195	0.251205	0.403195	0.258696	30.689348	
2.000000	3.000000	0.000000	0.000000	0.000000	0.302845	0.000000	0.000000	0.000000	0.000000	0.000000	3.028454	1.763805	2.914496	0.000000	0.000000	0.000000	-0.063477	0.035295	-0.106001	0.000000	0.000000	0.000000	0.407025	0.222374	0.407025	0.222374	0.407025	0.251154	0.407025	0.302845	30.789970	
2.000000	3.000000	0.000000	0.000000	0.000000	0.347329	0.000000	0.000000	0.000000	0.000000	0.000000	3.473290	1.767750	2.903955	0.000000	0.000000	0.000000	-0.022397	0.039451	-0.105416	0.000000	0.000000	0.000000	0.410806	0.223943	0.410806	0.223943	0.410806	0.251195	0.410806	0.347329	30.967918	
2.000000	3.000000	0.000000	0.000000	0.000000	0.392127	0.000000	0.000000	0.000000	0.000000	0.000000	3.921266	1.772118	2.893491	0.000000	0.000000	0.000000	0.019056	0.043676	-0.104635	0.000000	0.000000	0.000000	0.414523	0.225502	0.414523	0.225502	0.414523	0.251326	0.414523	0.392127	31.067829	
2.000000	3.000000	0.000000	0.000000	0.000000	0.437217	0.000000	0.000000	0.000000	0.000000	0.000000	4.372172	1.776914	2.883127	0.000000	0.000000	0.000000	0.060872	0.047958	-0.103645	0.000000	0.000000	0.000000	0.418161	0.227043	0.418161	0.227043	0.418161	0.251544	0.418161	0.437217	31.254399	
2.000000	3.000000	0.000000	0.000000	0.000000	0.482579	0.000000	0.000000	0.000000	0.000000	0.000000	4.825785	1.782142	2.872883	0.000000	0.000000	0.000000	0.103043	0.052285	-0.102436	0.000000	0.000000	0.000000	0.421707	0.228561	0.421707	0.228561	0.421707	0.251847	0.421707	0.482579	31.355277	
2.000000	3.000000	0.000000	0.000000	0.000000	0.528188	0.000000	0.000000	0.000000	0.000000	0.000000	5.281879	1.787807	2.862784	0.000000	0.000000	0.000000	0.145557	0.056644	-0.100996	0.000000	0.000000	0.000000	0.425145	0.230049	0.425145	0.230049	0.425145	0.252232	0.425145	0.528188	31.492770	
2.000000	3.000000	0.000000	0.000000	0.000000	0.574022	0.000000	0.000000	0.000000	0.000000	0.000000	5.740218	1.793909	2.852852	0.000000	0.000000	0.000000	0.188404	0.061021	-0.099316	0.000000	0.000000	0.000000	0.428465	0.231501	0.428465	0.231501	0.428465	0.252694	0.428465	0.574022	31.592701	
2.000000	3.000000	0.000000	0.000000	0.000000	0.620056	0.000000	0.000000	0.000000	0.000000	0.000000	6.200564	1.800448	2.843113	0.000000	0.000000	0.000000	0.231569	0.065398	-0.097388	0.000000	0.000000	0.000000	0.431653	0.232912	0.431653	0.232912	0.431653	0.253231	0.431653	0.620056	31.773802	
2.000000	3.000000	0.000000	0.000000	0.000000	0.666268	0.000000	0.000000	0.000000	0.000000	0.000000	6.662676	1.807424	2.833593	0.000000	0.000000	0.000000	0.275039	0.069759	-0.095206	0.000000	0.000000	0.000000	0.434699	0.234276	0.434699	0.234276	0.434699	0.253839	0.434699	0.666268	31.873818	
2.000000	3.000000	0.000000	0.000000	0.000000	0.712631	0.000000	0.000000	0.000000	0.000000	0.000000	7.126313	1.814833	2.824316	0.000000	0.000000	0.000000	0.318798	0.074084	-0.092765	0.000000	0.000000	0.000000	0.437593	0.235589	0.437593	0.235589	0.437593	0.254513	0.437593	0.712631	32.054356	
2.000000	3.000000	0.000000	0.000000	0.000000	0.759124	0.000000	0.000000	0.000000	0.000000	0.000000	7.591236	1.822668	2.815310	0.000000	0.000000	0.000000	0.362831	0.078356	-0.090061	0.000000	0.000000	0.000000	0.440326	0.236847	0.440326	0.236847	0.440326	0.255248	0.440326	0.759124	32.154350	
2.000000	3.000000	0.000000	0.000000	0.000000	0.805721	0.000000	0.000000	0.000000	0.000000	0.000000	8.057207	1.830924	2.806601	0.000000	0.000000	0.000000	0.407120	0.082553	-0.087093	0.000000	0.000000	0.000000	0.442890	0.238045	0.442890	0.238045	0.442890	0.256041	0.442890	0.805721	32.299552	
2.000000	3.000000	0.000000	0.000000	0.000000	0.852400	0.000000	0.000000	0.000000	0.000000	0.000000	8.523996	1.839589	2.798215	0.000000	0.000000	0.000000	0.451648	0.086656	-0.083861	0.000000	0.000000	0.000000	0.445280	0.239179	0.445280	0.239179	0.445280	0.256885	0.445280	0.852400	32.399525	
2.000000	3.000000	0.000000	0.000000	0.000000	0.899138	0.000000	0.000000	0.000000	0.000000	0.000000	8.991377	1.848654	2.790178	0.000000	0.000000	0.000000	0.496397	0.090645	-0.080369	0.000000	0.000000	0.000000	0.447490	0.240248	0.447490	0.240248	0.447490	0.257777	0.447490	0.899138	32.500092	
2.000000	3.000000	0.000000	0.000000	0.000000	0.945913	0.000000	0.000000	0.000000	0.000000	0.000000	9.459131	1.858104	2.782516	0.000000	0.000000	0.000000	0.541348	0.094499	-0.076621	0.000000	0.000000	0.000000	0.449517	0.241248	0.449517	0.241248	0.449517	0.258710	0.449517	0.945913	32.599562	
2.000000	3.000000	0.000000	0.000000	0.000000	0.992705	0.000000	0.000000	0.000000	0.000000	0.000000	9.927049	1.867923	2.775253	0.000000	0.000000	0.000000	0.586484	0.098198	-0.072623	0.000000	0.000000	0.000000	0.451357	0.242178	0.451357	0.242178	0.451357	0.259681	0.451357	0.992705	32.783343	
2.000000	3.000000	0.000000	0.000000	0.000000	1.039493	0.000000	0.000000	0.000000	0.000000	0.000000	10.394932	1.878096	2.768415	0.000000	0.000000	0.000000	0.631785	0.101722	-0.068383	0.000000	0.000000	0.000000	0.453009	0.243036	0.453009	0.243036	0.453009	0.260682	0.453009	1.039493	32.883710	
2.000000	3.000000	0.000000	0.000000	0.000000	1.086259	0.000000	0.000000	0.000000	0.000000	0.000000	10.862589	1.888601	2.762024	0.000000	0.000000	0.000000	0.677232	0.105053	-0.063913	0.000000	0.000000	0.000000	0.454474	0.243822	0.454474	0.243822	0.454474	0.261710	0.454474	1.086259	33.039877	
2.000000	3.000000	0.000000	0.000000	0.000000	1.132984	0.000000	0.000000	0.000000	0.000000	0.000000	11.329843	1.899418	2.756101	0.000000	0.000000	0.000000	0.722807	0.108172	-0.059223	0.000000	0.000000	0.000000	0.455752	0.244534	0.455752	0.244534	0.455752	0.262759	0.455752	1.132984	33.140217	
2.000000	3.000000	0.000000	0.000000	0.000000	1.179653	0.000000	0.000000	0.000000	0.000000	0.000000	11.796526	1.910524	2.750669	0.000000	0.000000	0.000000	0.768492	0.111063	-0.054329	0.000000	0.000000	0.000000	0.456845	0.245173	0.456845	0.245173	0.456845	0.263824	0.456845	1.179653	33.283553	
