2.000000	3.000000	0.000000	0.000000	0.000000	0.000000	0.000000	0.000000	0.000000	0.000000	0.000000	0.000000	0.000000	0.000000	0.000000	0.000000	0.000000	0.000000	0.000000	0.000000	0.000000	0.000000	0.000000	0.000000	0.415411	0.783820	0.000000	0.000000	3.605551	0.982794	0.982794	0.141064	
2.000000	3.000000	0.000000	0.000000	0.000000	0.000000	0.000000	0.000000	0.000000	0.000000	0.000000	0.000000	0.011765	0.009415	0.000000	0.000000	0.000000	0.059826	0.069612	0.067114	0.000000	0.000000	0.000000	0.418879	0.451145	0.747237	0.073500	0.418879	3.591194	0.924239	0.984065	0.557548	
2.000000	3.000000	0.000000	0.000000	0.000000	0.000000	0.000000	0.000000	0.000000	0.000000	0.000000	0.000000	0.031575	0.031339	0.000000	0.000000	0.000000	0.187148	0.108750	0.135168	0.000000	0.000000	0.000000	0.750492	0.522687	0.663774	0.132000	0.750492	3.561972	0.798141	0.985289	0.754598	
2.000000	3.000000	0.000000	0.000000	0.000000	0.000000	0.000000	0.000000	0.000000	0.000000	0.000000	0.000000	0.058311	0.061180	0.000000	0.000000	0.000000	0.334412	0.144417	0.163258	0.000000	0.000000	0.000000	0.712094	0.594878	0.559312	0.190000	0.712094	3.522332	0.652521	0.986933	0.991882	
2.000000	3.000000	0.000000	0.000000	0.000000	0.000000	0.000000	0.000000	0.000000	0.000000	0.000000	0.000000	0.114673	0.117810	0.000000	0.000000	0.000000	0.515424	0.201703	0.206939	0.000000	0.000000	0.000000	0.537561	0.665234	0.421795	0.277500	0.537561	3.444049	0.476099	0.991523	1.215912	
2.000000	3.000000	0.000000	0.000000	0.000000	0.000000	0.000000	0.000000	0.000000	0.000000	0.000000	0.000000	0.159510	0.166127	0.000000	0.000000	0.000000	0.624338	0.231478	0.260350	0.000000	0.000000	0.000000	0.506145	0.697498	0.334056	0.340000	0.506145	3.379088	0.370462	0.994800	1.435458	
2.000000	3.000000	0.000000	0.000000	0.000000	0.000000	0.000000	0.000000	0.000000	0.000000	0.000000	0.000000	0.211181	0.222047	0.000000	0.000000	0.000000	0.705640	0.266026	0.303000	0.000000	0.000000	0.000000	0.387463	0.716089	0.267749	0.399000	0.387463	3.304073	0.293057	0.998697	1.651251	
2.000000	3.000000	0.000000	0.000000	0.000000	0.000000	0.000000	0.000000	0.000000	0.000000	0.000000	0.000000	0.270466	0.288233	0.000000	0.000000	0.000000	0.770068	0.297433	0.351177	0.000000	0.000000	0.000000	0.300197	0.727393	0.215305	0.458000	0.300197	3.216359	0.232986	1.003054	1.865000	
2.000000	3.000000	0.000000	0.000000	0.000000	0.000000	0.000000	0.000000	0.000000	0.000000	0.000000	0.000000	0.334593	0.365275	0.000000	0.000000	0.000000	0.819156	0.328422	0.402755	0.000000	0.000000	0.000000	0.233874	0.733906	0.175561	0.518500	0.233874	3.116947	0.187952	1.007108	2.077370	
2.000000	3.000000	0.000000	0.000000	0.000000	0.000000	0.000000	0.000000	0.000000	0.000000	0.000000	0.000000	0.405023	0.451915	0.000000	0.000000	0.000000	0.859040	0.356842	0.456175	0.000000	0.000000	0.000000	0.185005	0.737677	0.144002	0.578500	0.185005	3.006109	0.152473	1.011513	2.291451	
2.000000	3.000000	0.000000	0.000000	0.000000	0.000000	0.000000	0.000000	0.000000	0.000000	0.000000	0.000000	0.519251	0.604225	0.000000	0.000000	0.000000	0.908128	0.392620	0.534597	0.000000	0.000000	0.000000	0.129154	0.740227	0.104959	0.663000	0.129154	2.816444	0.109070	1.017198	2.529158	
2.000000	3.000000	0.000000	0.000000	0.000000	0.000000	0.000000	0.000000	0.000000	0.000000	0.000000	0.000000	0.601017	0.719061	0.000000	0.000000	0.000000	0.937274	0.415561	0.594944	0.000000	0.000000	0.000000	0.115192	0.740343	0.081384	0.725500	0.115192	2.675787	0.083354	1.020628	2.740491	
2.000000	3.000000	0.000000	0.000000	0.000000	0.000000	0.000000	0.000000	0.000000	0.000000	0.000000	0.000000	0.685019	0.841082	0.000000	0.000000	0.000000	0.958750	0.412296	0.611037	0.000000	0.000000	0.000000	0.090757	0.738939	0.064456	0.737000	0.090757	2.527865	0.064968	1.023718	2.958532	
2.000000	3.000000	0.000000	0.000000	0.000000	0.000000	0.000000	0.000000	0.000000	0.000000	0.000000	0.000000	0.766268	0.965055	0.000000	0.000000	0.000000	0.978692	0.402760	0.618506	0.000000	0.000000	0.000000	0.073304	0.736437	0.047525	0.738000	0.073304	2.379726	0.047085	1.025777	3.173083	
2.000000	3.000000	0.000000	0.000000	0.000000	0.000000	0.000000	0.000000	0.000000	0.000000	0.000000	0.000000	0.844726	1.089990	0.000000	0.000000	0.000000	0.997100	0.393637	0.620737	0.000000	0.000000	0.000000	0.041888	0.732606	0.030553	0.735000	0.041888	2.232218	0.029717	1.026817	3.387221	
2.000000	3.000000	0.000000	0.000000	0.000000	0.000000	0.000000	0.000000	0.000000	0.000000	0.000000	0.000000	0.962039	1.276594	0.000000	0.000000	0.000000	1.007838	0.386318	0.620005	0.000000	0.000000	0.000000	0.027925	0.723483	0.022112	0.730500	0.027925	2.011838	0.020869	1.028707	3.613558	
2.000000	3.000000	0.000000	0.000000	0.000000	0.000000	0.000000	0.000000	0.000000	0.000000	0.000000	0.000000	1.038830	1.400758	0.000000	0.000000	0.000000	1.015508	0.378734	0.619402	0.000000	0.000000	0.000000	0.031416	0.714842	0.015296	0.726000	0.031416	1.865858	0.014122	1.029630	3.852267	
2.000000	3.000000	0.000000	0.000000	0.000000	0.000000	0.000000	0.000000	0.000000	0.000000	0.000000	0.000000	1.113768	1.523887	0.000000	0.000000	0.000000	1.021644	0.370971	0.611238	0.000000	0.000000	0.000000	0.017453	0.703527	0.009370	0.715000	0.017453	1.721719	0.008452	1.030096	4.068049	
2.000000	3.000000	0.000000	0.000000	0.000000	0.000000	0.000000	0.000000	0.000000	0.000000	0.000000	0.000000	1.186811	1.644986	0.000000	0.000000	0.000000	1.026246	0.363492	0.605241	0.000000	0.000000	0.000000	0.017453	0.688981	0.004581	0.706000	0.017453	1.580297	0.004033	1.030279	4.290483	
2.000000	3.000000	0.000000	0.000000	0.000000	0.000000	0.000000	0.000000	0.000000	0.000000	0.000000	0.000000	1.294973	1.824310	0.000000	0.000000	0.000000	1.027780	0.355435	0.587907	0.000000	0.000000	0.000000	-0.003491	0.659167	0.003352	0.687000	-0.003491	1.370879	0.002839	1.030619	4.504313	
2.000000	3.000000	0.000000	0.000000	0.000000	0.000000	0.000000	0.000000	0.000000	0.000000	0.000000	0.000000	1.365228	1.941312	0.000000	0.000000	0.000000	1.029314	0.349446	0.581009	0.000000	0.000000	0.000000	0.000000	0.632889	0.001660	0.678000	0.000000	1.234406	0.001369	1.030683	4.723500	
2.000000	3.000000	0.000000	0.000000	0.000000	0.000000	0.000000	0.000000	0.000000	0.000000	0.000000	0.000000	1.432104	2.054573	0.000000	0.000000	0.000000	1.032382	0.327274	0.554070	0.000000	0.000000	0.000000	0.020944	0.601146	-0.003116	0.643500	0.020944	1.102877	-0.002503	1.029879	4.941108	
2.000000	3.000000	0.000000	0.000000	0.000000	0.000000	0.000000	0.000000	0.000000	0.000000	0.000000	0.000000	1.497101	2.161696	0.000000	0.000000	0.000000	1.032382	0.321510	0.538294	0.000000	0.000000	0.000000	0.000000	0.564011	-0.002468	0.627000	0.000000	0.977579	-0.001933	1.030449	5.156508	
2.000000	3.000000	0.000000	0.000000	0.000000	0.000000	0.000000	0.000000	0.000000	0.000000	0.000000	0.000000	1.557568	2.266242	0.000000	0.000000	0.000000	1.035450	0.296646	0.500143	0.000000	0.000000	0.000000	0.000000	0.520949	-0.009486	0.581500	0.000000	0.856823	-0.007252	1.028198	5.369145	
2.000000	3.000000	0.000000	0.000000	0.000000	0.000000	0.000000	0.000000	0.000000	0.000000	0.000000	0.000000	1.614173	2.360630	0.000000	0.000000	0.000000	1.033916	0.280800	0.467682	0.000000	0.000000	0.000000	-0.013963	0.474902	-0.008110	0.545500	-0.013963	0.746764	-0.006071	1.027845	5.586210	
2.000000	3.000000	0.000000	0.000000	0.000000	0.000000	0.000000	0.000000	0.000000	0.000000	0.000000	0.000000	1.693201	2.494244	0.000000	0.000000	0.000000	1.035450	0.250853	0.424990	0.000000	0.000000	0.000000	0.006981	0.398230	-0.013626	0.493500	0.006981	0.591536	-0.009923	1.025527	5.868975	
2.000000	3.000000	0.000000	0.000000	0.000000	0.000000	0.000000	0.000000	0.000000	0.000000	0.000000	0.000000	1.764535	2.612653	0.000000	0.000000	0.000000	1.029314	0.229529	0.372485	0.000000	0.000000	0.000000	-0.031416	0.318453	-0.006620	0.437500	-0.031416	0.453301	-0.004720	1.024594	6.105768	
2.000000	3.000000	0.000000	0.000000	0.000000	0.000000	0.000000	0.000000	0.000000	0.000000	0.000000	0.000000	1.805320	2.681067	0.000000	0.000000	0.000000	1.032382	0.189977	0.326240	0.000000	0.000000	0.000000	0.027925	0.267876	-0.013638	0.377500	0.027925	0.373656	-0.009625	1.022757	6.321659	
2.000000	3.000000	0.000000	0.000000	0.000000	0.000000	0.000000	0.000000	0.000000	0.000000	0.000000	0.000000	1.839651	2.739767	0.000000	0.000000	0.000000	1.035450	0.167146	0.278729	0.000000	0.000000	0.000000	-0.010472	0.222337	-0.024096	0.325000	-0.010472	0.305668	-0.016882	1.018568	6.537720	
2.000000	3.000000	0.000000	0.000000	0.000000	0.000000	0.000000	0.000000	0.000000	0.000000	0.000000	0.000000	1.871152	2.788715	0.000000	0.000000	0.000000	1.026246	0.145502	0.228120	0.000000	0.000000	0.000000	-0.041888	0.181906	-0.004402	0.270500	-0.041888	0.247474	-0.003067	1.023179	6.768641	
2.000000	3.000000	0.000000	0.000000	0.000000	0.000000	0.000000	0.000000	0.000000	0.000000	0.000000	0.000000	1.893575	2.827944	0.000000	0.000000	0.000000	1.029314	0.106689	0.177388	0.000000	0.000000	0.000000	0.000000	0.149684	-0.017945	0.207000	0.000000	0.202310	-0.012463	1.016851	7.015553	
2.000000	3.000000	0.000000	0.000000	0.000000	0.000000	0.000000	0.000000	0.000000	0.000000	0.000000	0.000000	1.921210	2.871389	0.000000	0.000000	0.000000	1.024712	0.081178	0.128534	0.000000	0.000000	0.000000	-0.017453	0.112269	-0.005152	0.152000	-0.017453	0.150826	-0.003567	1.021145	7.246815	
2.000000	3.000000	0.000000	0.000000	0.000000	0.000000	0.000000	0.000000	0.000000	0.000000	0.000000	0.000000	1.935543	2.895645	0.000000	0.000000	0.000000	1.023178	0.072037	0.117120	0.000000	0.000000	0.000000	-0.003491	0.091532	-0.008237	0.137500	-0.003491	0.122657	-0.005696	1.017482	7.466114	
2.000000	3.000000	0.000000	0.000000	0.000000	0.000000	0.000000	0.000000	0.000000	0.000000	0.000000	0.000000	1.947012	2.914358	0.000000	0.000000	0.000000	1.026246	0.051426	0.086934	0.000000	0.000000	0.000000	0.006981	0.075274	-0.013776	0.101000	0.006981	0.100709	-0.009518	1.016728	7.687235	
2.000000	3.000000	0.000000	0.000000	0.000000	0.000000	0.000000	0.000000	0.000000	0.000000	0.000000	0.000000	1.956283	2.928615	0.000000	0.000000	0.000000	1.021644	0.044883	0.066324	0.000000	0.000000	0.000000	-0.024435	0.062634	-0.000497	0.080000	-0.024435	0.083708	-0.000343	1.021301	7.914286	
2.000000	3.000000	0.000000	0.000000	0.000000	0.000000	0.000000	0.000000	0.000000	0.000000	0.000000	0.000000	1.967343	2.947015	0.000000	0.000000	0.000000	1.020110	0.032966	0.053686	0.000000	0.000000	0.000000	0.000000	0.046620	-0.002413	0.063000	0.000000	0.062241	-0.001666	1.018444	8.134793	
2.000000	3.000000	0.000000	0.000000	0.000000	0.000000	0.000000	0.000000	0.000000	0.000000	0.000000	0.000000	1.973796	2.956728	0.000000	0.000000	0.000000	1.020110	0.027472	0.044739	0.000000	0.000000	0.000000	0.000000	0.037907	0.008973	0.052500	0.000000	0.050587	0.006191	1.026301	8.357870	
2.000000	3.000000	0.000000	0.000000	0.000000	0.000000	0.000000	0.000000	0.000000	0.000000	0.000000	0.000000	1.977964	2.964656	0.000000	0.000000	0.000000	1.021644	0.022259	0.037377	0.000000	0.000000	0.000000	0.003491	0.031219	-0.012096	0.043500	0.003491	0.041651	-0.008345	1.013299	8.577964	
