2.000000	3.000000	0.000000	0.000000	0.000000	0.982794	0.000000	0.000000	0.000000	0.000000	0.000000	9.827937	0.040000	-0.016807	0.000000	0.000000	0.000000	0.098279	0.400000	-0.168068	0.000000	0.000000	0.000000	0.982794	-0.061762	0.982794	-0.061762	0.982794	3.605551	0.982794	0.982794	0.101727	
2.000000	3.000000	0.000000	0.000000	0.000000	0.994637	0.000000	0.000000	0.000000	0.000000	0.000000	9.946365	0.086218	-0.027653	0.000000	0.000000	0.000000	0.187915	0.462183	-0.108459	0.000000	0.000000	0.000000	0.896357	0.028161	0.896357	0.028161	0.896357	3.597600	0.896357	0.994637	0.300009	
2.000000	3.000000	0.000000	0.000000	0.000000	1.007107	0.000000	0.000000	0.000000	0.000000	0.000000	10.071071	0.136888	-0.032277	0.000000	0.000000	0.000000	0.269834	0.506698	-0.046248	0.000000	0.000000	0.000000	0.819192	0.104244	0.819192	0.104244	0.819192	3.581793	0.819192	1.007107	0.399976	
2.000000	3.000000	0.000000	0.000000	0.000000	1.019837	0.000000	0.000000	0.000000	0.000000	0.000000	10.198365	0.190503	-0.030756	0.000000	0.000000	0.000000	0.344835	0.536148	0.015214	0.000000	0.000000	0.000000	0.750002	0.168417	0.750002	0.168417	0.750002	3.558917	0.750002	1.019837	0.501974	
2.000000	3.000000	0.000000	0.000000	0.000000	1.032553	0.000000	0.000000	0.000000	0.000000	0.000000	10.325526	0.245817	-0.023384	0.000000	0.000000	0.000000	0.413606	0.553142	0.073718	0.000000	0.000000	0.000000	0.687718	0.222377	0.687718	0.222377	0.687718	3.529839	0.687718	1.032553	0.605288	
2.000000	3.000000	0.000000	0.000000	0.000000	1.045059	0.000000	0.000000	0.000000	0.000000	0.000000	10.450591	0.301827	-0.010593	0.000000	0.000000	0.000000	0.476752	0.560100	0.127913	0.000000	0.000000	0.000000	0.631453	0.267596	0.631453	0.267596	0.631453	3.495427	0.631453	1.045059	0.699538	
2.000000	3.000000	0.000000	0.000000	0.000000	1.057218	0.000000	0.000000	0.000000	0.000000	0.000000	10.572181	0.357743	0.007115	0.000000	0.000000	0.000000	0.534798	0.559163	0.177078	0.000000	0.000000	0.000000	0.580467	0.305341	0.580467	0.305341	0.580467	3.456510	0.580467	1.057218	0.799632	
2.000000	3.000000	0.000000	0.000000	0.000000	1.068936	0.000000	0.000000	0.000000	0.000000	0.000000	10.689362	0.412960	0.029207	0.000000	0.000000	0.000000	0.588212	0.552165	0.220925	0.000000	0.000000	0.000000	0.534138	0.336703	0.534138	0.336703	0.534138	3.413849	0.534138	1.068936	0.899615	
2.000000	3.000000	0.000000	0.000000	0.000000	1.080153	0.000000	0.000000	0.000000	0.000000	0.000000	10.801533	0.467024	0.055154	0.000000	0.000000	0.000000	0.637406	0.540637	0.259466	0.000000	0.000000	0.000000	0.491941	0.362609	0.491941	0.362609	0.491941	3.368131	0.491941	1.080153	0.999718	
2.000000	3.000000	0.000000	0.000000	0.000000	1.090834	0.000000	0.000000	0.000000	0.000000	0.000000	10.908344	0.519607	0.084445	0.000000	0.000000	0.000000	0.682749	0.525836	0.292906	0.000000	0.000000	0.000000	0.453428	0.383854	0.453428	0.383854	0.453428	3.319960	0.453428	1.090834	1.099630	
2.000000	3.000000	0.000000	0.000000	0.000000	1.100963	0.000000	0.000000	0.000000	0.000000	0.000000	11.009627	0.570485	0.116601	0.000000	0.000000	0.000000	0.724570	0.508775	0.321563	0.000000	0.000000	0.000000	0.418214	0.401115	0.418214	0.401115	0.418214	3.269866	0.418214	1.100963	1.199535	
2.000000	3.000000	0.000000	0.000000	0.000000	1.110535	0.000000	0.000000	0.000000	0.000000	0.000000	11.105350	0.619510	0.151183	0.000000	0.000000	0.000000	0.763167	0.490257	0.345821	0.000000	0.000000	0.000000	0.385965	0.414967	0.385965	0.414967	0.385965	3.218308	0.385965	1.110535	1.299679	
2.000000	3.000000	0.000000	0.000000	0.000000	1.119558	0.000000	0.000000	0.000000	0.000000	0.000000	11.195579	0.666602	0.187792	0.000000	0.000000	0.000000	0.798806	0.470912	0.366089	0.000000	0.000000	0.000000	0.356391	0.425901	0.356391	0.425901	0.356391	3.165677	0.356391	1.119558	1.399573	
2.000000	3.000000	0.000000	0.000000	0.000000	1.128045	0.000000	0.000000	0.000000	0.000000	0.000000	11.280447	0.711724	0.226070	0.000000	0.000000	0.000000	0.831730	0.451227	0.382778	0.000000	0.000000	0.000000	0.329239	0.434337	0.329239	0.434337	0.329239	3.112309	0.329239	1.128045	1.499731	
2.000000	3.000000	0.000000	0.000000	0.000000	1.136014	0.000000	0.000000	0.000000	0.000000	0.000000	11.360136	0.754881	0.265698	0.000000	0.000000	0.000000	0.862158	0.431569	0.396284	0.000000	0.000000	0.000000	0.304284	0.440631	0.304284	0.440631	0.304284	3.058487	0.304284	1.136014	1.599644	
2.000000	3.000000	0.000000	0.000000	0.000000	1.143486	0.000000	0.000000	0.000000	0.000000	0.000000	11.434858	0.796103	0.306396	0.000000	0.000000	0.000000	0.890291	0.412214	0.406980	0.000000	0.000000	0.000000	0.281328	0.445087	0.281328	0.445087	0.281328	3.004451	0.281328	1.143486	1.699608	
2.000000	3.000000	0.000000	0.000000	0.000000	1.150484	0.000000	0.000000	0.000000	0.000000	0.000000	11.504844	0.835438	0.347917	0.000000	0.000000	0.000000	0.916310	0.393358	0.415209	0.000000	0.000000	0.000000	0.260193	0.447967	0.260193	0.447967	0.260193	2.950402	0.260193	1.150484	1.799594	
2.000000	3.000000	0.000000	0.000000	0.000000	1.157034	0.000000	0.000000	0.000000	0.000000	0.000000	11.570336	0.872953	0.390045	0.000000	0.000000	0.000000	0.940383	0.375142	0.421283	0.000000	0.000000	0.000000	0.240723	0.449495	0.240723	0.449495	0.240723	2.896506	0.240723	1.157034	1.899611	
2.000000	3.000000	0.000000	0.000000	0.000000	1.163158	0.000000	0.000000	0.000000	0.000000	0.000000	11.631579	0.908718	0.432593	0.000000	0.000000	0.000000	0.962660	0.357658	0.425483	0.000000	0.000000	0.000000	0.222775	0.449860	0.222775	0.449860	0.222775	2.842903	0.222775	1.163158	1.999717	
2.000000	3.000000	0.000000	0.000000	0.000000	1.168882	0.000000	0.000000	0.000000	0.000000	0.000000	11.688815	0.942815	0.475399	0.000000	0.000000	0.000000	0.983282	0.340963	0.428060	0.000000	0.000000	0.000000	0.206221	0.449227	0.206221	0.449227	0.206221	2.789708	0.206221	1.168882	2.099641	
2.000000	3.000000	0.000000	0.000000	0.000000	1.174228	0.000000	0.000000	0.000000	0.000000	0.000000	11.742284	0.975323	0.518323	0.000000	0.000000	0.000000	1.002377	0.325086	0.429235	0.000000	0.000000	0.000000	0.190946	0.447739	0.190946	0.447739	0.190946	2.737015	0.190946	1.174228	2.199708	
2.000000	3.000000	0.000000	0.000000	0.000000	1.179222	0.000000	0.000000	0.000000	0.000000	0.000000	11.792216	1.006327	0.561243	0.000000	0.000000	0.000000	1.020061	0.310035	0.429204	0.000000	0.000000	0.000000	0.176845	0.445515	0.176845	0.445515	0.176845	2.684899	0.176845	1.179222	2.299639	
2.000000	3.000000	0.000000	0.000000	0.000000	1.183883	0.000000	0.000000	0.000000	0.000000	0.000000	11.838834	1.035907	0.604057	0.000000	0.000000	0.000000	1.036444	0.295804	0.428139	0.000000	0.000000	0.000000	0.163822	0.442662	0.163822	0.442662	0.163822	2.633424	0.163822	1.183883	2.399843	
2.000000	3.000000	0.000000	0.000000	0.000000	1.188235	0.000000	0.000000	0.000000	0.000000	0.000000	11.882351	1.064144	0.646676	0.000000	0.000000	0.000000	1.051623	0.282374	0.426192	0.000000	0.000000	0.000000	0.151792	0.439270	0.151792	0.439270	0.151792	2.582638	0.151792	1.188235	2.499734	
2.000000	3.000000	0.000000	0.000000	0.000000	1.192297	0.000000	0.000000	0.000000	0.000000	0.000000	11.922968	1.091116	0.689026	0.000000	0.000000	0.000000	1.065690	0.269718	0.423492	0.000000	0.000000	0.000000	0.140674	0.435417	0.140674	0.435417	0.140674	2.532579	0.140674	1.192297	2.599631	
2.000000	3.000000	0.000000	0.000000	0.000000	1.196088	0.000000	0.000000	0.000000	0.000000	0.000000	11.960876	1.116897	0.731041	0.000000	0.000000	0.000000	1.078730	0.257806	0.420154	0.000000	0.000000	0.000000	0.130397	0.431172	0.130397	0.431172	0.130397	2.483279	0.130397	1.196088	2.699791	
2.000000	3.000000	0.000000	0.000000	0.000000	1.199626	0.000000	0.000000	0.000000	0.000000	0.000000	11.996256	1.141557	0.772669	0.000000	0.000000	0.000000	1.090819	0.246602	0.416279	0.000000	0.000000	0.000000	0.120896	0.426595	0.120896	0.426595	0.120896	2.434758	0.120896	1.199626	2.799808	
2.000000	3.000000	0.000000	0.000000	0.000000	1.202928	0.000000	0.000000	0.000000	0.000000	0.000000	12.029277	1.165164	0.813864	0.000000	0.000000	0.000000	1.102030	0.236068	0.411951	0.000000	0.000000	0.000000	0.112108	0.421736	0.112108	0.421736	0.112108	2.387033	0.112108	1.202928	2.899683	
2.000000	3.000000	0.000000	0.000000	0.000000	1.206010	0.000000	0.000000	0.000000	0.000000	0.000000	12.060098	1.187781	0.854589	0.000000	0.000000	0.000000	1.112428	0.226168	0.407247	0.000000	0.000000	0.000000	0.103980	0.416641	0.103980	0.416641	0.103980	2.340116	0.103980	1.206010	2.999626	
2.000000	3.000000	0.000000	0.000000	0.000000	1.208887	0.000000	0.000000	0.000000	0.000000	0.000000	12.088869	1.209467	0.894812	0.000000	0.000000	0.000000	1.122074	0.216862	0.402231	0.000000	0.000000	0.000000	0.096459	0.411349	0.096459	0.411349	0.096459	2.294012	0.096459	1.208887	3.099675	
2.000000	3.000000	0.000000	0.000000	0.000000	1.211573	0.000000	0.000000	0.000000	0.000000	0.000000	12.115728	1.230278	0.934508	0.000000	0.000000	0.000000	1.131024	0.208115	0.396960	0.000000	0.000000	0.000000	0.089499	0.405894	0.089499	0.405894	0.089499	2.248724	0.089499	1.211573	3.199675	
2.000000	3.000000	0.000000	0.000000	0.000000	1.214081	0.000000	0.000000	0.000000	0.000000	0.000000	12.140808	1.250267	0.973656	0.000000	0.000000	0.000000	1.139330	0.199890	0.391481	0.000000	0.000000	0.000000	0.083057	0.400307	0.083057	0.400307	0.083057	2.204253	0.083057	1.214081	3.299648	
2.000000	3.000000	0.000000	0.000000	0.000000	1.216423	0.000000	0.000000	0.000000	0.000000	0.000000	12.164228	1.269483	1.012240	0.000000	0.000000	0.000000	1.147039	0.192152	0.385837	0.000000	0.000000	0.000000	0.077093	0.394614	0.077093	0.394614	0.077093	2.160595	0.077093	1.216423	3.399735	
2.000000	3.000000	0.000000	0.000000	0.000000	1.218610	0.000000	0.000000	0.000000	0.000000	0.000000	12.186103	1.287970	1.050246	0.000000	0.000000	0.000000	1.154196	0.184869	0.380065	0.000000	0.000000	0.000000	0.071571	0.388837	0.071571	0.388837	0.071571	2.117746	0.071571	1.218610	3.499667	
2.000000	3.000000	0.000000	0.000000	0.000000	1.220654	0.000000	0.000000	0.000000	0.000000	0.000000	12.206539	1.305771	1.087666	0.000000	0.000000	0.000000	1.160842	0.178010	0.374196	0.000000	0.000000	0.000000	0.066458	0.382998	0.066458	0.382998	0.066458	2.075699	0.066458	1.220654	3.599720	
2.000000	3.000000	0.000000	0.000000	0.000000	1.222563	0.000000	0.000000	0.000000	0.000000	0.000000	12.225634	1.322925	1.124491	0.000000	0.000000	0.000000	1.167014	0.171545	0.368257	0.000000	0.000000	0.000000	0.061722	0.377115	0.061722	0.377115	0.061722	2.034448	0.061722	1.222563	3.699742	
2.000000	3.000000	0.000000	0.000000	0.000000	1.224348	0.000000	0.000000	0.000000	0.000000	0.000000	12.243480	1.339470	1.160719	0.000000	0.000000	0.000000	1.172747	0.165446	0.362271	0.000000	0.000000	0.000000	0.057334	0.371203	0.057334	0.371203	0.057334	1.993982	0.057334	1.224348	3.799765	
2.000000	3.000000	0.000000	0.000000	0.000000	1.226016	0.000000	0.000000	0.000000	0.000000	0.000000	12.260163	1.355438	1.196344	0.000000	0.000000	0.000000	1.178074	0.159687	0.356259	0.000000	0.000000	0.000000	0.053269	0.365276	0.053269	0.365276	0.053269	1.954292	0.053269	1.226016	3.899724	
2.000000	3.000000	0.000000	0.000000	0.000000	1.227576	0.000000	0.000000	0.000000	0.000000	0.000000	12.275762	1.370863	1.231368	0.000000	0.000000	0.000000	1.183025	0.154245	0.350237	0.000000	0.000000	0.000000	0.049502	0.359346	0.049502	0.359346	0.049502	1.915368	0.049502	1.227576	3.999701	
2.000000	3.000000	0.000000	0.000000	0.000000	1.229035	0.000000	0.000000	0.000000	0.000000	0.000000	12.290352	1.385773	1.265790	0.000000	0.000000	0.000000	1.187626	0.149098	0.344222	0.000000	0.000000	0.000000	0.046011	0.353424	0.046011	0.353424	0.046011	1.877198	0.046011	1.229035	4.099724	
2.000000	3.000000	0.000000	0.000000	0.000000	1.230400	0.000000	0.000000	0.000000	0.000000	0.000000	12.304000	1.400195	1.299613	0.000000	0.000000	0.000000	1.191903	0.144223	0.338225	0.000000	0.000000	0.000000	0.042774	0.347520	0.042774	0.347520	0.042774	1.839771	0.042774	1.230400	4.199740	
2.000000	3.000000	0.000000	0.000000	0.000000	1.231677	0.000000	0.000000	0.000000	0.000000	0.000000	12.316771	1.414155	1.332838	0.000000	0.000000	0.000000	1.195880	0.139603	0.332258	0.000000	0.000000	0.000000	0.039774	0.341642	0.039774	0.341642	0.039774	1.803076	0.039774	1.231677	4.299675	
2.000000	3.000000	0.000000	0.000000	0.000000	1.232873	0.000000	0.000000	0.000000	0.000000	0.000000	12.328726	1.427677	1.365471	0.000000	0.000000	0.000000	1.199580	0.135218	0.326329	0.000000	0.000000	0.000000	0.036992	0.335798	0.036992	0.335798	0.036992	1.767100	0.036992	1.232873	4.399692	
2.000000	3.000000	0.000000	0.000000	0.000000	1.233992	0.000000	0.000000	0.000000	0.000000	0.000000	12.339918	1.440782	1.397516	0.000000	0.000000	0.000000	1.203021	0.131054	0.320448	0.000000	0.000000	0.000000	0.034412	0.329993	0.034412	0.329993	0.034412	1.731831	0.034412	1.233992	4.499836	
2.000000	3.000000	0.000000	0.000000	0.000000	1.235040	0.000000	0.000000	0.000000	0.000000	0.000000	12.350400	1.453492	1.428978	0.000000	0.000000	0.000000	1.206223	0.127093	0.314621	0.000000	0.000000	0.000000	0.032019	0.324233	0.032019	0.324233	0.032019	1.697256	0.032019	1.235040	4.599682	
2.000000	3.000000	0.000000	0.000000	0.000000	1.236022	0.000000	0.000000	0.000000	0.000000	0.000000	12.360221	1.465824	1.459864	0.000000	0.000000	0.000000	1.209203	0.123323	0.308853	0.000000	0.000000	0.000000	0.029799	0.318524	0.029799	0.318524	0.029799	1.663364	0.029799	1.236022	4.699681	
2.000000	3.000000	0.000000	0.000000	0.000000	1.236942	0.000000	0.000000	0.000000	0.000000	0.000000	12.369423	1.477797	1.490179	0.000000	0.000000	0.000000	1.211977	0.119730	0.303150	0.000000	0.000000	0.000000	0.027740	0.312870	0.027740	0.312870	0.027740	1.630142	0.027740	1.236942	4.799731	
2.000000	3.000000	0.000000	0.000000	0.000000	1.237805	0.000000	0.000000	0.000000	0.000000	0.000000	12.378049	1.489427	1.519930	0.000000	0.000000	0.000000	1.214559	0.116302	0.297515	0.000000	0.000000	0.000000	0.025828	0.307274	0.025828	0.307274	0.025828	1.597578	0.025828	1.237805	4.899697	
2.000000	3.000000	0.000000	0.000000	0.000000	1.238614	0.000000	0.000000	0.000000	0.000000	0.000000	12.386138	1.500730	1.549125	0.000000	0.000000	0.000000	1.216965	0.113028	0.291953	0.000000	0.000000	0.000000	0.024054	0.301740	0.024054	0.301740	0.024054	1.565660	0.024054	1.238614	4.999712	
2.000000	3.000000	0.000000	0.000000	0.000000	1.239373	0.000000	0.000000	0.000000	0.000000	0.000000	12.393725	1.511720	1.577772	0.000000	0.000000	0.000000	1.219206	0.109898	0.286465	0.000000	0.000000	0.000000	0.022408	0.296270	0.022408	0.296270	0.022408	1.534375	0.022408	1.239373	5.099762	
2.000000	3.000000	0.000000	0.000000	0.000000	1.240084	0.000000	0.000000	0.000000	0.000000	0.000000	12.400844	1.522410	1.605877	0.000000	0.000000	0.000000	1.221294	0.106903	0.281054	0.000000	0.000000	0.000000	0.020879	0.290867	0.020879	0.290867	0.020879	1.503712	0.020879	1.240084	5.199727	
2.000000	3.000000	0.000000	0.000000	0.000000	1.240753	0.000000	0.000000	0.000000	0.000000	0.000000	12.407526	1.532814	1.633449	0.000000	0.000000	0.000000	1.223239	0.104033	0.275721	0.000000	0.000000	0.000000	0.019459	0.285533	0.019459	0.285533	0.019459	1.473659	0.019459	1.240753	5.299736	
2.000000	3.000000	0.000000	0.000000	0.000000	1.241380	0.000000	0.000000	0.000000	0.000000	0.000000	12.413800	1.542942	1.660496	0.000000	0.000000	0.000000	1.225054	0.101280	0.270469	0.000000	0.000000	0.000000	0.018141	0.280270	0.018141	0.280270	0.018141	1.444203	0.018141	1.241380	5.399714	
2.000000	3.000000	0.000000	0.000000	0.000000	1.241969	0.000000	0.000000	0.000000	0.000000	0.000000	12.419693	1.552805	1.687026	0.000000	0.000000	0.000000	1.226745	0.098638	0.265298	0.000000	0.000000	0.000000	0.016916	0.275079	0.016916	0.275079	0.016916	1.415335	0.016916	1.241969	5.499758	
2.000000	3.000000	0.000000	0.000000	0.000000	1.242523	0.000000	0.000000	0.000000	0.000000	0.000000	12.425230	1.562415	1.713047	0.000000	0.000000	0.000000	1.228323	0.096099	0.260208	0.000000	0.000000	0.000000	0.015778	0.269961	0.015778	0.269961	0.015778	1.387041	0.015778	1.242523	5.599704	
2.000000	3.000000	0.000000	0.000000	0.000000	1.243043	0.000000	0.000000	0.000000	0.000000	0.000000	12.430434	1.571781	1.738567	0.000000	0.000000	0.000000	1.229795	0.093658	0.255201	0.000000	0.000000	0.000000	0.014721	0.264917	0.014721	0.264917	0.014721	1.359312	0.014721	1.243043	5.699903	
2.000000	3.000000	0.000000	0.000000	0.000000	1.243533	0.000000	0.000000	0.000000	0.000000	0.000000	12.435327	1.580912	1.763595	0.000000	0.000000	0.000000	1.231169	0.091307	0.250277	0.000000	0.000000	0.000000	0.013738	0.259947	0.013738	0.259947	0.013738	1.332135	0.013738	1.243533	5.799971	
2.000000	3.000000	0.000000	0.000000	0.000000	1.243993	0.000000	0.000000	0.000000	0.000000	0.000000	12.439930	1.589816	1.788138	0.000000	0.000000	0.000000	1.232451	0.089043	0.245435	0.000000	0.000000	0.000000	0.012824	0.255053	0.012824	0.255053	0.012824	1.305501	0.012824	1.243993	5.899953	
2.000000	3.000000	0.000000	0.000000	0.000000	1.244426	0.000000	0.000000	0.000000	0.000000	0.000000	12.444261	1.598502	1.812206	0.000000	0.000000	0.000000	1.233649	0.086859	0.240676	0.000000	0.000000	0.000000	0.011975	0.250235	0.011975	0.250235	0.011975	1.279398	0.011975	1.244426	5.999876	
2.000000	3.000000	0.000000	0.000000	0.000000	1.244834	0.000000	0.000000	0.000000	0.000000	0.000000	12.448337	1.606977	1.835806	0.000000	0.000000	0.000000	1.234767	0.084752	0.235998	0.000000	0.000000	0.000000	0.011185	0.245492	0.011185	0.245492	0.011185	1.253816	0.011185	1.244834	6.099779	
2.000000	3.000000	0.000000	0.000000	0.000000	1.245218	0.000000	0.000000	0.000000	0.000000	0.000000	12.452177	1.615249	1.858946	0.000000	0.000000	0.000000	1.235812	0.082716	0.231403	0.000000	0.000000	0.000000	0.010451	0.240826	0.010451	0.240826	0.010451	1.228746	0.010451	1.245218	6.199969	
2.000000	3.000000	0.000000	0.000000	0.000000	1.245579	0.000000	0.000000	0.000000	0.000000	0.000000	12.455793	1.623324	1.881635	0.000000	0.000000	0.000000	1.236789	0.080749	0.226888	0.000000	0.000000	0.000000	0.009767	0.236235	0.009767	0.236235	0.009767	1.204175	0.009767	1.245579	6.299773	
2.000000	3.000000	0.000000	0.000000	0.000000	1.245920	0.000000	0.000000	0.000000	0.000000	0.000000	12.459202	1.631208	1.903880	0.000000	0.000000	0.000000	1.237702	0.078847	0.222455	0.000000	0.000000	0.000000	0.009131	0.231719	0.009131	0.231719	0.009131	1.180096	0.009131	1.245920	6.399745	
2.000000	3.000000	0.000000	0.000000	0.000000	1.246242	0.000000	0.000000	0.000000	0.000000	0.000000	12.462415	1.638909	1.925690	0.000000	0.000000	0.000000	1.238556	0.077005	0.218101	0.000000	0.000000	0.000000	0.008539	0.227279	0.008539	0.227279	0.008539	1.156497	0.008539	1.246242	6.499747	
2.000000	3.000000	0.000000	0.000000	0.000000	1.246545	0.000000	0.000000	0.000000	0.000000	0.000000	12.465446	1.646431	1.947073	0.000000	0.000000	0.000000	1.239355	0.075221	0.213826	0.000000	0.000000	0.000000	0.007989	0.222913	0.007989	0.222913	0.007989	1.133370	0.007989	1.246545	6.599762	
2.000000	3.000000	0.000000	0.000000	0.000000	1.246831	0.000000	0.000000	0.000000	0.000000	0.000000	12.468306	1.653780	1.968036	0.000000	0.000000	0.000000	1.240102	0.073493	0.209629	0.000000	0.000000	0.000000	0.007476	0.218622	0.007476	0.218622	0.007476	1.110705	0.007476	1.246831	6.699783	
2.000000	3.000000	0.000000	0.000000	0.000000	1.247101	0.000000	0.000000	0.000000	0.000000	0.000000	12.471007	1.660962	1.988587	0.000000	0.000000	0.000000	1.240802	0.071817	0.205510	0.000000	0.000000	0.000000	0.006998	0.214405	0.006998	0.214405	0.006998	1.088494	0.006998	1.247101	6.799830	
2.000000	3.000000	0.000000	0.000000	0.000000	1.247356	0.000000	0.000000	0.000000	0.000000	0.000000	12.473557	1.667981	2.008733	0.000000	0.000000	0.000000	1.241458	0.070191	0.201466	0.000000	0.000000	0.000000	0.006553	0.210261	0.006553	0.210261	0.006553	1.066726	0.006553	1.247356	6.899842	
2.000000	3.000000	0.000000	0.000000	0.000000	1.247597	0.000000	0.000000	0.000000	0.000000	0.000000	12.475966	1.674842	2.028483	0.000000	0.000000	0.000000	1.242071	0.068612	0.197499	0.000000	0.000000	0.000000	0.006139	0.206190	0.006139	0.206190	0.006139	1.045393	0.006139	1.247597	6.999802	
2.000000	3.000000	0.000000	0.000000	0.000000	1.247824	0.000000	0.000000	0.000000	0.000000	0.000000	12.478244	1.681550	2.047844	0.000000	0.000000	0.000000	1.242647	0.067078	0.193605	0.000000	0.000000	0.000000	0.005753	0.202191	0.005753	0.202191	0.005753	1.024486	0.005753	1.247824	7.099961	
2.000000	3.000000	0.000000	0.000000	0.000000	1.248040	0.000000	0.000000	0.000000	0.000000	0.000000	12.480397	1.688109	2.066822	0.000000	0.000000	0.000000	1.243186	0.065588	0.189785	0.000000	0.000000	0.000000	0.005393	0.198263	0.005393	0.198263	0.005393	1.003998	0.005393	1.248040	7.200119	
2.000000	3.000000	0.000000	0.000000	0.000000	1.248244	0.000000	0.000000	0.000000	0.000000	0.000000	12.482435	1.694523	2.085426	0.000000	0.000000	0.000000	1.243692	0.064139	0.186037	0.000000	0.000000	0.000000	0.005057	0.194405	0.005057	0.194405	0.005057	0.983919	0.005057	1.248244	7.299814	
2.000000	3.000000	0.000000	0.000000	0.000000	1.248436	0.000000	0.000000	0.000000	0.000000	0.000000	12.484364	1.700796	2.103662	0.000000	0.000000	0.000000	1.244166	0.062730	0.182360	0.000000	0.000000	0.000000	0.004745	0.190617	0.004745	0.190617	0.004745	0.964242	0.004745	1.248436	7.399788	
2.000000	3.000000	0.000000	0.000000	0.000000	1.248619	0.000000	0.000000	0.000000	0.000000	0.000000	12.486191	1.706932	2.121537	0.000000	0.000000	0.000000	1.244612	0.061359	0.178753	0.000000	0.000000	0.000000	0.004453	0.186898	0.004453	0.186898	0.004453	0.944958	0.004453	1.248619	7.499819	
2.000000	3.000000	0.000000	0.000000	0.000000	1.248792	0.000000	0.000000	0.000000	0.000000	0.000000	12.487922	1.712934	2.139059	0.000000	0.000000	0.000000	1.245030	0.060024	0.175215	0.000000	0.000000	0.000000	0.004181	0.183246	0.004181	0.183246	0.004181	0.926059	0.004181	1.248792	7.599909	
2.000000	3.000000	0.000000	0.000000	0.000000	1.248956	0.000000	0.000000	0.000000	0.000000	0.000000	12.489563	1.718807	2.156233	0.000000	0.000000	0.000000	1.245422	0.058725	0.171745	0.000000	0.000000	0.000000	0.003927	0.179661	0.003927	0.179661	0.003927	0.907539	0.003927	1.248956	7.700433	
2.000000	3.000000	0.000000	0.000000	0.000000	1.249112	0.000000	0.000000	0.000000	0.000000	0.000000	12.491120	1.724552	2.173068	0.000000	0.000000	0.000000	1.245791	0.057458	0.168342	0.000000	0.000000	0.000000	0.003690	0.176143	0.003690	0.176143	0.003690	0.889389	0.003690	1.249112	7.799869	
2.000000	3.000000	0.000000	0.000000	0.000000	1.249260	0.000000	0.000000	0.000000	0.000000	0.000000	12.492597	1.730175	2.189568	0.000000	0.000000	0.000000	1.246138	0.056225	0.165004	0.000000	0.000000	0.000000	0.003468	0.172690	0.003468	0.172690	0.003468	0.871601	0.003468	1.249260	7.900069	
2.000000	3.000000	0.000000	0.000000	0.000000	1.249400	0.000000	0.000000	0.000000	0.000000	0.000000	12.493999	1.735677	2.205741	0.000000	0.000000	0.000000	1.246464	0.055022	0.161731	0.000000	0.000000	0.000000	0.003262	0.169300	0.003262	0.169300	0.003262	0.854170	0.003262	1.249400	7.999856	
2.000000	3.000000	0.000000	0.000000	0.000000	1.249533	0.000000	0.000000	0.000000	0.000000	0.000000	12.495331	1.741062	2.221593	0.000000	0.000000	0.000000	1.246771	0.053849	0.158521	0.000000	0.000000	0.000000	0.003069	0.165975	0.003069	0.165975	0.003069	0.837087	0.003069	1.249533	8.099846	
2.000000	3.000000	0.000000	0.000000	0.000000	1.249660	0.000000	0.000000	0.000000	0.000000	0.000000	12.496597	1.746332	2.237130	0.000000	0.000000	0.000000	1.247060	0.052705	0.155373	0.000000	0.000000	0.000000	0.002889	0.162711	0.002889	0.162711	0.002889	0.820345	0.002889	1.249660	8.199844	
2.000000	3.000000	0.000000	0.000000	0.000000	1.249780	0.000000	0.000000	0.000000	0.000000	0.000000	12.497801	1.751491	2.252359	0.000000	0.000000	0.000000	1.247332	0.051589	0.152287	0.000000	0.000000	0.000000	0.002720	0.159509	0.002720	0.159509	0.002720	0.803939	0.002720	1.249780	8.300063	
2.000000	3.000000	0.000000	0.000000	0.000000	1.249895	0.000000	0.000000	0.000000	0.000000	0.000000	12.498946	1.756541	2.267285	0.000000	0.000000	0.000000	1.247588	0.050500	0.149261	0.000000	0.000000	0.000000	0.002563	0.156367	0.002563	0.156367	0.002563	0.787860	0.002563	1.249895	8.399894	
2.000000	3.000000	0.000000	0.000000	0.000000	1.250004	0.000000	0.000000	0.000000	0.000000	0.000000	12.500037	1.761485	2.281914	0.000000	0.000000	0.000000	1.247830	0.049437	0.146293	0.000000	0.000000	0.000000	0.002415	0.153285	0.002415	0.153285	0.002415	0.772103	0.002415	1.250004	8.499845	
2.000000	3.000000	0.000000	0.000000	0.000000	1.250108	0.000000	0.000000	0.000000	0.000000	0.000000	12.501076	1.766325	2.296253	0.000000	0.000000	0.000000	1.248058	0.048399	0.143384	0.000000	0.000000	0.000000	0.002278	0.150262	0.002278	0.150262	0.002278	0.756661	0.002278	1.250108	8.600105	
2.000000	3.000000	0.000000	0.000000	0.000000	1.250207	0.000000	0.000000	0.000000	0.000000	0.000000	12.502066	1.771064	2.310306	0.000000	0.000000	0.000000	1.248272	0.047386	0.140532	0.000000	0.000000	0.000000	0.002149	0.147296	0.002149	0.147296	0.002149	0.741528	0.002149	1.250207	8.699937	
2.000000	3.000000	0.000000	0.000000	0.000000	1.250301	0.000000	0.000000	0.000000	0.000000	0.000000	12.503010	1.775703	2.324080	0.000000	0.000000	0.000000	1.248475	0.046396	0.137735	0.000000	0.000000	0.000000	0.002029	0.144386	0.002029	0.144386	0.002029	0.726698	0.002029	1.250301	8.799855	
2.000000	3.000000	0.000000	0.000000	0.000000	1.250391	0.000000	0.000000	0.000000	0.000000	0.000000	12.503911	1.780246	2.337579	0.000000	0.000000	0.000000	1.248667	0.045429	0.134994	0.000000	0.000000	0.000000	0.001916	0.141532	0.001916	0.141532	0.001916	0.712164	0.001916	1.250391	8.899857	
2.000000	3.000000	0.000000	0.000000	0.000000	1.250477	0.000000	0.000000	0.000000	0.000000	0.000000	12.504771	1.784694	2.350810	0.000000	0.000000	0.000000	1.248848	0.044484	0.132306	0.000000	0.000000	0.000000	0.001810	0.138733	0.001810	0.138733	0.001810	0.697921	0.001810	1.250477	8.999882	
2.000000	3.000000	0.000000	0.000000	0.000000	1.250559	0.000000	0.000000	0.000000	0.000000	0.000000	12.505593	1.789051	2.363777	0.000000	0.000000	0.000000	1.249019	0.043561	0.129671	0.000000	0.000000	0.000000	0.001711	0.135988	0.001711	0.135988	0.001711	0.683962	0.001711	1.250559	9.099892	
2.000000	3.000000	0.000000	0.000000	0.000000	1.250638	0.000000	0.000000	0.000000	0.000000	0.000000	12.506379	1.793316	2.376486	0.000000	0.000000	0.000000	1.249181	0.042658	0.127088	0.000000	0.000000	0.000000	0.001619	0.133296	0.001619	0.133296	0.001619	0.670283	0.001619	1.250638	9.199885	
2.000000	3.000000	0.000000	0.000000	0.000000	1.250713	0.000000	0.000000	0.000000	0.000000	0.000000	12.507131	1.797494	2.388941	0.000000	0.000000	0.000000	1.249334	0.041776	0.124556	0.000000	0.000000	0.000000	0.001532	0.130656	0.001532	0.130656	0.001532	0.656878	0.001532	1.250713	9.299919	
2.000000	3.000000	0.000000	0.000000	0.000000	1.250785	0.000000	0.000000	0.000000	0.000000	0.000000	12.507851	1.801585	2.401149	0.000000	0.000000	0.000000	1.249479	0.040914	0.122074	0.000000	0.000000	0.000000	0.001451	0.128066	0.001451	0.128066	0.001451	0.643740	0.001451	1.250785	9.399884	
2.000000	3.000000	0.000000	0.000000	0.000000	1.250854	0.000000	0.000000	0.000000	0.000000	0.000000	12.508540	1.805592	2.413113	0.000000	0.000000	0.000000	1.249617	0.040071	0.119641	0.000000	0.000000	0.000000	0.001375	0.125527	0.001375	0.125527	0.001375	0.630865	0.001375	1.250854	9.499888	
2.000000	3.000000	0.000000	0.000000	0.000000	1.250920	0.000000	0.000000	0.000000	0.000000	0.000000	12.509201	1.809517	2.424838	0.000000	0.000000	0.000000	1.249747	0.039246	0.117256	0.000000	0.000000	0.000000	0.001303	0.123037	0.001303	0.123037	0.001303	0.618248	0.001303	1.250920	9.599887	
2.000000	3.000000	0.000000	0.000000	0.000000	1.250984	0.000000	0.000000	0.000000	0.000000	0.000000	12.509835	1.813361	2.436330	0.000000	0.000000	0.000000	1.249871	0.038439	0.114918	0.000000	0.000000	0.000000	0.001236	0.120596	0.001236	0.120596	0.001236	0.605883	0.001236	1.250984	9.699908	
2.000000	3.000000	0.000000	0.000000	0.000000	1.251044	0.000000	0.000000	0.000000	0.000000	0.000000	12.510443	1.817126	2.447593	0.000000	0.000000	0.000000	1.249988	0.037651	0.112627	0.000000	0.000000	0.000000	0.001174	0.118202	0.001174	0.118202	0.001174	0.593766	0.001174	1.251044	9.799889	
2.000000	3.000000	0.000000	0.000000	0.000000	1.251103	0.000000	0.000000	0.000000	0.000000	0.000000	12.511028	1.820814	2.458631	0.000000	0.000000	0.000000	1.250100	0.036879	0.110380	0.000000	0.000000	0.000000	0.001115	0.115854	0.001115	0.115854	0.001115	0.581890	0.001115	1.251103	9.899888	
2.000000	3.000000	0.000000	0.000000	0.000000	1.251159	0.000000	0.000000	0.000000	0.000000	0.000000	12.511590	1.824426	2.469449	0.000000	0.000000	0.000000	1.250206	0.036124	0.108179	0.000000	0.000000	0.000000	0.001059	0.113553	0.001059	0.113553	0.001059	0.570253	0.001059	1.251159	10.000207	
2.000000	3.000000	0.000000	0.000000	0.000000	1.251213	0.000000	0.000000	0.000000	0.000000	0.000000	12.512130	1.827965	2.480051	0.000000	0.000000	0.000000	1.250306	0.035385	0.106020	0.000000	0.000000	0.000000	0.001008	0.111296	0.001008	0.111296	0.001008	0.558848	0.001008	1.251213	10.099895	
2.000000	3.000000	0.000000	0.000000	0.000000	1.251265	0.000000	0.000000	0.000000	0.000000	0.000000	12.512650	1.831431	2.490441	0.000000	0.000000	0.000000	1.250402	0.034662	0.103905	0.000000	0.000000	0.000000	0.000959	0.109084	0.000959	0.109084	0.000959	0.547671	0.000959	1.251265	10.199911	
2.000000	3.000000	0.000000	0.000000	0.000000	1.251315	0.000000	0.000000	0.000000	0.000000	0.000000	12.513151	1.834827	2.500625	0.000000	0.000000	0.000000	1.250493	0.033955	0.101832	0.000000	0.000000	0.000000	0.000913	0.106914	0.000913	0.106914	0.000913	0.536717	0.000913	1.251315	10.299912	
2.000000	3.000000	0.000000	0.000000	0.000000	1.251363	0.000000	0.000000	0.000000	0.000000	0.000000	12.513635	1.838153	2.510604	0.000000	0.000000	0.000000	1.250580	0.033263	0.099799	0.000000	0.000000	0.000000	0.000870	0.104788	0.000870	0.104788	0.000870	0.525983	0.000870	1.251363	10.399902	
2.000000	3.000000	0.000000	0.000000	0.000000	1.251410	0.000000	0.000000	0.000000	0.000000	0.000000	12.514101	1.841411	2.520385	0.000000	0.000000	0.000000	1.250663	0.032585	0.097808	0.000000	0.000000	0.000000	0.000830	0.102703	0.000830	0.102703	0.000830	0.515463	0.000830	1.251410	10.499930	
2.000000	3.000000	0.000000	0.000000	0.000000	1.251455	0.000000	0.000000	0.000000	0.000000	0.000000	12.514551	1.844604	2.529971	0.000000	0.000000	0.000000	1.250743	0.031922	0.095855	0.000000	0.000000	0.000000	0.000792	0.100659	0.000792	0.100659	0.000792	0.505154	0.000792	1.251455	10.599922	
2.000000	3.000000	0.000000	0.000000	0.000000	1.251499	0.000000	0.000000	0.000000	0.000000	0.000000	12.514986	1.847731	2.539365	0.000000	0.000000	0.000000	1.250818	0.031273	0.093942	0.000000	0.000000	0.000000	0.000756	0.098655	0.000756	0.098655	0.000756	0.495051	0.000756	1.251499	10.700001	
2.000000	3.000000	0.000000	0.000000	0.000000	1.251541	0.000000	0.000000	0.000000	0.000000	0.000000	12.515407	1.850795	2.548572	0.000000	0.000000	0.000000	1.250890	0.030638	0.092066	0.000000	0.000000	0.000000	0.000723	0.096691	0.000723	0.096691	0.000723	0.485150	0.000723	1.251541	10.799913	
2.000000	3.000000	0.000000	0.000000	0.000000	1.251581	0.000000	0.000000	0.000000	0.000000	0.000000	12.515814	1.853796	2.557594	0.000000	0.000000	0.000000	1.250960	0.030016	0.090228	0.000000	0.000000	0.000000	0.000691	0.094765	0.000691	0.094765	0.000691	0.475447	0.000691	1.251581	10.900403	
2.000000	3.000000	0.000000	0.000000	0.000000	1.251621	0.000000	0.000000	0.000000	0.000000	0.000000	12.516209	1.856737	2.566437	0.000000	0.000000	0.000000	1.251026	0.029407	0.088426	0.000000	0.000000	0.000000	0.000661	0.092877	0.000661	0.092877	0.000661	0.465938	0.000661	1.251621	10.999979	
2.000000	3.000000	0.000000	0.000000	0.000000	1.251659	0.000000	0.000000	0.000000	0.000000	0.000000	12.516591	1.859618	2.575103	0.000000	0.000000	0.000000	1.251089	0.028810	0.086660	0.000000	0.000000	0.000000	0.000633	0.091026	0.000633	0.091026	0.000633	0.456619	0.000633	1.251659	11.100048	
2.000000	3.000000	0.000000	0.000000	0.000000	1.251696	0.000000	0.000000	0.000000	0.000000	0.000000	12.516963	1.862441	2.583596	0.000000	0.000000	0.000000	1.251150	0.028227	0.084930	0.000000	0.000000	0.000000	0.000607	0.089212	0.000607	0.089212	0.000607	0.447487	0.000607	1.251696	11.199976	
2.000000	3.000000	0.000000	0.000000	0.000000	1.251732	0.000000	0.000000	0.000000	0.000000	0.000000	12.517323	1.865206	2.591919	0.000000	0.000000	0.000000	1.251208	0.027655	0.083233	0.000000	0.000000	0.000000	0.000583	0.087434	0.000583	0.087434	0.000583	0.438537	0.000583	1.251732	11.300000	
2.000000	3.000000	0.000000	0.000000	0.000000	1.251767	0.000000	0.000000	0.000000	0.000000	0.000000	12.517674	1.867916	2.600076	0.000000	0.000000	0.000000	1.251264	0.027095	0.081571	0.000000	0.000000	0.000000	0.000559	0.085690	0.000559	0.085690	0.000559	0.429767	0.000559	1.251767	11.399996	
2.000000	3.000000	0.000000	0.000000	0.000000	1.251802	0.000000	0.000000	0.000000	0.000000	0.000000	12.518016	1.870570	2.608071	0.000000	0.000000	0.000000	1.251318	0.026547	0.079942	0.000000	0.000000	0.000000	0.000538	0.083982	0.000538	0.083982	0.000538	0.421171	0.000538	1.251802	11.499956	
2.000000	3.000000	0.000000	0.000000	0.000000	1.251835	0.000000	0.000000	0.000000	0.000000	0.000000	12.518348	1.873171	2.615905	0.000000	0.000000	0.000000	1.251369	0.026010	0.078345	0.000000	0.000000	0.000000	0.000517	0.082307	0.000517	0.082307	0.000517	0.412748	0.000517	1.251835	11.599947	
2.000000	3.000000	0.000000	0.000000	0.000000	1.251867	0.000000	0.000000	0.000000	0.000000	0.000000	12.518672	1.875720	2.623583	0.000000	0.000000	0.000000	1.251419	0.025485	0.076780	0.000000	0.000000	0.000000	0.000498	0.080665	0.000498	0.080665	0.000498	0.404493	0.000498	1.251867	11.700008	
2.000000	3.000000	0.000000	0.000000	0.000000	1.251899	0.000000	0.000000	0.000000	0.000000	0.000000	12.518989	1.878217	2.631108	0.000000	0.000000	0.000000	1.251467	0.024970	0.075246	0.000000	0.000000	0.000000	0.000480	0.079055	0.000480	0.079055	0.000480	0.396403	0.000480	1.251899	11.800191	
2.000000	3.000000	0.000000	0.000000	0.000000	1.251930	0.000000	0.000000	0.000000	0.000000	0.000000	12.519298	1.880663	2.638482	0.000000	0.000000	0.000000	1.251513	0.024466	0.073742	0.000000	0.000000	0.000000	0.000463	0.077478	0.000463	0.077478	0.000463	0.388475	0.000463	1.251930	11.900213	
2.000000	3.000000	0.000000	0.000000	0.000000	1.251960	0.000000	0.000000	0.000000	0.000000	0.000000	12.519600	1.883061	2.645709	0.000000	0.000000	0.000000	1.251558	0.023972	0.072269	0.000000	0.000000	0.000000	0.000447	0.075931	0.000447	0.075931	0.000447	0.380705	0.000447	1.251960	11.999960	
2.000000	3.000000	0.000000	0.000000	0.000000	1.251990	0.000000	0.000000	0.000000	0.000000	0.000000	12.519896	1.885409	2.652791	0.000000	0.000000	0.000000	1.251601	0.023489	0.070825	0.000000	0.000000	0.000000	0.000431	0.074416	0.000431	0.074416	0.000431	0.373091	0.000431	1.251990	12.099976	
2.000000	3.000000	0.000000	0.000000	0.000000	1.252019	0.000000	0.000000	0.000000	0.000000	0.000000	12.520185	1.887711	2.659732	0.000000	0.000000	0.000000	1.251643	0.023015	0.069410	0.000000	0.000000	0.000000	0.000417	0.072930	0.000417	0.072930	0.000417	0.365630	0.000417	1.252019	12.200121	
2.000000	3.000000	0.000000	0.000000	0.000000	1.252047	0.000000	0.000000	0.000000	0.000000	0.000000	12.520470	1.889966	2.666534	0.000000	0.000000	0.000000	1.251683	0.022551	0.068023	0.000000	0.000000	0.000000	0.000404	0.071474	0.000404	0.071474	0.000404	0.358317	0.000404	1.252047	12.299972	
2.000000	3.000000	0.000000	0.000000	0.000000	1.252075	0.000000	0.000000	0.000000	0.000000	0.000000	12.520749	1.892176	2.673201	0.000000	0.000000	0.000000	1.251723	0.022096	0.066663	0.000000	0.000000	0.000000	0.000392	0.070046	0.000392	0.070046	0.000392	0.351151	0.000392	1.252075	12.400200	
2.000000	3.000000	0.000000	0.000000	0.000000	1.252102	0.000000	0.000000	0.000000	0.000000	0.000000	12.521023	1.894341	2.679734	0.000000	0.000000	0.000000	1.251760	0.021651	0.065331	0.000000	0.000000	0.000000	0.000380	0.068647	0.000380	0.068647	0.000380	0.344128	0.000380	1.252102	12.499987	
2.000000	3.000000	0.000000	0.000000	0.000000	1.252129	0.000000	0.000000	0.000000	0.000000	0.000000	12.521294	1.896462	2.686136	0.000000	0.000000	0.000000	1.251797	0.021215	0.064026	0.000000	0.000000	0.000000	0.000369	0.067276	0.000369	0.067276	0.000369	0.337245	0.000369	1.252129	12.600168	
2.000000	3.000000	0.000000	0.000000	0.000000	1.252156	0.000000	0.000000	0.000000	0.000000	0.000000	12.521560	1.898541	2.692411	0.000000	0.000000	0.000000	1.251833	0.020788	0.062746	0.000000	0.000000	0.000000	0.000359	0.065932	0.000359	0.065932	0.000359	0.330500	0.000359	1.252156	12.708808	
2.000000	3.000000	0.000000	0.000000	0.000000	1.252182	0.000000	0.000000	0.000000	0.000000	0.000000	12.521822	1.900578	2.698560	0.000000	0.000000	0.000000	1.251868	0.020370	0.061492	0.000000	0.000000	0.000000	0.000349	0.064614	0.000349	0.064614	0.000349	0.323890	0.000349	1.252182	12.808808	
2.000000	3.000000	0.000000	0.000000	0.000000	1.252208	0.000000	0.000000	0.000000	0.000000	0.000000	12.522082	1.902574	2.704587	0.000000	0.000000	0.000000	1.251902	0.019960	0.060263	0.000000	0.000000	0.000000	0.000340	0.063323	0.000340	0.063323	0.000340	0.317412	0.000340	1.252208	12.908778	
2.000000	3.000000	0.000000	0.000000	0.000000	1.252234	0.000000	0.000000	0.000000	0.000000	0.000000	12.522338	1.904530	2.710492	0.000000	0.000000	0.000000	1.251935	0.019559	0.059058	0.000000	0.000000	0.000000	0.000332	0.062057	0.000332	0.062057	0.000332	0.311064	0.000332	1.252234	13.009260	
2.000000	3.000000	0.000000	0.000000	0.000000	1.252259	0.000000	0.000000	0.000000	0.000000	0.000000	12.522592	1.906447	2.716280	0.000000	0.000000	0.000000	1.251968	0.019165	0.057878	0.000000	0.000000	0.000000	0.000324	0.060816	0.000324	0.060816	0.000324	0.304843	0.000324	1.252259	13.108854	
2.000000	3.000000	0.000000	0.000000	0.000000	1.252284	0.000000	0.000000	0.000000	0.000000	0.000000	12.522843	1.908325	2.721952	0.000000	0.000000	0.000000	1.251999	0.018780	0.056721	0.000000	0.000000	0.000000	0.000317	0.059600	0.000317	0.059600	0.000317	0.298746	0.000317	1.252284	13.209228	
2.000000	3.000000	0.000000	0.000000	0.000000	1.252309	0.000000	0.000000	0.000000	0.000000	0.000000	12.523093	1.910165	2.727511	0.000000	0.000000	0.000000	1.252030	0.018403	0.055587	0.000000	0.000000	0.000000	0.000310	0.058409	0.000310	0.058409	0.000310	0.292771	0.000310	1.252309	13.309036	
2.000000	3.000000	0.000000	0.000000	0.000000	1.252334	0.000000	0.000000	0.000000	0.000000	0.000000	12.523341	1.911968	2.732959	0.000000	0.000000	0.000000	1.252061	0.018033	0.054476	0.000000	0.000000	0.000000	0.000304	0.057240	0.000304	0.057240	0.000304	0.286916	0.000304	1.252334	13.408791	
2.000000	3.000000	0.000000	0.000000	0.000000	1.252359	0.000000	0.000000	0.000000	0.000000	0.000000	12.523587	1.913735	2.738297	0.000000	0.000000	0.000000	1.252091	0.017671	0.053387	0.000000	0.000000	0.000000	0.000298	0.056095	0.000298	0.056095	0.000298	0.281177	0.000298	1.252359	13.509184	
2.000000	3.000000	0.000000	0.000000	0.000000	1.252383	0.000000	0.000000	0.000000	0.000000	0.000000	12.523833	1.915467	2.743529	0.000000	0.000000	0.000000	1.252120	0.017316	0.052320	0.000000	0.000000	0.000000	0.000293	0.054973	0.000293	0.054973	0.000293	0.275554	0.000293	1.252383	13.608847	
2.000000	3.000000	0.000000	0.000000	0.000000	1.252408	0.000000	0.000000	0.000000	0.000000	0.000000	12.524078	1.917164	2.748657	0.000000	0.000000	0.000000	1.252149	0.016968	0.051274	0.000000	0.000000	0.000000	0.000288	0.053873	0.000288	0.053873	0.000288	0.270043	0.000288	1.252408	13.708820	
2.000000	3.000000	0.000000	0.000000	0.000000	1.252432	0.000000	0.000000	0.000000	0.000000	0.000000	12.524323	1.918826	2.753682	0.000000	0.000000	0.000000	1.252177	0.016628	0.050249	0.000000	0.000000	0.000000	0.000284	0.052795	0.000284	0.052795	0.000284	0.264642	0.000284	1.252432	13.808889	
2.000000	3.000000	0.000000	0.000000	0.000000	1.252457	0.000000	0.000000	0.000000	0.000000	0.000000	12.524568	1.920456	2.758606	0.000000	0.000000	0.000000	1.252205	0.016294	0.049244	0.000000	0.000000	0.000000	0.000280	0.051738	0.000280	0.051738	0.000280	0.259349	0.000280	1.252457	13.908869	
2.000000	3.000000	0.000000	0.000000	0.000000	1.252481	0.000000	0.000000	0.000000	0.000000	0.000000	12.524813	1.922052	2.763432	0.000000	0.000000	0.000000	1.252233	0.015967	0.048260	0.000000	0.000000	0.000000	0.000276	0.050703	0.000276	0.050703	0.000276	0.254162	0.000276	1.252481	14.009129	
2.000000	3.000000	0.000000	0.000000	0.000000	1.252506	0.000000	0.000000	0.000000	0.000000	0.000000	12.525060	1.923617	2.768161	0.000000	0.000000	0.000000	1.252260	0.015647	0.047295	0.000000	0.000000	0.000000	0.000273	0.049687	0.000273	0.049687	0.000273	0.249079	0.000273	1.252506	14.108892	
2.000000	3.000000	0.000000	0.000000	0.000000	1.252531	0.000000	0.000000	0.000000	0.000000	0.000000	12.525307	1.925150	2.772796	0.000000	0.000000	0.000000	1.252287	0.015333	0.046349	0.000000	0.000000	0.000000	0.000271	0.048692	0.000271	0.048692	0.000271	0.244097	0.000271	1.252531	14.208828	
2.000000	3.000000	0.000000	0.000000	0.000000	1.252556	0.000000	0.000000	0.000000	0.000000	0.000000	12.525556	1.926653	2.777339	0.000000	0.000000	0.000000	1.252314	0.015026	0.045422	0.000000	0.000000	0.000000	0.000269	0.047717	0.000269	0.047717	0.000269	0.239215	0.000269	1.252556	14.308844	
2.000000	3.000000	0.000000	0.000000	0.000000	1.252581	0.000000	0.000000	0.000000	0.000000	0.000000	12.525806	1.928125	2.781790	0.000000	0.000000	0.000000	1.252341	0.014725	0.044514	0.000000	0.000000	0.000000	0.000267	0.046761	0.000267	0.046761	0.000267	0.234431	0.000267	1.252581	14.408866	
2.000000	3.000000	0.000000	0.000000	0.000000	1.252606	0.000000	0.000000	0.000000	0.000000	0.000000	12.526060	1.929568	2.786152	0.000000	0.000000	0.000000	1.252367	0.014430	0.043624	0.000000	0.000000	0.000000	0.000265	0.045824	0.000265	0.045824	0.000265	0.229742	0.000265	1.252606	14.508852	
2.000000	3.000000	0.000000	0.000000	0.000000	1.252632	0.000000	0.000000	0.000000	0.000000	0.000000	12.526315	1.930983	2.790428	0.000000	0.000000	0.000000	1.252394	0.014141	0.042752	0.000000	0.000000	0.000000	0.000264	0.044905	0.000264	0.044905	0.000264	0.225148	0.000264	1.252632	14.608909	
2.000000	3.000000	0.000000	0.000000	0.000000	1.252657	0.000000	0.000000	0.000000	0.000000	0.000000	12.526574	1.932368	2.794617	0.000000	0.000000	0.000000	1.252420	0.013857	0.041897	0.000000	0.000000	0.000000	0.000264	0.044005	0.000264	0.044005	0.000264	0.220645	0.000264	1.252657	14.708846	
2.000000	3.000000	0.000000	0.000000	0.000000	1.252684	0.000000	0.000000	0.000000	0.000000	0.000000	12.526837	1.933726	2.798723	0.000000	0.000000	0.000000	1.252446	0.013580	0.041059	0.000000	0.000000	0.000000	0.000264	0.043122	0.000264	0.043122	0.000264	0.216232	0.000264	1.252684	14.808856	
2.000000	3.000000	0.000000	0.000000	0.000000	1.252710	0.000000	0.000000	0.000000	0.000000	0.000000	12.527103	1.935057	2.802747	0.000000	0.000000	0.000000	1.252473	0.013308	0.040238	0.000000	0.000000	0.000000	0.000264	0.042257	0.000264	0.042257	0.000264	0.211907	0.000264	1.252710	14.908895	
2.000000	3.000000	0.000000	0.000000	0.000000	1.252737	0.000000	0.000000	0.000000	0.000000	0.000000	12.527375	1.936361	2.806690	0.000000	0.000000	0.000000	1.252499	0.013042	0.039433	0.000000	0.000000	0.000000	0.000265	0.041409	0.000265	0.041409	0.000265	0.207669	0.000265	1.252737	15.008884	
2.000000	3.000000	0.000000	0.000000	0.000000	1.252765	0.000000	0.000000	0.000000	0.000000	0.000000	12.527651	1.937639	2.810555	0.000000	0.000000	0.000000	1.252526	0.012781	0.038644	0.000000	0.000000	0.000000	0.000266	0.040578	0.000266	0.040578	0.000266	0.203516	0.000266	1.252765	15.108907	
2.000000	3.000000	0.000000	0.000000	0.000000	1.252793	0.000000	0.000000	0.000000	0.000000	0.000000	12.527934	1.938892	2.814342	0.000000	0.000000	0.000000	1.252553	0.012526	0.037871	0.000000	0.000000	0.000000	0.000268	0.039763	0.000268	0.039763	0.000268	0.199445	0.000268	1.252793	15.208903	
2.000000	3.000000	0.000000	0.000000	0.000000	1.252822	0.000000	0.000000	0.000000	0.000000	0.000000	12.528222	1.940120	2.818053	0.000000	0.000000	0.000000	1.252579	0.012275	0.037114	0.000000	0.000000	0.000000	0.000270	0.038965	0.000270	0.038965	0.000270	0.195456	0.000270	1.252822	15.308861	
2.000000	3.000000	0.000000	0.000000	0.000000	1.252852	0.000000	0.000000	0.000000	0.000000	0.000000	12.528518	1.941323	2.821690	0.000000	0.000000	0.000000	1.252607	0.012030	0.036372	0.000000	0.000000	0.000000	0.000272	0.038181	0.000272	0.038181	0.000272	0.191547	0.000272	1.252852	15.409006	
2.000000	3.000000	0.000000	0.000000	0.000000	1.252882	0.000000	0.000000	0.000000	0.000000	0.000000	12.528822	1.942502	2.825255	0.000000	0.000000	0.000000	1.252634	0.011790	0.035644	0.000000	0.000000	0.000000	0.000275	0.037414	0.000275	0.037414	0.000275	0.187716	0.000275	1.252882	15.508888	
2.000000	3.000000	0.000000	0.000000	0.000000	1.252913	0.000000	0.000000	0.000000	0.000000	0.000000	12.529134	1.943657	2.828748	0.000000	0.000000	0.000000	1.252662	0.011555	0.034931	0.000000	0.000000	0.000000	0.000279	0.036661	0.000279	0.036661	0.000279	0.183962	0.000279	1.252913	15.608901	
2.000000	3.000000	0.000000	0.000000	0.000000	1.252946	0.000000	0.000000	0.000000	0.000000	0.000000	12.529456	1.944789	2.832171	0.000000	0.000000	0.000000	1.252691	0.011324	0.034232	0.000000	0.000000	0.000000	0.000283	0.035923	0.000283	0.035923	0.000283	0.180283	0.000283	1.252946	15.712877	
2.000000	3.000000	0.000000	0.000000	0.000000	1.252979	0.000000	0.000000	0.000000	0.000000	0.000000	12.529788	1.945899	2.835526	0.000000	0.000000	0.000000	1.252719	0.011099	0.033547	0.000000	0.000000	0.000000	0.000288	0.035200	0.000288	0.035200	0.000288	0.176677	0.000288	1.252979	15.812785	
2.000000	3.000000	0.000000	0.000000	0.000000	1.253013	0.000000	0.000000	0.000000	0.000000	0.000000	12.530132	1.946987	2.838813	0.000000	0.000000	0.000000	1.252749	0.010878	0.032876	0.000000	0.000000	0.000000	0.000294	0.034491	0.000294	0.034491	0.000294	0.173143	0.000294	1.253013	15.913171	
2.000000	3.000000	0.000000	0.000000	0.000000	1.253049	0.000000	0.000000	0.000000	0.000000	0.000000	12.530488	1.948053	2.842035	0.000000	0.000000	0.000000	1.252779	0.010661	0.032218	0.000000	0.000000	0.000000	0.000300	0.033795	0.000300	0.033795	0.000300	0.169681	0.000300	1.253049	16.012834	
2.000000	3.000000	0.000000	0.000000	0.000000	1.253086	0.000000	0.000000	0.000000	0.000000	0.000000	12.530857	1.949098	2.845192	0.000000	0.000000	0.000000	1.252809	0.010449	0.031573	0.000000	0.000000	0.000000	0.000307	0.033113	0.000307	0.033113	0.000307	0.166287	0.000307	1.253086	16.112786	
2.000000	3.000000	0.000000	0.000000	0.000000	1.253124	0.000000	0.000000	0.000000	0.000000	0.000000	12.531242	1.950122	2.848287	0.000000	0.000000	0.000000	1.252841	0.010241	0.030941	0.000000	0.000000	0.000000	0.000315	0.032444	0.000315	0.032444	0.000315	0.162961	0.000315	1.253124	16.214521	
2.000000	3.000000	0.000000	0.000000	0.000000	1.253164	0.000000	0.000000	0.000000	0.000000	0.000000	12.531644	1.951126	2.851319	0.000000	0.000000	0.000000	1.252873	0.010038	0.030322	0.000000	0.000000	0.000000	0.000323	0.031788	0.000323	0.031788	0.000323	0.159702	0.000323	1.253164	16.314724	
2.000000	3.000000	0.000000	0.000000	0.000000	1.253206	0.000000	0.000000	0.000000	0.000000	0.000000	12.532063	1.952110	2.854290	0.000000	0.000000	0.000000	1.252907	0.009839	0.029715	0.000000	0.000000	0.000000	0.000333	0.031145	0.000333	0.031145	0.000333	0.156508	0.000333	1.253206	16.414467	
2.000000	3.000000	0.000000	0.000000	0.000000	1.253250	0.000000	0.000000	0.000000	0.000000	0.000000	12.532502	1.953074	2.857202	0.000000	0.000000	0.000000	1.252941	0.009644	0.029120	0.000000	0.000000	0.000000	0.000344	0.030514	0.000344	0.030514	0.000344	0.153378	0.000344	1.253250	16.514471	
2.000000	3.000000	0.000000	0.000000	0.000000	1.253296	0.000000	0.000000	0.000000	0.000000	0.000000	12.532963	1.954020	2.860056	0.000000	0.000000	0.000000	1.252976	0.009453	0.028537	0.000000	0.000000	0.000000	0.000355	0.029895	0.000355	0.029895	0.000355	0.150310	0.000355	1.253296	16.614460	
2.000000	3.000000	0.000000	0.000000	0.000000	1.253345	0.000000	0.000000	0.000000	0.000000	0.000000	12.533448	1.954946	2.862853	0.000000	0.000000	0.000000	1.253013	0.009266	0.027966	0.000000	0.000000	0.000000	0.000368	0.029288	0.000368	0.029288	0.000368	0.147304	0.000368	1.253345	16.714487	
2.000000	3.000000	0.000000	0.000000	0.000000	1.253396	0.000000	0.000000	0.000000	0.000000	0.000000	12.533960	1.955855	2.865593	0.000000	0.000000	0.000000	1.253052	0.009083	0.027406	0.000000	0.000000	0.000000	0.000383	0.028692	0.000383	0.028692	0.000383	0.144358	0.000383	1.253396	16.814476	
2.000000	3.000000	0.000000	0.000000	0.000000	1.253450	0.000000	0.000000	0.000000	0.000000	0.000000	12.534501	1.956745	2.868279	0.000000	0.000000	0.000000	1.253091	0.008905	0.026857	0.000000	0.000000	0.000000	0.000398	0.028107	0.000398	0.028107	0.000398	0.141471	0.000398	1.253450	16.919146	
2.000000	3.000000	0.000000	0.000000	0.000000	1.253507	0.000000	0.000000	0.000000	0.000000	0.000000	12.535074	1.957618	2.870911	0.000000	0.000000	0.000000	1.253133	0.008730	0.026318	0.000000	0.000000	0.000000	0.000416	0.027533	0.000416	0.027533	0.000416	0.138641	0.000416	1.253507	17.019182	
2.000000	3.000000	0.000000	0.000000	0.000000	1.253568	0.000000	0.000000	0.000000	0.000000	0.000000	12.535682	1.958474	2.873490	0.000000	0.000000	0.000000	1.253177	0.008558	0.025791	0.000000	0.000000	0.000000	0.000435	0.026969	0.000435	0.026969	0.000435	0.135869	0.000435	1.253568	17.119198	
2.000000	3.000000	0.000000	0.000000	0.000000	1.253633	0.000000	0.000000	0.000000	0.000000	0.000000	12.536330	1.959313	2.876017	0.000000	0.000000	0.000000	1.253222	0.008391	0.025274	0.000000	0.000000	0.000000	0.000456	0.026416	0.000456	0.026416	0.000456	0.133151	0.000456	1.253633	17.219168	
2.000000	3.000000	0.000000	0.000000	0.000000	1.253702	0.000000	0.000000	0.000000	0.000000	0.000000	12.537021	1.960136	2.878494	0.000000	0.000000	0.000000	1.253270	0.008227	0.024767	0.000000	0.000000	0.000000	0.000480	0.025872	0.000480	0.025872	0.000480	0.130488	0.000480	1.253702	17.319134	
2.000000	3.000000	0.000000	0.000000	0.000000	1.253776	0.000000	0.000000	0.000000	0.000000	0.000000	12.537761	1.960942	2.880921	0.000000	0.000000	0.000000	1.253321	0.008067	0.024270	0.000000	0.000000	0.000000	0.000506	0.025338	0.000506	0.025338	0.000506	0.127878	0.000506	1.253776	17.419991	
2.000000	3.000000	0.000000	0.000000	0.000000	1.253855	0.000000	0.000000	0.000000	0.000000	0.000000	12.538554	1.961733	2.883299	0.000000	0.000000	0.000000	1.253374	0.007911	0.023783	0.000000	0.000000	0.000000	0.000535	0.024813	0.000535	0.024813	0.000535	0.125321	0.000535	1.253855	17.519956	
2.000000	3.000000	0.000000	0.000000	0.000000	1.253941	0.000000	0.000000	0.000000	0.000000	0.000000	12.539408	1.962509	2.885630	0.000000	0.000000	0.000000	1.253431	0.007759	0.023306	0.000000	0.000000	0.000000	0.000567	0.024297	0.000567	0.024297	0.000567	0.122815	0.000567	1.253941	17.625873	
2.000000	3.000000	0.000000	0.000000	0.000000	1.254033	0.000000	0.000000	0.000000	0.000000	0.000000	12.540329	1.963270	2.887914	0.000000	0.000000	0.000000	1.253491	0.007610	0.022837	0.000000	0.000000	0.000000	0.000602	0.023789	0.000602	0.023789	0.000602	0.120358	0.000602	1.254033	17.726093	
2.000000	3.000000	0.000000	0.000000	0.000000	1.254132	0.000000	0.000000	0.000000	0.000000	0.000000	12.541324	1.964017	2.890151	0.000000	0.000000	0.000000	1.253555	0.007465	0.022378	0.000000	0.000000	0.000000	0.000641	0.023289	0.000641	0.023289	0.000641	0.117951	0.000641	1.254132	17.825868	
2.000000	3.000000	0.000000	0.000000	0.000000	1.254240	0.000000	0.000000	0.000000	0.000000	0.000000	12.542404	1.964749	2.892344	0.000000	0.000000	0.000000	1.253624	0.007323	0.021928	0.000000	0.000000	0.000000	0.000685	0.022796	0.000685	0.022796	0.000685	0.115592	0.000685	1.254240	17.931599	
2.000000	3.000000	0.000000	0.000000	0.000000	1.254358	0.000000	0.000000	0.000000	0.000000	0.000000	12.543578	1.965468	2.894493	0.000000	0.000000	0.000000	1.253697	0.007185	0.021487	0.000000	0.000000	0.000000	0.000734	0.022311	0.000734	0.022311	0.000734	0.113280	0.000734	1.254358	18.031814	
2.000000	3.000000	0.000000	0.000000	0.000000	1.254486	0.000000	0.000000	0.000000	0.000000	0.000000	12.544859	1.966173	2.896598	0.000000	0.000000	0.000000	1.253776	0.007051	0.021054	0.000000	0.000000	0.000000	0.000789	0.021832	0.000789	0.021832	0.000789	0.111015	0.000789	1.254486	18.134519	
2.000000	3.000000	0.000000	0.000000	0.000000	1.254626	0.000000	0.000000	0.000000	0.000000	0.000000	12.546259	1.966865	2.898661	0.000000	0.000000	0.000000	1.253861	0.006921	0.020629	0.000000	0.000000	0.000000	0.000850	0.021360	0.000850	0.021360	0.000850	0.108794	0.000850	1.254626	18.239649	
2.000000	3.000000	0.000000	0.000000	0.000000	1.254780	0.000000	0.000000	0.000000	0.000000	0.000000	12.547796	1.967544	2.900682	0.000000	0.000000	0.000000	1.253953	0.006795	0.020213	0.000000	0.000000	0.000000	0.000919	0.020892	0.000919	0.020892	0.000919	0.106618	0.000919	1.254780	18.342658	
2.000000	3.000000	0.000000	0.000000	0.000000	1.254949	0.000000	0.000000	0.000000	0.000000	0.000000	12.549487	1.968212	2.902663	0.000000	0.000000	0.000000	1.254052	0.006673	0.019804	0.000000	0.000000	0.000000	0.000996	0.020429	0.000996	0.020429	0.000996	0.104486	0.000996	1.254949	18.442713	
2.000000	3.000000	0.000000	0.000000	0.000000	1.255135	0.000000	0.000000	0.000000	0.000000	0.000000	12.551353	1.968867	2.904603	0.000000	0.000000	0.000000	1.254161	0.006555	0.019403	0.000000	0.000000	0.000000	0.001083	0.019970	0.001083	0.019970	0.001083	0.102396	0.001083	1.255135	18.546583	
2.000000	3.000000	0.000000	0.000000	0.000000	1.255342	0.000000	0.000000	0.000000	0.000000	0.000000	12.553420	1.969511	2.906504	0.000000	0.000000	0.000000	1.254279	0.006441	0.019009	0.000000	0.000000	0.000000	0.001181	0.019515	0.001181	0.019515	0.001181	0.100349	0.001181	1.255342	18.647431	
2.000000	3.000000	0.000000	0.000000	0.000000	1.255571	0.000000	0.000000	0.000000	0.000000	0.000000	12.555715	1.970144	2.908366	0.000000	0.000000	0.000000	1.254408	0.006332	0.018622	0.000000	0.000000	0.000000	0.001293	0.019061	0.001293	0.019061	0.001293	0.098342	0.001293	1.255571	18.760502	
