2.000000	3.000000	0.000000	0.000000	0.000000	0.000000	0.000000	0.000000	0.000000	0.000000	0.000000	0.000000	0.042107	0.000033	0.000000	0.000000	0.000000	0.070564	0.413468	0.029225	0.000000	0.000000	0.000000	0.785398	0.000000	0.000000	0.414500	0.785398	3.582338	0.922005	0.992569	0.108442	
2.000000	3.000000	0.000000	0.000000	0.000000	0.000000	0.000000	0.000000	0.000000	0.000000	0.000000	0.000000	0.124960	0.009217	0.000000	0.000000	0.000000	0.227032	0.403863	0.093298	0.000000	0.000000	0.000000	0.785398	0.000000	0.000000	0.414500	0.785398	3.529951	0.783772	1.010803	0.308540	
2.000000	3.000000	0.000000	0.000000	0.000000	0.000000	0.000000	0.000000	0.000000	0.000000	0.000000	0.000000	0.167842	0.020223	0.000000	0.000000	0.000000	0.314470	0.423653	0.137799	0.000000	0.000000	0.000000	0.750492	0.000000	0.000000	0.445500	0.750492	3.497981	0.705049	1.019519	0.408612	
2.000000	3.000000	0.000000	0.000000	0.000000	0.000000	0.000000	0.000000	0.000000	0.000000	0.000000	0.000000	0.211863	0.033153	0.000000	0.000000	0.000000	0.383500	0.418703	0.168937	0.000000	0.000000	0.000000	0.750492	0.000000	0.000000	0.451500	0.750492	3.464046	0.644889	1.028389	0.510014	
2.000000	3.000000	0.000000	0.000000	0.000000	0.000000	0.000000	0.000000	0.000000	0.000000	0.000000	0.000000	0.303026	0.074833	0.000000	0.000000	0.000000	0.506220	0.448224	0.248498	0.000000	0.000000	0.000000	0.593412	0.000000	0.000000	0.512500	0.593412	3.381763	0.538896	1.045116	0.664721	
2.000000	3.000000	0.000000	0.000000	0.000000	0.000000	0.000000	0.000000	0.000000	0.000000	0.000000	0.000000	0.351026	0.101517	0.000000	0.000000	0.000000	0.558376	0.460103	0.287422	0.000000	0.000000	0.000000	0.558505	0.000000	0.000000	0.542500	0.558505	3.334714	0.495175	1.053551	0.759598	
2.000000	3.000000	0.000000	0.000000	0.000000	0.000000	0.000000	0.000000	0.000000	0.000000	0.000000	0.000000	0.399308	0.132191	0.000000	0.000000	0.000000	0.628940	0.463762	0.337383	0.000000	0.000000	0.000000	0.558505	0.000000	0.000000	0.573500	0.558505	3.284288	0.432771	1.061711	0.885579	
2.000000	3.000000	0.000000	0.000000	0.000000	0.000000	0.000000	0.000000	0.000000	0.000000	0.000000	0.000000	0.448939	0.167782	0.000000	0.000000	0.000000	0.662688	0.475764	0.371296	0.000000	0.000000	0.000000	0.471239	0.000000	0.000000	0.603500	0.471239	3.229125	0.407072	1.069760	1.005331	
2.000000	3.000000	0.000000	0.000000	0.000000	0.000000	0.000000	0.000000	0.000000	0.000000	0.000000	0.000000	0.550045	0.250864	0.000000	0.000000	0.000000	0.750126	0.485419	0.452328	0.000000	0.000000	0.000000	0.383972	0.000000	0.000000	0.663500	0.383972	3.108073	0.335326	1.085452	1.128293	
2.000000	3.000000	0.000000	0.000000	0.000000	0.000000	0.000000	0.000000	0.000000	0.000000	0.000000	0.000000	0.600522	0.298425	0.000000	0.000000	0.000000	0.785408	0.485424	0.485434	0.000000	0.000000	0.000000	0.366519	0.000000	0.000000	0.686500	0.366519	3.042539	0.307426	1.092834	1.248176	
2.000000	3.000000	0.000000	0.000000	0.000000	0.000000	0.000000	0.000000	0.000000	0.000000	0.000000	0.000000	0.649074	0.347125	0.000000	0.000000	0.000000	0.820690	0.467998	0.502255	0.000000	0.000000	0.000000	0.366519	0.000000	0.000000	0.686500	0.366519	2.977036	0.279101	1.099791	1.370265	
2.000000	3.000000	0.000000	0.000000	0.000000	0.000000	0.000000	0.000000	0.000000	0.000000	0.000000	0.000000	0.697908	0.399815	0.000000	0.000000	0.000000	0.855972	0.461789	0.532044	0.000000	0.000000	0.000000	0.314159	0.000000	0.000000	0.704500	0.314159	2.907990	0.250562	1.106534	1.470265	
2.000000	3.000000	0.000000	0.000000	0.000000	0.000000	0.000000	0.000000	0.000000	0.000000	0.000000	0.000000	0.744818	0.453643	0.000000	0.000000	0.000000	0.889720	0.447981	0.552761	0.000000	0.000000	0.000000	0.279253	0.000000	0.000000	0.711500	0.279253	2.838911	0.223099	1.112819	1.590873	
2.000000	3.000000	0.000000	0.000000	0.000000	0.000000	0.000000	0.000000	0.000000	0.000000	0.000000	0.000000	0.789874	0.509607	0.000000	0.000000	0.000000	0.908128	0.440807	0.564855	0.000000	0.000000	0.000000	0.261799	0.000000	0.000000	0.716500	0.261799	2.768838	0.210350	1.118478	1.708421	
2.000000	3.000000	0.000000	0.000000	0.000000	0.000000	0.000000	0.000000	0.000000	0.000000	0.000000	0.000000	0.835000	0.566569	0.000000	0.000000	0.000000	0.941876	0.424438	0.583450	0.000000	0.000000	0.000000	0.244346	0.000000	0.000000	0.721500	0.244346	2.697927	0.182418	1.124294	1.827741	
2.000000	3.000000	0.000000	0.000000	0.000000	0.000000	0.000000	0.000000	0.000000	0.000000	0.000000	0.000000	0.920617	0.685833	0.000000	0.000000	0.000000	0.977158	0.406949	0.603033	0.000000	0.000000	0.000000	0.209440	0.000000	0.000000	0.727500	0.209440	2.553515	0.157210	1.134368	1.946336	
2.000000	3.000000	0.000000	0.000000	0.000000	0.000000	0.000000	0.000000	0.000000	0.000000	0.000000	0.000000	0.962034	0.747066	0.000000	0.000000	0.000000	0.995566	0.397413	0.612938	0.000000	0.000000	0.000000	0.174533	0.000000	0.000000	0.730500	0.174533	2.480541	0.143500	1.139066	2.065668	
2.000000	3.000000	0.000000	0.000000	0.000000	0.000000	0.000000	0.000000	0.000000	0.000000	0.000000	0.000000	1.002455	0.808370	0.000000	0.000000	0.000000	1.012440	0.387014	0.619557	0.000000	0.000000	0.000000	0.174533	0.000000	0.000000	0.730500	0.174533	2.407974	0.131218	1.143658	2.185452	
2.000000	3.000000	0.000000	0.000000	0.000000	0.000000	0.000000	0.000000	0.000000	0.000000	0.000000	0.000000	1.040951	0.870813	0.000000	0.000000	0.000000	1.029314	0.377020	0.626856	0.000000	0.000000	0.000000	0.157080	0.000000	0.000000	0.731500	0.157080	2.335212	0.118271	1.147585	2.305660	
2.000000	3.000000	0.000000	0.000000	0.000000	0.000000	0.000000	0.000000	0.000000	0.000000	0.000000	0.000000	1.079517	0.934253	0.000000	0.000000	0.000000	1.047722	0.365418	0.633689	0.000000	0.000000	0.000000	0.139626	0.000000	0.000000	0.731500	0.139626	2.261548	0.103891	1.151613	2.424223	
2.000000	3.000000	0.000000	0.000000	0.000000	0.000000	0.000000	0.000000	0.000000	0.000000	0.000000	0.000000	1.152659	1.061415	0.000000	0.000000	0.000000	1.064596	0.354188	0.638890	0.000000	0.000000	0.000000	0.122173	0.000000	0.000000	0.730500	0.122173	2.115679	0.094132	1.158728	2.543547	
2.000000	3.000000	0.000000	0.000000	0.000000	0.000000	0.000000	0.000000	0.000000	0.000000	0.000000	0.000000	1.188303	1.126064	0.000000	0.000000	0.000000	1.081470	0.342888	0.643893	0.000000	0.000000	0.000000	0.104720	0.000000	0.000000	0.729500	0.104720	2.042177	0.080572	1.162042	2.665021	
2.000000	3.000000	0.000000	0.000000	0.000000	0.000000	0.000000	0.000000	0.000000	0.000000	0.000000	0.000000	1.222950	1.190783	0.000000	0.000000	0.000000	1.081470	0.342888	0.643893	0.000000	0.000000	0.000000	0.104720	0.000000	0.000000	0.729500	0.104720	1.969028	0.083654	1.165124	2.784989	
2.000000	3.000000	0.000000	0.000000	0.000000	0.000000	0.000000	0.000000	0.000000	0.000000	0.000000	0.000000	1.257597	1.255503	0.000000	0.000000	0.000000	1.099878	0.328709	0.645640	0.000000	0.000000	0.000000	0.104720	0.000000	0.000000	0.724500	0.104720	1.895899	0.068566	1.168444	2.906237	
2.000000	3.000000	0.000000	0.000000	0.000000	0.000000	0.000000	0.000000	0.000000	0.000000	0.000000	0.000000	1.290248	1.320363	0.000000	0.000000	0.000000	1.099878	0.327802	0.643857	0.000000	0.000000	0.000000	0.087266	0.000000	0.000000	0.722500	0.087266	1.823438	0.071114	1.170992	3.006247	
2.000000	3.000000	0.000000	0.000000	0.000000	0.000000	0.000000	0.000000	0.000000	0.000000	0.000000	0.000000	1.322900	1.385224	0.000000	0.000000	0.000000	1.116752	0.315137	0.645702	0.000000	0.000000	0.000000	0.087266	0.000000	0.000000	0.718500	0.087266	1.750990	0.056999	1.173751	3.129366	
2.000000	3.000000	0.000000	0.000000	0.000000	0.000000	0.000000	0.000000	0.000000	0.000000	0.000000	0.000000	1.354554	1.450155	0.000000	0.000000	0.000000	1.116752	0.313382	0.642107	0.000000	0.000000	0.000000	0.069813	0.000000	0.000000	0.714500	0.069813	1.678875	0.059431	1.176183	3.249722	
2.000000	3.000000	0.000000	0.000000	0.000000	0.000000	0.000000	0.000000	0.000000	0.000000	0.000000	0.000000	1.415726	1.578162	0.000000	0.000000	0.000000	1.135160	0.297290	0.638701	0.000000	0.000000	0.000000	0.069813	0.000000	0.000000	0.704500	0.069813	1.537205	0.045745	1.180905	3.372911	
2.000000	3.000000	0.000000	0.000000	0.000000	0.000000	0.000000	0.000000	0.000000	0.000000	0.000000	0.000000	1.445315	1.642236	0.000000	0.000000	0.000000	1.152034	0.283624	0.637231	0.000000	0.000000	0.000000	0.069813	0.000000	0.000000	0.697500	0.069813	1.466696	0.030926	1.182960	3.492572	
2.000000	3.000000	0.000000	0.000000	0.000000	0.000000	0.000000	0.000000	0.000000	0.000000	0.000000	0.000000	1.474904	1.706311	0.000000	0.000000	0.000000	1.152034	0.283624	0.637231	0.000000	0.000000	0.000000	0.069813	0.000000	0.000000	0.697500	0.069813	1.396194	0.033188	1.185222	3.614370	
2.000000	3.000000	0.000000	0.000000	0.000000	0.000000	0.000000	0.000000	0.000000	0.000000	0.000000	0.000000	1.502427	1.769528	0.000000	0.000000	0.000000	1.152034	0.277525	0.623527	0.000000	0.000000	0.000000	0.052360	0.000000	0.000000	0.682500	0.052360	1.327268	0.034489	1.186523	3.735219	
2.000000	3.000000	0.000000	0.000000	0.000000	0.000000	0.000000	0.000000	0.000000	0.000000	0.000000	0.000000	1.529879	1.831749	0.000000	0.000000	0.000000	1.152034	0.273865	0.615305	0.000000	0.000000	0.000000	0.034907	0.000000	0.000000	0.673500	0.034907	1.259295	0.036177	1.188211	3.858084	
2.000000	3.000000	0.000000	0.000000	0.000000	0.000000	0.000000	0.000000	0.000000	0.000000	0.000000	0.000000	1.582578	1.953337	0.000000	0.000000	0.000000	1.168908	0.254448	0.598671	0.000000	0.000000	0.000000	0.034907	0.000000	0.000000	0.650500	0.034907	1.126829	0.022406	1.191314	3.978326	
2.000000	3.000000	0.000000	0.000000	0.000000	0.000000	0.000000	0.000000	0.000000	0.000000	0.000000	0.000000	1.607754	2.011708	0.000000	0.000000	0.000000	1.168908	0.249363	0.586707	0.000000	0.000000	0.000000	0.034907	0.000000	0.000000	0.637500	0.034907	1.063286	0.024063	1.192971	4.098487	
2.000000	3.000000	0.000000	0.000000	0.000000	0.000000	0.000000	0.000000	0.000000	0.000000	0.000000	0.000000	1.633000	2.071077	0.000000	0.000000	0.000000	1.168908	0.249363	0.586707	0.000000	0.000000	0.000000	0.034907	0.000000	0.000000	0.637500	0.034907	0.998793	0.025630	1.194538	4.218179	
2.000000	3.000000	0.000000	0.000000	0.000000	0.000000	0.000000	0.000000	0.000000	0.000000	0.000000	0.000000	1.657038	2.127524	0.000000	0.000000	0.000000	1.168908	0.237628	0.559097	0.000000	0.000000	0.000000	0.034907	0.000000	0.000000	0.607500	0.034907	0.937464	0.027352	1.196260	4.318198	
2.000000	3.000000	0.000000	0.000000	0.000000	0.000000	0.000000	0.000000	0.000000	0.000000	0.000000	0.000000	1.678939	2.182116	0.000000	0.000000	0.000000	1.187316	0.220562	0.546683	0.000000	0.000000	0.000000	0.034907	0.000000	0.000000	0.589500	0.034907	0.878644	0.009412	1.196728	4.438535	
2.000000	3.000000	0.000000	0.000000	0.000000	0.000000	0.000000	0.000000	0.000000	0.000000	0.000000	0.000000	1.701767	2.235640	0.000000	0.000000	0.000000	1.187316	0.213453	0.529063	0.000000	0.000000	0.000000	0.034907	0.000000	0.000000	0.570500	0.034907	0.820481	0.011474	1.198790	4.558240	
2.000000	3.000000	0.000000	0.000000	0.000000	0.000000	0.000000	0.000000	0.000000	0.000000	0.000000	0.000000	1.741943	2.336059	0.000000	0.000000	0.000000	1.187316	0.197738	0.490114	0.000000	0.000000	0.000000	0.017453	0.000000	0.000000	0.528500	0.017453	0.712328	0.012776	1.200092	4.678178	
2.000000	3.000000	0.000000	0.000000	0.000000	0.000000	0.000000	0.000000	0.000000	0.000000	0.000000	0.000000	1.761356	2.383810	0.000000	0.000000	0.000000	1.187316	0.189133	0.468785	0.000000	0.000000	0.000000	0.017453	0.000000	0.000000	0.505500	0.017453	0.660788	0.013980	1.201296	4.804131	
2.000000	3.000000	0.000000	0.000000	0.000000	0.000000	0.000000	0.000000	0.000000	0.000000	0.000000	0.000000	1.779772	2.431631	0.000000	0.000000	0.000000	1.187316	0.189133	0.468785	0.000000	0.000000	0.000000	0.017453	0.000000	0.000000	0.505500	0.017453	0.609544	0.013819	1.201135	4.924908	
2.000000	3.000000	0.000000	0.000000	0.000000	0.000000	0.000000	0.000000	0.000000	0.000000	0.000000	0.000000	1.797906	2.475462	0.000000	0.000000	0.000000	1.187316	0.177908	0.440964	0.000000	0.000000	0.000000	0.017453	0.000000	0.000000	0.475500	0.017453	0.562123	0.015727	1.203043	5.046386	
2.000000	3.000000	0.000000	0.000000	0.000000	0.000000	0.000000	0.000000	0.000000	0.000000	0.000000	0.000000	1.813903	2.517439	0.000000	0.000000	0.000000	1.204190	0.159331	0.414963	0.000000	0.000000	0.000000	0.017453	0.000000	0.000000	0.444500	0.017453	0.517201	-0.001463	1.202727	5.168688	
2.000000	3.000000	0.000000	0.000000	0.000000	0.000000	0.000000	0.000000	0.000000	0.000000	0.000000	0.000000	1.843270	2.592556	0.000000	0.000000	0.000000	1.204190	0.137465	0.358016	0.000000	0.000000	0.000000	0.017453	0.000000	0.000000	0.383500	0.017453	0.436549	-0.000613	1.203577	5.289041	
2.000000	3.000000	0.000000	0.000000	0.000000	0.000000	0.000000	0.000000	0.000000	0.000000	0.000000	0.000000	1.856638	2.625697	0.000000	0.000000	0.000000	1.204190	0.127966	0.333277	0.000000	0.000000	0.000000	0.000000	0.000000	0.000000	0.357000	0.000000	0.400819	0.000832	1.205022	5.411960	
2.000000	3.000000	0.000000	0.000000	0.000000	0.000000	0.000000	0.000000	0.000000	0.000000	0.000000	0.000000	1.870077	2.659835	0.000000	0.000000	0.000000	1.204190	0.127966	0.333277	0.000000	0.000000	0.000000	0.000000	0.000000	0.000000	0.357000	0.000000	0.364132	0.001765	1.205955	5.535330	
2.000000	3.000000	0.000000	0.000000	0.000000	0.000000	0.000000	0.000000	0.000000	0.000000	0.000000	0.000000	1.881239	2.690123	0.000000	0.000000	0.000000	1.204190	0.117213	0.305271	0.000000	0.000000	0.000000	0.000000	0.000000	0.000000	0.327000	0.000000	0.331855	0.000621	1.204811	5.659149	
2.000000	3.000000	0.000000	0.000000	0.000000	0.000000	0.000000	0.000000	0.000000	0.000000	0.000000	0.000000	1.892260	2.718417	0.000000	0.000000	0.000000	1.204190	0.106459	0.277264	0.000000	0.000000	0.000000	0.000000	0.000000	0.000000	0.297000	0.000000	0.301491	0.001171	1.205361	5.783454	
2.000000	3.000000	0.000000	0.000000	0.000000	0.000000	0.000000	0.000000	0.000000	0.000000	0.000000	0.000000	1.910605	2.765241	0.000000	0.000000	0.000000	1.204190	0.086028	0.224052	0.000000	0.000000	0.000000	0.000000	0.000000	0.000000	0.240000	0.000000	0.251204	0.002767	1.206957	5.909270	
2.000000	3.000000	0.000000	0.000000	0.000000	0.000000	0.000000	0.000000	0.000000	0.000000	0.000000	0.000000	1.919068	2.785695	0.000000	0.000000	0.000000	1.204190	0.078500	0.204447	0.000000	0.000000	0.000000	0.000000	0.000000	0.000000	0.219000	0.000000	0.229077	0.005514	1.209704	6.032012	
2.000000	3.000000	0.000000	0.000000	0.000000	0.000000	0.000000	0.000000	0.000000	0.000000	0.000000	0.000000	1.926533	2.806220	0.000000	0.000000	0.000000	1.204190	0.078500	0.204447	0.000000	0.000000	0.000000	0.000000	0.000000	0.000000	0.219000	0.000000	0.207239	0.004222	1.208412	6.156989	
2.000000	3.000000	0.000000	0.000000	0.000000	0.000000	0.000000	0.000000	0.000000	0.000000	0.000000	0.000000	1.933857	2.824750	0.000000	0.000000	0.000000	1.204190	0.067747	0.176441	0.000000	0.000000	0.000000	0.000000	0.000000	0.000000	0.189000	0.000000	0.187316	0.005713	1.209903	6.280807	
2.000000	3.000000	0.000000	0.000000	0.000000	0.000000	0.000000	0.000000	0.000000	0.000000	0.000000	0.000000	1.946016	2.854969	0.000000	0.000000	0.000000	1.204190	0.054843	0.142833	0.000000	0.000000	0.000000	0.000000	0.000000	0.000000	0.153000	0.000000	0.154753	0.010274	1.214464	6.403365	
2.000000	3.000000	0.000000	0.000000	0.000000	0.000000	0.000000	0.000000	0.000000	0.000000	0.000000	0.000000	1.950922	2.867654	0.000000	0.000000	0.000000	1.204190	0.049824	0.129763	0.000000	0.000000	0.000000	0.000000	0.000000	0.000000	0.139000	0.000000	0.141152	0.011497	1.215687	6.527283	
2.000000	3.000000	0.000000	0.000000	0.000000	0.000000	0.000000	0.000000	0.000000	0.000000	0.000000	0.000000	1.955829	2.880340	0.000000	0.000000	0.000000	1.204190	0.049824	0.129763	0.000000	0.000000	0.000000	0.000000	0.000000	0.000000	0.139000	0.000000	0.127552	0.012981	1.217171	6.653363	
2.000000	3.000000	0.000000	0.000000	0.000000	0.000000	0.000000	0.000000	0.000000	0.000000	0.000000	0.000000	1.959596	2.891101	0.000000	0.000000	0.000000	1.204190	0.041042	0.106891	0.000000	0.000000	0.000000	0.017453	0.000000	0.000000	0.114500	0.017453	0.116152	0.011327	1.215517	6.780356	
2.000000	3.000000	0.000000	0.000000	0.000000	0.000000	0.000000	0.000000	0.000000	0.000000	0.000000	0.000000	1.966991	2.910629	0.000000	0.000000	0.000000	1.204190	0.033873	0.088220	0.000000	0.000000	0.000000	0.017453	0.000000	0.000000	0.094500	0.017453	0.095272	0.012796	1.216986	6.905682	
2.000000	3.000000	0.000000	0.000000	0.000000	0.000000	0.000000	0.000000	0.000000	0.000000	0.000000	0.000000	1.970547	2.918398	0.000000	0.000000	0.000000	1.204190	0.031006	0.080752	0.000000	0.000000	0.000000	0.017453	0.000000	0.000000	0.086500	0.017453	0.086755	0.020223	1.224413	7.030989	
2.000000	3.000000	0.000000	0.000000	0.000000	0.000000	0.000000	0.000000	0.000000	0.000000	0.000000	0.000000	1.973106	2.926237	0.000000	0.000000	0.000000	1.204190	0.031006	0.080752	0.000000	0.000000	0.000000	0.017453	0.000000	0.000000	0.086500	0.017453	0.078513	0.016980	1.221170	7.154009	
2.000000	3.000000	0.000000	0.000000	0.000000	0.000000	0.000000	0.000000	0.000000	0.000000	0.000000	0.000000	1.975594	2.933079	0.000000	0.000000	0.000000	1.204190	0.025271	0.065815	0.000000	0.000000	0.000000	0.017453	0.000000	0.000000	0.070500	0.017453	0.071233	0.016899	1.221088	7.277968	
2.000000	3.000000	0.000000	0.000000	0.000000	0.000000	0.000000	0.000000	0.000000	0.000000	0.000000	0.000000	1.978082	2.939920	0.000000	0.000000	0.000000	1.221064	0.022101	0.060595	0.000000	0.000000	0.000000	0.034907	0.000000	0.000000	0.064500	0.034907	0.063953	-0.000076	1.220988	7.378164	
2.000000	3.000000	0.000000	0.000000	0.000000	0.000000	0.000000	0.000000	0.000000	0.000000	0.000000	0.000000	1.980430	2.944767	0.000000	0.000000	0.000000	1.221064	0.020045	0.054959	0.000000	0.000000	0.000000	0.017453	0.000000	0.000000	0.058500	0.017453	0.058598	0.009211	1.230275	7.503194	
2.000000	3.000000	0.000000	0.000000	0.000000	0.000000	0.000000	0.000000	0.000000	0.000000	0.000000	0.000000	1.984127	2.954531	0.000000	0.000000	0.000000	1.221064	0.016447	0.045094	0.000000	0.000000	0.000000	0.000000	0.000000	0.000000	0.048000	0.000000	0.048160	0.013862	1.234926	7.626653	
