2.000000	3.000000	0.000000	0.000000	0.000000	0.982794	0.000000	0.000000	0.000000	0.000000	0.000000	9.827937	0.040000	-0.008533	0.000000	0.000000	0.000000	0.098279	0.400000	-0.085330	0.000000	0.000000	0.000000	0.982794	0.883931	0.982794	0.883931	0.982794	3.605551	0.982794	0.982794	0.101471	
2.000000	3.000000	0.000000	0.000000	0.000000	0.993381	0.000000	0.000000	0.000000	0.000000	0.000000	9.933812	0.085461	-0.011860	0.000000	0.000000	0.000000	0.187790	0.454607	-0.033270	0.000000	0.000000	0.000000	0.895102	0.889900	0.895102	0.889900	0.895102	3.590664	0.895102	0.993381	0.479224	
2.000000	3.000000	0.000000	0.000000	0.000000	1.004563	0.000000	0.000000	0.000000	0.000000	0.000000	10.045633	0.134789	-0.009705	0.000000	0.000000	0.000000	0.269467	0.493280	0.021553	0.000000	0.000000	0.000000	0.816774	0.890814	0.816774	0.890814	0.816774	3.568860	0.816774	1.004563	0.583506	
2.000000	3.000000	0.000000	0.000000	0.000000	1.015994	0.000000	0.000000	0.000000	0.000000	0.000000	10.159940	0.186621	-0.002114	0.000000	0.000000	0.000000	0.344120	0.518324	0.075910	0.000000	0.000000	0.000000	0.746527	0.887420	0.746527	0.887420	0.746527	3.540810	0.746527	1.015994	0.683712	
2.000000	3.000000	0.000000	0.000000	0.000000	1.027416	0.000000	0.000000	0.000000	0.000000	0.000000	10.274159	0.239831	0.010653	0.000000	0.000000	0.000000	0.412449	0.532100	0.127672	0.000000	0.000000	0.000000	0.683296	0.880434	0.683296	0.880434	0.683296	3.507282	0.683296	1.027416	0.788056	
2.000000	3.000000	0.000000	0.000000	0.000000	1.038642	0.000000	0.000000	0.000000	0.000000	0.000000	10.386425	0.293513	0.028207	0.000000	0.000000	0.000000	0.475069	0.536823	0.175539	0.000000	0.000000	0.000000	0.626193	0.870511	0.626193	0.870511	0.626193	3.469062	0.626193	1.038642	0.882893	
2.000000	3.000000	0.000000	0.000000	0.000000	1.049542	0.000000	0.000000	0.000000	0.000000	0.000000	10.495424	0.346959	0.050089	0.000000	0.000000	0.000000	0.532516	0.534461	0.218815	0.000000	0.000000	0.000000	0.574474	0.858235	0.574474	0.858235	0.574474	3.426901	0.574474	1.049542	0.982876	
2.000000	3.000000	0.000000	0.000000	0.000000	1.060027	0.000000	0.000000	0.000000	0.000000	0.000000	10.600267	0.399630	0.075811	0.000000	0.000000	0.000000	0.585267	0.526703	0.257225	0.000000	0.000000	0.000000	0.527511	0.844113	0.527511	0.844113	0.527511	3.381497	0.527511	1.060027	1.082892	
2.000000	3.000000	0.000000	0.000000	0.000000	1.070038	0.000000	0.000000	0.000000	0.000000	0.000000	10.700385	0.451125	0.104889	0.000000	0.000000	0.000000	0.633744	0.514954	0.290778	0.000000	0.000000	0.000000	0.484771	0.828583	0.484771	0.828583	0.484771	3.333476	0.484771	1.070038	1.183120	
2.000000	3.000000	0.000000	0.000000	0.000000	1.079545	0.000000	0.000000	0.000000	0.000000	0.000000	10.795448	0.501162	0.136856	0.000000	0.000000	0.000000	0.678324	0.500366	0.319668	0.000000	0.000000	0.000000	0.445801	0.812013	0.445801	0.812013	0.445801	3.283395	0.445801	1.079545	1.282920	
2.000000	3.000000	0.000000	0.000000	0.000000	1.088531	0.000000	0.000000	0.000000	0.000000	0.000000	10.885308	0.549548	0.171276	0.000000	0.000000	0.000000	0.719345	0.483859	0.344197	0.000000	0.000000	0.000000	0.410207	0.794712	0.410207	0.794712	0.410207	3.231735	0.410207	1.088531	1.382929	
2.000000	3.000000	0.000000	0.000000	0.000000	1.096994	0.000000	0.000000	0.000000	0.000000	0.000000	10.969941	0.596164	0.207748	0.000000	0.000000	0.000000	0.757110	0.466163	0.364728	0.000000	0.000000	0.000000	0.377649	0.776938	0.377649	0.776938	0.377649	3.178914	0.377649	1.096994	1.483137	
2.000000	3.000000	0.000000	0.000000	0.000000	1.104942	0.000000	0.000000	0.000000	0.000000	0.000000	11.049421	0.640948	0.245913	0.000000	0.000000	0.000000	0.791893	0.447842	0.381645	0.000000	0.000000	0.000000	0.347832	0.758899	0.347832	0.758899	0.347832	3.125288	0.347832	1.104942	1.583051	
2.000000	3.000000	0.000000	0.000000	0.000000	1.112389	0.000000	0.000000	0.000000	0.000000	0.000000	11.123885	0.683881	0.285446	0.000000	0.000000	0.000000	0.823943	0.429329	0.395332	0.000000	0.000000	0.000000	0.320495	0.740768	0.320495	0.740768	0.320495	3.071159	0.320495	1.112389	1.682905	
2.000000	3.000000	0.000000	0.000000	0.000000	1.119352	0.000000	0.000000	0.000000	0.000000	0.000000	11.193517	0.724976	0.326062	0.000000	0.000000	0.000000	0.853484	0.410947	0.406158	0.000000	0.000000	0.000000	0.295409	0.722681	0.295409	0.722681	0.295409	3.016782	0.295409	1.119352	1.782923	
2.000000	3.000000	0.000000	0.000000	0.000000	1.125853	0.000000	0.000000	0.000000	0.000000	0.000000	11.258528	0.764269	0.367509	0.000000	0.000000	0.000000	0.880720	0.392933	0.414469	0.000000	0.000000	0.000000	0.272369	0.704749	0.272369	0.704749	0.272369	2.962369	0.272369	1.125853	1.882941	
2.000000	3.000000	0.000000	0.000000	0.000000	1.131915	0.000000	0.000000	0.000000	0.000000	0.000000	11.319147	0.801815	0.409567	0.000000	0.000000	0.000000	0.905840	0.375456	0.420583	0.000000	0.000000	0.000000	0.251194	0.687055	0.251194	0.687055	0.251194	2.908099	0.251194	1.131915	1.982983	
2.000000	3.000000	0.000000	0.000000	0.000000	1.137561	0.000000	0.000000	0.000000	0.000000	0.000000	11.375612	0.837678	0.452046	0.000000	0.000000	0.000000	0.929012	0.358631	0.424786	0.000000	0.000000	0.000000	0.231721	0.669667	0.231721	0.669667	0.231721	2.854118	0.231721	1.137561	2.090256	
2.000000	3.000000	0.000000	0.000000	0.000000	1.142816	0.000000	0.000000	0.000000	0.000000	0.000000	11.428162	0.871931	0.494779	0.000000	0.000000	0.000000	0.950392	0.342531	0.427336	0.000000	0.000000	0.000000	0.213804	0.652634	0.213804	0.652634	0.213804	2.800547	0.213804	1.142816	2.190027	
2.000000	3.000000	0.000000	0.000000	0.000000	1.147704	0.000000	0.000000	0.000000	0.000000	0.000000	11.477035	0.904651	0.537625	0.000000	0.000000	0.000000	0.970124	0.327198	0.428460	0.000000	0.000000	0.000000	0.197311	0.635992	0.197311	0.635992	0.197311	2.747484	0.197311	1.147704	2.290165	
2.000000	3.000000	0.000000	0.000000	0.000000	1.152246	0.000000	0.000000	0.000000	0.000000	0.000000	11.522463	0.935916	0.580461	0.000000	0.000000	0.000000	0.988336	0.312649	0.428362	0.000000	0.000000	0.000000	0.182123	0.619766	0.182123	0.619766	0.182123	2.695010	0.182123	1.152246	2.390141	
2.000000	3.000000	0.000000	0.000000	0.000000	1.156467	0.000000	0.000000	0.000000	0.000000	0.000000	11.564670	0.965804	0.623183	0.000000	0.000000	0.000000	1.005149	0.298884	0.427216	0.000000	0.000000	0.000000	0.168131	0.603972	0.168131	0.603972	0.168131	2.643188	0.168131	1.156467	2.490132	
2.000000	3.000000	0.000000	0.000000	0.000000	1.160387	0.000000	0.000000	0.000000	0.000000	0.000000	11.603869	0.994393	0.665701	0.000000	0.000000	0.000000	1.020673	0.285888	0.425180	0.000000	0.000000	0.000000	0.155238	0.588619	0.155238	0.588619	0.155238	2.592069	0.155238	1.160387	2.590305	
2.000000	3.000000	0.000000	0.000000	0.000000	1.164027	0.000000	0.000000	0.000000	0.000000	0.000000	11.640265	1.021757	0.707940	0.000000	0.000000	0.000000	1.035008	0.273640	0.422386	0.000000	0.000000	0.000000	0.143354	0.573712	0.143354	0.573712	0.143354	2.541692	0.143354	1.164027	2.690133	
2.000000	3.000000	0.000000	0.000000	0.000000	1.167405	0.000000	0.000000	0.000000	0.000000	0.000000	11.674051	1.047968	0.749835	0.000000	0.000000	0.000000	1.048248	0.262109	0.418953	0.000000	0.000000	0.000000	0.132397	0.559248	0.132397	0.559248	0.132397	2.492088	0.132397	1.167405	2.790319	
2.000000	3.000000	0.000000	0.000000	0.000000	1.170541	0.000000	0.000000	0.000000	0.000000	0.000000	11.705408	1.073094	0.791333	0.000000	0.000000	0.000000	1.060477	0.251263	0.414983	0.000000	0.000000	0.000000	0.122293	0.545224	0.122293	0.545224	0.122293	2.443278	0.122293	1.170541	2.890099	
2.000000	3.000000	0.000000	0.000000	0.000000	1.173451	0.000000	0.000000	0.000000	0.000000	0.000000	11.734509	1.097201	0.832389	0.000000	0.000000	0.000000	1.071774	0.241065	0.410563	0.000000	0.000000	0.000000	0.112974	0.531631	0.112974	0.531631	0.112974	2.395279	0.112974	1.173451	2.990272	
2.000000	3.000000	0.000000	0.000000	0.000000	1.176151	0.000000	0.000000	0.000000	0.000000	0.000000	11.761513	1.120348	0.872966	0.000000	0.000000	0.000000	1.082212	0.231479	0.405770	0.000000	0.000000	0.000000	0.104377	0.518460	0.104377	0.518460	0.104377	2.348102	0.104377	1.176151	3.090085	
2.000000	3.000000	0.000000	0.000000	0.000000	1.178657	0.000000	0.000000	0.000000	0.000000	0.000000	11.786570	1.142595	0.913033	0.000000	0.000000	0.000000	1.091857	0.222467	0.400669	0.000000	0.000000	0.000000	0.096445	0.505701	0.096445	0.505701	0.096445	2.301751	0.096445	1.178657	3.190173	
2.000000	3.000000	0.000000	0.000000	0.000000	1.180982	0.000000	0.000000	0.000000	0.000000	0.000000	11.809820	1.163994	0.952565	0.000000	0.000000	0.000000	1.100769	0.213994	0.395318	0.000000	0.000000	0.000000	0.089125	0.493341	0.089125	0.493341	0.089125	2.256230	0.089125	1.180982	3.290133	
2.000000	3.000000	0.000000	0.000000	0.000000	1.183139	0.000000	0.000000	0.000000	0.000000	0.000000	11.831395	1.184597	0.991542	0.000000	0.000000	0.000000	1.109006	0.206023	0.389766	0.000000	0.000000	0.000000	0.082370	0.481367	0.082370	0.481367	0.082370	2.211537	0.082370	1.183139	3.390296	
2.000000	3.000000	0.000000	0.000000	0.000000	1.185141	0.000000	0.000000	0.000000	0.000000	0.000000	11.851414	1.204449	1.029947	0.000000	0.000000	0.000000	1.116620	0.198520	0.384054	0.000000	0.000000	0.000000	0.076135	0.469767	0.076135	0.469767	0.076135	2.167669	0.076135	1.185141	3.490232	
2.000000	3.000000	0.000000	0.000000	0.000000	1.186999	0.000000	0.000000	0.000000	0.000000	0.000000	11.869992	1.223594	1.067769	0.000000	0.000000	0.000000	1.123658	0.191453	0.378220	0.000000	0.000000	0.000000	0.070379	0.458527	0.070379	0.458527	0.070379	2.124620	0.070379	1.186999	3.590139	
2.000000	3.000000	0.000000	0.000000	0.000000	1.188723	0.000000	0.000000	0.000000	0.000000	0.000000	11.887233	1.242073	1.104999	0.000000	0.000000	0.000000	1.130164	0.184792	0.372295	0.000000	0.000000	0.000000	0.065066	0.447634	0.065066	0.447634	0.065066	2.082384	0.065066	1.188723	3.690163	
2.000000	3.000000	0.000000	0.000000	0.000000	1.190324	0.000000	0.000000	0.000000	0.000000	0.000000	11.903235	1.259924	1.141629	0.000000	0.000000	0.000000	1.136180	0.178507	0.366305	0.000000	0.000000	0.000000	0.060159	0.437075	0.060159	0.437075	0.060159	2.040952	0.060159	1.190324	3.790247	
2.000000	3.000000	0.000000	0.000000	0.000000	1.191809	0.000000	0.000000	0.000000	0.000000	0.000000	11.918089	1.277181	1.177657	0.000000	0.000000	0.000000	1.141743	0.172572	0.360275	0.000000	0.000000	0.000000	0.055629	0.426836	0.055629	0.426836	0.055629	2.000314	0.055629	1.191809	3.890149	
2.000000	3.000000	0.000000	0.000000	0.000000	1.193188	0.000000	0.000000	0.000000	0.000000	0.000000	11.931877	1.293877	1.213079	0.000000	0.000000	0.000000	1.146888	0.166960	0.354223	0.000000	0.000000	0.000000	0.051445	0.416905	0.051445	0.416905	0.051445	1.960460	0.051445	1.193188	3.990483	
2.000000	3.000000	0.000000	0.000000	0.000000	1.194468	0.000000	0.000000	0.000000	0.000000	0.000000	11.944678	1.310042	1.247896	0.000000	0.000000	0.000000	1.151646	0.161649	0.348167	0.000000	0.000000	0.000000	0.047580	0.407270	0.047580	0.407270	0.047580	1.921379	0.047580	1.194468	4.090292	
2.000000	3.000000	0.000000	0.000000	0.000000	1.195656	0.000000	0.000000	0.000000	0.000000	0.000000	11.956565	1.325704	1.282108	0.000000	0.000000	0.000000	1.156047	0.156617	0.342122	0.000000	0.000000	0.000000	0.044011	0.397918	0.044011	0.397918	0.044011	1.883059	0.044011	1.195656	4.190290	
2.000000	3.000000	0.000000	0.000000	0.000000	1.196760	0.000000	0.000000	0.000000	0.000000	0.000000	11.967603	1.340888	1.315718	0.000000	0.000000	0.000000	1.160118	0.151844	0.336100	0.000000	0.000000	0.000000	0.040714	0.388839	0.040714	0.388839	0.040714	1.845489	0.040714	1.196760	4.290350	
2.000000	3.000000	0.000000	0.000000	0.000000	1.197786	0.000000	0.000000	0.000000	0.000000	0.000000	11.977855	1.355619	1.348729	0.000000	0.000000	0.000000	1.163885	0.147310	0.330112	0.000000	0.000000	0.000000	0.037668	0.380022	0.037668	0.380022	0.037668	1.808655	0.037668	1.197786	4.390408	
2.000000	3.000000	0.000000	0.000000	0.000000	1.198738	0.000000	0.000000	0.000000	0.000000	0.000000	11.987379	1.369919	1.381146	0.000000	0.000000	0.000000	1.167370	0.143000	0.324167	0.000000	0.000000	0.000000	0.034853	0.371456	0.034853	0.371456	0.034853	1.772547	0.034853	1.198738	4.490383	
2.000000	3.000000	0.000000	0.000000	0.000000	1.199623	0.000000	0.000000	0.000000	0.000000	0.000000	11.996227	1.383809	1.412973	0.000000	0.000000	0.000000	1.170595	0.138896	0.318273	0.000000	0.000000	0.000000	0.032253	0.363131	0.032253	0.363131	0.032253	1.737150	0.032253	1.199623	4.590324	
2.000000	3.000000	0.000000	0.000000	0.000000	1.200445	0.000000	0.000000	0.000000	0.000000	0.000000	12.004448	1.397307	1.444217	0.000000	0.000000	0.000000	1.173580	0.134984	0.312437	0.000000	0.000000	0.000000	0.029849	0.355037	0.029849	0.355037	0.029849	1.702453	0.029849	1.200445	4.690289	
2.000000	3.000000	0.000000	0.000000	0.000000	1.201209	0.000000	0.000000	0.000000	0.000000	0.000000	12.012089	1.410432	1.474883	0.000000	0.000000	0.000000	1.176343	0.131251	0.306663	0.000000	0.000000	0.000000	0.027629	0.347166	0.027629	0.347166	0.027629	1.668442	0.027629	1.201209	4.790419	
2.000000	3.000000	0.000000	0.000000	0.000000	1.201919	0.000000	0.000000	0.000000	0.000000	0.000000	12.019191	1.423201	1.504979	0.000000	0.000000	0.000000	1.178901	0.127684	0.300956	0.000000	0.000000	0.000000	0.025576	0.339508	0.025576	0.339508	0.025576	1.635106	0.025576	1.201919	4.890283	
2.000000	3.000000	0.000000	0.000000	0.000000	1.202579	0.000000	0.000000	0.000000	0.000000	0.000000	12.025793	1.435628	1.534511	0.000000	0.000000	0.000000	1.181269	0.124273	0.295321	0.000000	0.000000	0.000000	0.023679	0.332056	0.023679	0.332056	0.023679	1.602431	0.023679	1.202579	4.990239	
2.000000	3.000000	0.000000	0.000000	0.000000	1.203193	0.000000	0.000000	0.000000	0.000000	0.000000	12.031932	1.447729	1.563487	0.000000	0.000000	0.000000	1.183461	0.121005	0.289760	0.000000	0.000000	0.000000	0.021925	0.324801	0.021925	0.324801	0.021925	1.570406	0.021925	1.203193	5.090220	
2.000000	3.000000	0.000000	0.000000	0.000000	1.203764	0.000000	0.000000	0.000000	0.000000	0.000000	12.037642	1.459516	1.591914	0.000000	0.000000	0.000000	1.185491	0.117873	0.284276	0.000000	0.000000	0.000000	0.020303	0.317737	0.020303	0.317737	0.020303	1.539017	0.020303	1.203764	5.190250	
2.000000	3.000000	0.000000	0.000000	0.000000	1.204295	0.000000	0.000000	0.000000	0.000000	0.000000	12.042953	1.471002	1.619802	0.000000	0.000000	0.000000	1.187372	0.114866	0.278872	0.000000	0.000000	0.000000	0.018804	0.310856	0.018804	0.310856	0.018804	1.508253	0.018804	1.204295	5.290234	
2.000000	3.000000	0.000000	0.000000	0.000000	1.204789	0.000000	0.000000	0.000000	0.000000	0.000000	12.047894	1.482200	1.647156	0.000000	0.000000	0.000000	1.189114	0.111977	0.273548	0.000000	0.000000	0.000000	0.017418	0.304152	0.017418	0.304152	0.017418	1.478102	0.017418	1.204789	5.390476	
2.000000	3.000000	0.000000	0.000000	0.000000	1.205249	0.000000	0.000000	0.000000	0.000000	0.000000	12.052491	1.493120	1.673987	0.000000	0.000000	0.000000	1.190727	0.109198	0.268306	0.000000	0.000000	0.000000	0.016136	0.297618	0.016136	0.297618	0.016136	1.448552	0.016136	1.205249	5.490671	
2.000000	3.000000	0.000000	0.000000	0.000000	1.205677	0.000000	0.000000	0.000000	0.000000	0.000000	12.056771	1.503772	1.700302	0.000000	0.000000	0.000000	1.192222	0.106523	0.263146	0.000000	0.000000	0.000000	0.014950	0.291248	0.014950	0.291248	0.014950	1.419591	0.014950	1.205677	5.590487	
2.000000	3.000000	0.000000	0.000000	0.000000	1.206075	0.000000	0.000000	0.000000	0.000000	0.000000	12.060754	1.514167	1.726109	0.000000	0.000000	0.000000	1.193607	0.103945	0.258071	0.000000	0.000000	0.000000	0.013853	0.285036	0.013853	0.285036	0.013853	1.391207	0.013853	1.206075	5.690248	
2.000000	3.000000	0.000000	0.000000	0.000000	1.206446	0.000000	0.000000	0.000000	0.000000	0.000000	12.064463	1.524312	1.751416	0.000000	0.000000	0.000000	1.194891	0.101458	0.253078	0.000000	0.000000	0.000000	0.012839	0.278978	0.012839	0.278978	0.012839	1.363390	0.012839	1.206446	5.790337	
2.000000	3.000000	0.000000	0.000000	0.000000	1.206792	0.000000	0.000000	0.000000	0.000000	0.000000	12.067917	1.534218	1.776233	0.000000	0.000000	0.000000	1.196081	0.099057	0.248170	0.000000	0.000000	0.000000	0.011900	0.273067	0.011900	0.273067	0.011900	1.336129	0.011900	1.206792	5.890363	
2.000000	3.000000	0.000000	0.000000	0.000000	1.207113	0.000000	0.000000	0.000000	0.000000	0.000000	12.071135	1.543892	1.800568	0.000000	0.000000	0.000000	1.197185	0.096736	0.243345	0.000000	0.000000	0.000000	0.011032	0.267299	0.011032	0.267299	0.011032	1.309411	0.011032	1.207113	5.990434	
2.000000	3.000000	0.000000	0.000000	0.000000	1.207413	0.000000	0.000000	0.000000	0.000000	0.000000	12.074132	1.553341	1.824428	0.000000	0.000000	0.000000	1.198207	0.094492	0.238604	0.000000	0.000000	0.000000	0.010229	0.261669	0.010229	0.261669	0.010229	1.283227	0.010229	1.207413	6.090235	
2.000000	3.000000	0.000000	0.000000	0.000000	1.207693	0.000000	0.000000	0.000000	0.000000	0.000000	12.076926	1.562573	1.847823	0.000000	0.000000	0.000000	1.199156	0.092321	0.233946	0.000000	0.000000	0.000000	0.009485	0.256172	0.009485	0.256172	0.009485	1.257566	0.009485	1.207693	6.190554	
2.000000	3.000000	0.000000	0.000000	0.000000	1.207953	0.000000	0.000000	0.000000	0.000000	0.000000	12.079530	1.571595	1.870760	0.000000	0.000000	0.000000	1.200036	0.090217	0.229371	0.000000	0.000000	0.000000	0.008797	0.250806	0.008797	0.250806	0.008797	1.232418	0.008797	1.207953	6.290663	
2.000000	3.000000	0.000000	0.000000	0.000000	1.208196	0.000000	0.000000	0.000000	0.000000	0.000000	12.081957	1.580413	1.893248	0.000000	0.000000	0.000000	1.200852	0.088179	0.224877	0.000000	0.000000	0.000000	0.008160	0.245564	0.008160	0.245564	0.008160	1.207772	0.008160	1.208196	6.390401	
2.000000	3.000000	0.000000	0.000000	0.000000	1.208422	0.000000	0.000000	0.000000	0.000000	0.000000	12.084221	1.589033	1.915294	0.000000	0.000000	0.000000	1.201609	0.086201	0.220465	0.000000	0.000000	0.000000	0.007570	0.240445	0.007570	0.240445	0.007570	1.183619	0.007570	1.208422	6.490440	
2.000000	3.000000	0.000000	0.000000	0.000000	1.208633	0.000000	0.000000	0.000000	0.000000	0.000000	12.086333	1.597461	1.936908	0.000000	0.000000	0.000000	1.202311	0.084282	0.216133	0.000000	0.000000	0.000000	0.007025	0.235443	0.007025	0.235443	0.007025	1.159949	0.007025	1.208633	6.590289	
2.000000	3.000000	0.000000	0.000000	0.000000	1.208830	0.000000	0.000000	0.000000	0.000000	0.000000	12.088303	1.605703	1.958096	0.000000	0.000000	0.000000	1.202963	0.082418	0.211881	0.000000	0.000000	0.000000	0.006519	0.230555	0.006519	0.230555	0.006519	1.136751	0.006519	1.208830	6.690667	
2.000000	3.000000	0.000000	0.000000	0.000000	1.209014	0.000000	0.000000	0.000000	0.000000	0.000000	12.090141	1.613764	1.978866	0.000000	0.000000	0.000000	1.203568	0.080608	0.207707	0.000000	0.000000	0.000000	0.006051	0.225779	0.006051	0.225779	0.006051	1.114017	0.006051	1.209014	6.790384	
2.000000	3.000000	0.000000	0.000000	0.000000	1.209186	0.000000	0.000000	0.000000	0.000000	0.000000	12.091857	1.621648	1.999227	0.000000	0.000000	0.000000	1.204130	0.078847	0.203611	0.000000	0.000000	0.000000	0.005618	0.221110	0.005618	0.221110	0.005618	1.091738	0.005618	1.209186	6.890543	
2.000000	3.000000	0.000000	0.000000	0.000000	1.209346	0.000000	0.000000	0.000000	0.000000	0.000000	12.093459	1.629362	2.019187	0.000000	0.000000	0.000000	1.204652	0.077135	0.199592	0.000000	0.000000	0.000000	0.005216	0.216546	0.005216	0.216546	0.005216	1.069904	0.005216	1.209346	6.990597	
2.000000	3.000000	0.000000	0.000000	0.000000	1.209496	0.000000	0.000000	0.000000	0.000000	0.000000	12.094956	1.636909	2.038752	0.000000	0.000000	0.000000	1.205136	0.075469	0.195648	0.000000	0.000000	0.000000	0.004844	0.212084	0.004844	0.212084	0.004844	1.048507	0.004844	1.209496	7.090327	
2.000000	3.000000	0.000000	0.000000	0.000000	1.209635	0.000000	0.000000	0.000000	0.000000	0.000000	12.096354	1.644293	2.057929	0.000000	0.000000	0.000000	1.205586	0.073847	0.191779	0.000000	0.000000	0.000000	0.004499	0.207721	0.004499	0.207721	0.004499	1.027538	0.004499	1.209635	7.190320	
2.000000	3.000000	0.000000	0.000000	0.000000	1.209766	0.000000	0.000000	0.000000	0.000000	0.000000	12.097660	1.651520	2.076728	0.000000	0.000000	0.000000	1.206004	0.072267	0.187984	0.000000	0.000000	0.000000	0.004180	0.203454	0.004180	0.203454	0.004180	1.006988	0.004180	1.209766	7.290553	
2.000000	3.000000	0.000000	0.000000	0.000000	1.209888	0.000000	0.000000	0.000000	0.000000	0.000000	12.098881	1.658593	2.095154	0.000000	0.000000	0.000000	1.206392	0.070727	0.184261	0.000000	0.000000	0.000000	0.003884	0.199281	0.003884	0.199281	0.003884	0.986848	0.003884	1.209888	7.390409	
2.000000	3.000000	0.000000	0.000000	0.000000	1.210002	0.000000	0.000000	0.000000	0.000000	0.000000	12.100022	1.665515	2.113215	0.000000	0.000000	0.000000	1.206753	0.069227	0.180609	0.000000	0.000000	0.000000	0.003610	0.195199	0.003610	0.195199	0.003610	0.967112	0.003610	1.210002	7.490367	
2.000000	3.000000	0.000000	0.000000	0.000000	1.210109	0.000000	0.000000	0.000000	0.000000	0.000000	12.101090	1.672292	2.130917	0.000000	0.000000	0.000000	1.207089	0.067764	0.177027	0.000000	0.000000	0.000000	0.003356	0.191205	0.003356	0.191205	0.003356	0.947770	0.003356	1.210109	7.590328	
2.000000	3.000000	0.000000	0.000000	0.000000	1.210209	0.000000	0.000000	0.000000	0.000000	0.000000	12.102088	1.678925	2.148269	0.000000	0.000000	0.000000	1.207401	0.066336	0.173514	0.000000	0.000000	0.000000	0.003120	0.187298	0.003120	0.187298	0.003120	0.928815	0.003120	1.210209	7.690619	
2.000000	3.000000	0.000000	0.000000	0.000000	1.210302	0.000000	0.000000	0.000000	0.000000	0.000000	12.103022	1.685420	2.165276	0.000000	0.000000	0.000000	1.207691	0.064944	0.170069	0.000000	0.000000	0.000000	0.002901	0.183476	0.002901	0.183476	0.002901	0.910239	0.002901	1.210302	7.790664	
2.000000	3.000000	0.000000	0.000000	0.000000	1.210390	0.000000	0.000000	0.000000	0.000000	0.000000	12.103897	1.691778	2.181945	0.000000	0.000000	0.000000	1.207961	0.063585	0.166691	0.000000	0.000000	0.000000	0.002699	0.179735	0.002699	0.179735	0.002699	0.892034	0.002699	1.210390	7.890474	
2.000000	3.000000	0.000000	0.000000	0.000000	1.210472	0.000000	0.000000	0.000000	0.000000	0.000000	12.104716	1.698004	2.198283	0.000000	0.000000	0.000000	1.208212	0.062259	0.163378	0.000000	0.000000	0.000000	0.002511	0.176074	0.002511	0.176074	0.002511	0.874194	0.002511	1.210472	7.990317	
2.000000	3.000000	0.000000	0.000000	0.000000	1.210548	0.000000	0.000000	0.000000	0.000000	0.000000	12.105482	1.704101	2.214296	0.000000	0.000000	0.000000	1.208446	0.060963	0.160130	0.000000	0.000000	0.000000	0.002336	0.172492	0.002336	0.172492	0.002336	0.856710	0.002336	1.210548	8.090574	
2.000000	3.000000	0.000000	0.000000	0.000000	1.210620	0.000000	0.000000	0.000000	0.000000	0.000000	12.106201	1.710070	2.229990	0.000000	0.000000	0.000000	1.208663	0.059698	0.156945	0.000000	0.000000	0.000000	0.002175	0.168986	0.002175	0.168986	0.002175	0.839576	0.002175	1.210620	8.190460	
2.000000	3.000000	0.000000	0.000000	0.000000	1.210687	0.000000	0.000000	0.000000	0.000000	0.000000	12.106874	1.715916	2.245372	0.000000	0.000000	0.000000	1.208865	0.058462	0.153822	0.000000	0.000000	0.000000	0.002024	0.165553	0.002024	0.165553	0.002024	0.822785	0.002024	1.210687	8.290384	
2.000000	3.000000	0.000000	0.000000	0.000000	1.210751	0.000000	0.000000	0.000000	0.000000	0.000000	12.107505	1.721642	2.260448	0.000000	0.000000	0.000000	1.209054	0.057254	0.150760	0.000000	0.000000	0.000000	0.001885	0.162194	0.001885	0.162194	0.001885	0.806329	0.001885	1.210751	8.390558	
2.000000	3.000000	0.000000	0.000000	0.000000	1.210810	0.000000	0.000000	0.000000	0.000000	0.000000	12.108097	1.727249	2.275224	0.000000	0.000000	0.000000	1.209230	0.056074	0.147758	0.000000	0.000000	0.000000	0.001756	0.158905	0.001756	0.158905	0.001756	0.790203	0.001756	1.210810	8.490574	
2.000000	3.000000	0.000000	0.000000	0.000000	1.210865	0.000000	0.000000	0.000000	0.000000	0.000000	12.108652	1.732741	2.289706	0.000000	0.000000	0.000000	1.209393	0.054920	0.144815	0.000000	0.000000	0.000000	0.001636	0.155685	0.001636	0.155685	0.001636	0.774399	0.001636	1.210865	8.590517	
2.000000	3.000000	0.000000	0.000000	0.000000	1.210917	0.000000	0.000000	0.000000	0.000000	0.000000	12.109173	1.738120	2.303899	0.000000	0.000000	0.000000	1.209546	0.053792	0.141930	0.000000	0.000000	0.000000	0.001524	0.152532	0.001524	0.152532	0.001524	0.758911	0.001524	1.210917	8.690479	
2.000000	3.000000	0.000000	0.000000	0.000000	1.210966	0.000000	0.000000	0.000000	0.000000	0.000000	12.109662	1.743389	2.317809	0.000000	0.000000	0.000000	1.209688	0.052689	0.139102	0.000000	0.000000	0.000000	0.001421	0.149446	0.001421	0.149446	0.001421	0.743733	0.001421	1.210966	8.790461	
2.000000	3.000000	0.000000	0.000000	0.000000	1.211012	0.000000	0.000000	0.000000	0.000000	0.000000	12.110121	1.748550	2.331442	0.000000	0.000000	0.000000	1.209820	0.051610	0.136329	0.000000	0.000000	0.000000	0.001325	0.146424	0.001325	0.146424	0.001325	0.728858	0.001325	1.211012	8.890538	
2.000000	3.000000	0.000000	0.000000	0.000000	1.211055	0.000000	0.000000	0.000000	0.000000	0.000000	12.110553	1.753606	2.344803	0.000000	0.000000	0.000000	1.209944	0.050555	0.133611	0.000000	0.000000	0.000000	0.001235	0.143464	0.001235	0.143464	0.001235	0.714281	0.001235	1.211055	8.990559	
2.000000	3.000000	0.000000	0.000000	0.000000	1.211096	0.000000	0.000000	0.000000	0.000000	0.000000	12.110958	1.758558	2.357898	0.000000	0.000000	0.000000	1.210059	0.049523	0.130947	0.000000	0.000000	0.000000	0.001152	0.140566	0.001152	0.140566	0.001152	0.699995	0.001152	1.211096	9.090621	
2.000000	3.000000	0.000000	0.000000	0.000000	1.211134	0.000000	0.000000	0.000000	0.000000	0.000000	12.111339	1.763410	2.370731	0.000000	0.000000	0.000000	1.210166	0.048514	0.128335	0.000000	0.000000	0.000000	0.001075	0.137728	0.001075	0.137728	0.001075	0.685995	0.001075	1.211134	9.190559	
2.000000	3.000000	0.000000	0.000000	0.000000	1.211170	0.000000	0.000000	0.000000	0.000000	0.000000	12.111697	1.768162	2.383309	0.000000	0.000000	0.000000	1.210267	0.047526	0.125775	0.000000	0.000000	0.000000	0.001003	0.134949	0.001003	0.134949	0.001003	0.672275	0.001003	1.211170	9.290562	
2.000000	3.000000	0.000000	0.000000	0.000000	1.211203	0.000000	0.000000	0.000000	0.000000	0.000000	12.112034	1.772818	2.395635	0.000000	0.000000	0.000000	1.210360	0.046559	0.123266	0.000000	0.000000	0.000000	0.000937	0.132227	0.000937	0.132227	0.000937	0.658830	0.000937	1.211203	9.390645	
2.000000	3.000000	0.000000	0.000000	0.000000	1.211235	0.000000	0.000000	0.000000	0.000000	0.000000	12.112351	1.777379	2.407716	0.000000	0.000000	0.000000	1.210448	0.045613	0.120806	0.000000	0.000000	0.000000	0.000875	0.129561	0.000875	0.129561	0.000875	0.645653	0.000875	1.211235	9.490591	
2.000000	3.000000	0.000000	0.000000	0.000000	1.211265	0.000000	0.000000	0.000000	0.000000	0.000000	12.112650	1.781848	2.419555	0.000000	0.000000	0.000000	1.210530	0.044687	0.118395	0.000000	0.000000	0.000000	0.000817	0.126950	0.000817	0.126950	0.000817	0.632740	0.000817	1.211265	9.590522	
2.000000	3.000000	0.000000	0.000000	0.000000	1.211293	0.000000	0.000000	0.000000	0.000000	0.000000	12.112931	1.786226	2.431159	0.000000	0.000000	0.000000	1.210606	0.043781	0.116032	0.000000	0.000000	0.000000	0.000764	0.124393	0.000764	0.124393	0.000764	0.620086	0.000764	1.211293	9.690494	
2.000000	3.000000	0.000000	0.000000	0.000000	1.211320	0.000000	0.000000	0.000000	0.000000	0.000000	12.113196	1.790516	2.442530	0.000000	0.000000	0.000000	1.210677	0.042894	0.113716	0.000000	0.000000	0.000000	0.000714	0.121888	0.000714	0.121888	0.000714	0.607684	0.000714	1.211320	9.790579	
2.000000	3.000000	0.000000	0.000000	0.000000	1.211345	0.000000	0.000000	0.000000	0.000000	0.000000	12.113446	1.794718	2.453675	0.000000	0.000000	0.000000	1.210744	0.042025	0.111446	0.000000	0.000000	0.000000	0.000667	0.119435	0.000667	0.119435	0.000667	0.595530	0.000667	1.211345	9.890503	
2.000000	3.000000	0.000000	0.000000	0.000000	1.211368	0.000000	0.000000	0.000000	0.000000	0.000000	12.113681	1.798836	2.464597	0.000000	0.000000	0.000000	1.210806	0.041175	0.109220	0.000000	0.000000	0.000000	0.000624	0.117031	0.000624	0.117031	0.000624	0.583620	0.000624	1.211368	9.990515	
2.000000	3.000000	0.000000	0.000000	0.000000	1.211390	0.000000	0.000000	0.000000	0.000000	0.000000	12.113903	1.802870	2.475301	0.000000	0.000000	0.000000	1.210865	0.040343	0.107039	0.000000	0.000000	0.000000	0.000584	0.114677	0.000584	0.114677	0.000584	0.571947	0.000584	1.211390	10.090619	
2.000000	3.000000	0.000000	0.000000	0.000000	1.211411	0.000000	0.000000	0.000000	0.000000	0.000000	12.114113	1.806823	2.485791	0.000000	0.000000	0.000000	1.210919	0.039528	0.104902	0.000000	0.000000	0.000000	0.000547	0.112371	0.000547	0.112371	0.000547	0.560508	0.000547	1.211411	10.190635	
2.000000	3.000000	0.000000	0.000000	0.000000	1.211431	0.000000	0.000000	0.000000	0.000000	0.000000	12.114311	1.810696	2.496072	0.000000	0.000000	0.000000	1.210971	0.038730	0.102806	0.000000	0.000000	0.000000	0.000512	0.110112	0.000512	0.110112	0.000512	0.549298	0.000512	1.211431	10.290674	
2.000000	3.000000	0.000000	0.000000	0.000000	1.211450	0.000000	0.000000	0.000000	0.000000	0.000000	12.114498	1.814491	2.506147	0.000000	0.000000	0.000000	1.211019	0.037948	0.100753	0.000000	0.000000	0.000000	0.000479	0.107898	0.000479	0.107898	0.000479	0.538312	0.000479	1.211450	10.390793	
2.000000	3.000000	0.000000	0.000000	0.000000	1.211467	0.000000	0.000000	0.000000	0.000000	0.000000	12.114675	1.818209	2.516021	0.000000	0.000000	0.000000	1.211063	0.037183	0.098740	0.000000	0.000000	0.000000	0.000449	0.105730	0.000449	0.105730	0.000449	0.527546	0.000449	1.211467	10.490542	
2.000000	3.000000	0.000000	0.000000	0.000000	1.211484	0.000000	0.000000	0.000000	0.000000	0.000000	12.114842	1.821852	2.525698	0.000000	0.000000	0.000000	1.211105	0.036433	0.096768	0.000000	0.000000	0.000000	0.000421	0.103606	0.000421	0.103606	0.000421	0.516995	0.000421	1.211484	10.590650	
2.000000	3.000000	0.000000	0.000000	0.000000	1.211500	0.000000	0.000000	0.000000	0.000000	0.000000	12.114999	1.825422	2.535181	0.000000	0.000000	0.000000	1.211145	0.035699	0.094834	0.000000	0.000000	0.000000	0.000394	0.101525	0.000394	0.101525	0.000394	0.506655	0.000394	1.211500	10.690614	
2.000000	3.000000	0.000000	0.000000	0.000000	1.211515	0.000000	0.000000	0.000000	0.000000	0.000000	12.115149	1.828920	2.544475	0.000000	0.000000	0.000000	1.211182	0.034980	0.092940	0.000000	0.000000	0.000000	0.000370	0.099487	0.000370	0.099487	0.000370	0.496522	0.000370	1.211515	10.790952	
2.000000	3.000000	0.000000	0.000000	0.000000	1.211529	0.000000	0.000000	0.000000	0.000000	0.000000	12.115290	1.832348	2.553583	0.000000	0.000000	0.000000	1.211217	0.034276	0.091083	0.000000	0.000000	0.000000	0.000347	0.097489	0.000347	0.097489	0.000347	0.486592	0.000347	1.211529	10.890575	
2.000000	3.000000	0.000000	0.000000	0.000000	1.211542	0.000000	0.000000	0.000000	0.000000	0.000000	12.115425	1.835706	2.562509	0.000000	0.000000	0.000000	1.211249	0.033586	0.089262	0.000000	0.000000	0.000000	0.000326	0.095532	0.000326	0.095532	0.000326	0.476860	0.000326	1.211542	10.990717	
2.000000	3.000000	0.000000	0.000000	0.000000	1.211555	0.000000	0.000000	0.000000	0.000000	0.000000	12.115552	1.838997	2.571257	0.000000	0.000000	0.000000	1.211280	0.032910	0.087479	0.000000	0.000000	0.000000	0.000306	0.093615	0.000306	0.093615	0.000306	0.467323	0.000306	1.211555	11.090580	
2.000000	3.000000	0.000000	0.000000	0.000000	1.211567	0.000000	0.000000	0.000000	0.000000	0.000000	12.115672	1.842222	2.579830	0.000000	0.000000	0.000000	1.211309	0.032249	0.085730	0.000000	0.000000	0.000000	0.000287	0.091737	0.000287	0.091737	0.000287	0.457976	0.000287	1.211567	11.190850	
2.000000	3.000000	0.000000	0.000000	0.000000	1.211579	0.000000	0.000000	0.000000	0.000000	0.000000	12.115786	1.845382	2.588232	0.000000	0.000000	0.000000	1.211336	0.031600	0.084017	0.000000	0.000000	0.000000	0.000270	0.089896	0.000270	0.089896	0.000270	0.448817	0.000270	1.211579	11.290617	
2.000000	3.000000	0.000000	0.000000	0.000000	1.211589	0.000000	0.000000	0.000000	0.000000	0.000000	12.115895	1.848479	2.596466	0.000000	0.000000	0.000000	1.211361	0.030965	0.082338	0.000000	0.000000	0.000000	0.000254	0.088093	0.000254	0.088093	0.000254	0.439840	0.000254	1.211589	11.390911	
2.000000	3.000000	0.000000	0.000000	0.000000	1.211600	0.000000	0.000000	0.000000	0.000000	0.000000	12.115998	1.851513	2.604535	0.000000	0.000000	0.000000	1.211385	0.030343	0.080692	0.000000	0.000000	0.000000	0.000239	0.086326	0.000239	0.086326	0.000239	0.431043	0.000239	1.211600	11.490720	
2.000000	3.000000	0.000000	0.000000	0.000000	1.211610	0.000000	0.000000	0.000000	0.000000	0.000000	12.116095	1.854486	2.612443	0.000000	0.000000	0.000000	1.211407	0.029733	0.079079	0.000000	0.000000	0.000000	0.000225	0.084595	0.000225	0.084595	0.000225	0.422423	0.000225	1.211610	11.590815	
2.000000	3.000000	0.000000	0.000000	0.000000	1.211619	0.000000	0.000000	0.000000	0.000000	0.000000	12.116188	1.857400	2.620193	0.000000	0.000000	0.000000	1.211428	0.029136	0.077499	0.000000	0.000000	0.000000	0.000212	0.082899	0.000212	0.082899	0.000212	0.413974	0.000212	1.211619	11.690738	
2.000000	3.000000	0.000000	0.000000	0.000000	1.211628	0.000000	0.000000	0.000000	0.000000	0.000000	12.116277	1.860255	2.627788	0.000000	0.000000	0.000000	1.211448	0.028551	0.075950	0.000000	0.000000	0.000000	0.000199	0.081237	0.000199	0.081237	0.000199	0.405695	0.000199	1.211628	11.790587	
2.000000	3.000000	0.000000	0.000000	0.000000	1.211636	0.000000	0.000000	0.000000	0.000000	0.000000	12.116361	1.863053	2.635231	0.000000	0.000000	0.000000	1.211467	0.027978	0.074431	0.000000	0.000000	0.000000	0.000188	0.079609	0.000188	0.079609	0.000188	0.397581	0.000188	1.211636	11.890629	
2.000000	3.000000	0.000000	0.000000	0.000000	1.211644	0.000000	0.000000	0.000000	0.000000	0.000000	12.116441	1.865795	2.642525	0.000000	0.000000	0.000000	1.211485	0.027417	0.072944	0.000000	0.000000	0.000000	0.000177	0.078013	0.000177	0.078013	0.000177	0.389629	0.000177	1.211644	11.990735	
2.000000	3.000000	0.000000	0.000000	0.000000	1.211652	0.000000	0.000000	0.000000	0.000000	0.000000	12.116518	1.868481	2.649674	0.000000	0.000000	0.000000	1.211502	0.026867	0.071485	0.000000	0.000000	0.000000	0.000167	0.076449	0.000167	0.076449	0.000167	0.381837	0.000167	1.211652	12.090674	
2.000000	3.000000	0.000000	0.000000	0.000000	1.211659	0.000000	0.000000	0.000000	0.000000	0.000000	12.116590	1.871114	2.656680	0.000000	0.000000	0.000000	1.211517	0.026328	0.070056	0.000000	0.000000	0.000000	0.000157	0.074918	0.000157	0.074918	0.000157	0.374200	0.000157	1.211659	12.190610	
2.000000	3.000000	0.000000	0.000000	0.000000	1.211666	0.000000	0.000000	0.000000	0.000000	0.000000	12.116660	1.873694	2.663545	0.000000	0.000000	0.000000	1.211532	0.025799	0.068656	0.000000	0.000000	0.000000	0.000149	0.073416	0.000149	0.073416	0.000149	0.366716	0.000149	1.211666	12.290645	
2.000000	3.000000	0.000000	0.000000	0.000000	1.211673	0.000000	0.000000	0.000000	0.000000	0.000000	12.116726	1.876222	2.670273	0.000000	0.000000	0.000000	1.211546	0.025282	0.067283	0.000000	0.000000	0.000000	0.000140	0.071945	0.000140	0.071945	0.000140	0.359382	0.000140	1.211673	12.390736	
2.000000	3.000000	0.000000	0.000000	0.000000	1.211679	0.000000	0.000000	0.000000	0.000000	0.000000	12.116789	1.878700	2.676867	0.000000	0.000000	0.000000	1.211559	0.024775	0.065938	0.000000	0.000000	0.000000	0.000133	0.070504	0.000133	0.070504	0.000133	0.352194	0.000133	1.211679	12.490636	
2.000000	3.000000	0.000000	0.000000	0.000000	1.211685	0.000000	0.000000	0.000000	0.000000	0.000000	12.116850	1.881127	2.683329	0.000000	0.000000	0.000000	1.211572	0.024278	0.064620	0.000000	0.000000	0.000000	0.000126	0.069092	0.000126	0.069092	0.000126	0.345150	0.000126	1.211685	12.590691	
2.000000	3.000000	0.000000	0.000000	0.000000	1.211691	0.000000	0.000000	0.000000	0.000000	0.000000	12.116908	1.883507	2.689662	0.000000	0.000000	0.000000	1.211584	0.023792	0.063328	0.000000	0.000000	0.000000	0.000119	0.067708	0.000119	0.067708	0.000119	0.338247	0.000119	1.211691	12.690667	
2.000000	3.000000	0.000000	0.000000	0.000000	1.211696	0.000000	0.000000	0.000000	0.000000	0.000000	12.116963	1.885838	2.695868	0.000000	0.000000	0.000000	1.211595	0.023315	0.062062	0.000000	0.000000	0.000000	0.000112	0.066352	0.000112	0.066352	0.000112	0.331482	0.000112	1.211696	12.790709	
2.000000	3.000000	0.000000	0.000000	0.000000	1.211702	0.000000	0.000000	0.000000	0.000000	0.000000	12.117016	1.888123	2.701950	0.000000	0.000000	0.000000	1.211606	0.022848	0.060821	0.000000	0.000000	0.000000	0.000106	0.065023	0.000106	0.065023	0.000106	0.324852	0.000106	1.211702	12.890859	
2.000000	3.000000	0.000000	0.000000	0.000000	1.211707	0.000000	0.000000	0.000000	0.000000	0.000000	12.117067	1.890362	2.707911	0.000000	0.000000	0.000000	1.211616	0.022390	0.059605	0.000000	0.000000	0.000000	0.000101	0.063721	0.000101	0.063721	0.000101	0.318355	0.000101	1.211707	12.990738	
2.000000	3.000000	0.000000	0.000000	0.000000	1.211712	0.000000	0.000000	0.000000	0.000000	0.000000	12.117115	1.892556	2.713752	0.000000	0.000000	0.000000	1.211625	0.021941	0.058413	0.000000	0.000000	0.000000	0.000096	0.062445	0.000096	0.062445	0.000096	0.311988	0.000096	1.211712	13.090773	
2.000000	3.000000	0.000000	0.000000	0.000000	1.211716	0.000000	0.000000	0.000000	0.000000	0.000000	12.117162	1.894706	2.719476	0.000000	0.000000	0.000000	1.211635	0.021501	0.057245	0.000000	0.000000	0.000000	0.000091	0.061194	0.000091	0.061194	0.000091	0.305749	0.000091	1.211716	13.190742	
2.000000	3.000000	0.000000	0.000000	0.000000	1.211721	0.000000	0.000000	0.000000	0.000000	0.000000	12.117207	1.896813	2.725086	0.000000	0.000000	0.000000	1.211643	0.021071	0.056100	0.000000	0.000000	0.000000	0.000086	0.059969	0.000086	0.059969	0.000086	0.299634	0.000086	1.211721	13.293736	
2.000000	3.000000	0.000000	0.000000	0.000000	1.211725	0.000000	0.000000	0.000000	0.000000	0.000000	12.117250	1.898878	2.730584	0.000000	0.000000	0.000000	1.211651	0.020649	0.054979	0.000000	0.000000	0.000000	0.000082	0.058768	0.000082	0.058768	0.000082	0.293641	0.000082	1.211725	13.393739	
2.000000	3.000000	0.000000	0.000000	0.000000	1.211729	0.000000	0.000000	0.000000	0.000000	0.000000	12.117291	1.900901	2.735972	0.000000	0.000000	0.000000	1.211659	0.020235	0.053879	0.000000	0.000000	0.000000	0.000078	0.057592	0.000078	0.057592	0.000078	0.287768	0.000078	1.211729	13.494029	
2.000000	3.000000	0.000000	0.000000	0.000000	1.211733	0.000000	0.000000	0.000000	0.000000	0.000000	12.117331	1.902884	2.741252	0.000000	0.000000	0.000000	1.211666	0.019830	0.052802	0.000000	0.000000	0.000000	0.000074	0.056439	0.000074	0.056439	0.000074	0.282013	0.000074	1.211733	13.593762	
2.000000	3.000000	0.000000	0.000000	0.000000	1.211737	0.000000	0.000000	0.000000	0.000000	0.000000	12.117369	1.904828	2.746427	0.000000	0.000000	0.000000	1.211674	0.019432	0.051746	0.000000	0.000000	0.000000	0.000070	0.055309	0.000070	0.055309	0.000070	0.276372	0.000070	1.211737	13.693942	
2.000000	3.000000	0.000000	0.000000	0.000000	1.211741	0.000000	0.000000	0.000000	0.000000	0.000000	12.117406	1.906732	2.751498	0.000000	0.000000	0.000000	1.211680	0.019043	0.050711	0.000000	0.000000	0.000000	0.000067	0.054202	0.000067	0.054202	0.000067	0.270845	0.000067	1.211741	13.793835	
2.000000	3.000000	0.000000	0.000000	0.000000	1.211744	0.000000	0.000000	0.000000	0.000000	0.000000	12.117442	1.908598	2.756468	0.000000	0.000000	0.000000	1.211687	0.018662	0.049697	0.000000	0.000000	0.000000	0.000064	0.053117	0.000064	0.053117	0.000064	0.265428	0.000064	1.211744	13.893750	
2.000000	3.000000	0.000000	0.000000	0.000000	1.211748	0.000000	0.000000	0.000000	0.000000	0.000000	12.117476	1.910427	2.761338	0.000000	0.000000	0.000000	1.211693	0.018288	0.048703	0.000000	0.000000	0.000000	0.000061	0.052054	0.000061	0.052054	0.000061	0.260120	0.000061	1.211748	13.993809	
2.000000	3.000000	0.000000	0.000000	0.000000	1.211751	0.000000	0.000000	0.000000	0.000000	0.000000	12.117510	1.912219	2.766111	0.000000	0.000000	0.000000	1.211699	0.017922	0.047730	0.000000	0.000000	0.000000	0.000058	0.051012	0.000058	0.051012	0.000058	0.254917	0.000058	1.211751	14.093813	
2.000000	3.000000	0.000000	0.000000	0.000000	1.211754	0.000000	0.000000	0.000000	0.000000	0.000000	12.117542	1.913976	2.770789	0.000000	0.000000	0.000000	1.211704	0.017563	0.046775	0.000000	0.000000	0.000000	0.000056	0.049991	0.000056	0.049991	0.000056	0.249819	0.000056	1.211754	14.193779	
2.000000	3.000000	0.000000	0.000000	0.000000	1.211757	0.000000	0.000000	0.000000	0.000000	0.000000	12.117573	1.915697	2.775373	0.000000	0.000000	0.000000	1.211709	0.017212	0.045840	0.000000	0.000000	0.000000	0.000053	0.048991	0.000053	0.048991	0.000053	0.244822	0.000053	1.211757	14.293820	
2.000000	3.000000	0.000000	0.000000	0.000000	1.211760	0.000000	0.000000	0.000000	0.000000	0.000000	12.117603	1.917383	2.779865	0.000000	0.000000	0.000000	1.211715	0.016867	0.044923	0.000000	0.000000	0.000000	0.000051	0.048010	0.000051	0.048010	0.000051	0.239926	0.000051	1.211760	14.393822	
2.000000	3.000000	0.000000	0.000000	0.000000	1.211763	0.000000	0.000000	0.000000	0.000000	0.000000	12.117632	1.919036	2.784267	0.000000	0.000000	0.000000	1.211719	0.016529	0.044025	0.000000	0.000000	0.000000	0.000049	0.047049	0.000049	0.047049	0.000049	0.235127	0.000049	1.211763	14.494067	
2.000000	3.000000	0.000000	0.000000	0.000000	1.211766	0.000000	0.000000	0.000000	0.000000	0.000000	12.117660	1.920656	2.788582	0.000000	0.000000	0.000000	1.211724	0.016199	0.043144	0.000000	0.000000	0.000000	0.000047	0.046108	0.000047	0.046108	0.000047	0.230425	0.000047	1.211766	14.593902	
2.000000	3.000000	0.000000	0.000000	0.000000	1.211769	0.000000	0.000000	0.000000	0.000000	0.000000	12.117688	1.922244	2.792810	0.000000	0.000000	0.000000	1.211729	0.015874	0.042282	0.000000	0.000000	0.000000	0.000045	0.045185	0.000045	0.045185	0.000045	0.225816	0.000045	1.211769	14.694172	
2.000000	3.000000	0.000000	0.000000	0.000000	1.211771	0.000000	0.000000	0.000000	0.000000	0.000000	12.117715	1.923799	2.796954	0.000000	0.000000	0.000000	1.211733	0.015557	0.041436	0.000000	0.000000	0.000000	0.000043	0.044281	0.000043	0.044281	0.000043	0.221300	0.000043	1.211771	14.793852	
2.000000	3.000000	0.000000	0.000000	0.000000	1.211774	0.000000	0.000000	0.000000	0.000000	0.000000	12.117740	1.925324	2.801014	0.000000	0.000000	0.000000	1.211737	0.015245	0.040607	0.000000	0.000000	0.000000	0.000041	0.043395	0.000041	0.043395	0.000041	0.216874	0.000041	1.211774	14.893931	
2.000000	3.000000	0.000000	0.000000	0.000000	1.211777	0.000000	0.000000	0.000000	0.000000	0.000000	12.117766	1.926818	2.804994	0.000000	0.000000	0.000000	1.211741	0.014940	0.039795	0.000000	0.000000	0.000000	0.000040	0.042527	0.000040	0.042527	0.000040	0.212537	0.000040	1.211777	14.994211	
2.000000	3.000000	0.000000	0.000000	0.000000	1.211779	0.000000	0.000000	0.000000	0.000000	0.000000	12.117790	1.928282	2.808894	0.000000	0.000000	0.000000	1.211745	0.014641	0.038999	0.000000	0.000000	0.000000	0.000038	0.041676	0.000038	0.041676	0.000038	0.208286	0.000038	1.211779	15.093829	
2.000000	3.000000	0.000000	0.000000	0.000000	1.211781	0.000000	0.000000	0.000000	0.000000	0.000000	12.117814	1.929717	2.812716	0.000000	0.000000	0.000000	1.211748	0.014348	0.038220	0.000000	0.000000	0.000000	0.000037	0.040842	0.000037	0.040842	0.000037	0.204120	0.000037	1.211781	15.193956	
2.000000	3.000000	0.000000	0.000000	0.000000	1.211784	0.000000	0.000000	0.000000	0.000000	0.000000	12.117838	1.931123	2.816461	0.000000	0.000000	0.000000	1.211752	0.014061	0.037455	0.000000	0.000000	0.000000	0.000035	0.040025	0.000035	0.040025	0.000035	0.200038	0.000035	1.211784	15.293905	
2.000000	3.000000	0.000000	0.000000	0.000000	1.211786	0.000000	0.000000	0.000000	0.000000	0.000000	12.117861	1.932501	2.820132	0.000000	0.000000	0.000000	1.211755	0.013779	0.036706	0.000000	0.000000	0.000000	0.000034	0.039224	0.000034	0.039224	0.000034	0.196037	0.000034	1.211786	15.393946	
2.000000	3.000000	0.000000	0.000000	0.000000	1.211788	0.000000	0.000000	0.000000	0.000000	0.000000	12.117883	1.933851	2.823729	0.000000	0.000000	0.000000	1.211759	0.013504	0.035972	0.000000	0.000000	0.000000	0.000033	0.038439	0.000033	0.038439	0.000033	0.192116	0.000033	1.211788	15.493913	
2.000000	3.000000	0.000000	0.000000	0.000000	1.211790	0.000000	0.000000	0.000000	0.000000	0.000000	12.117905	1.935175	2.827254	0.000000	0.000000	0.000000	1.211762	0.013233	0.035253	0.000000	0.000000	0.000000	0.000032	0.037670	0.000032	0.037670	0.000032	0.188274	0.000032	1.211790	15.593889	
2.000000	3.000000	0.000000	0.000000	0.000000	1.211793	0.000000	0.000000	0.000000	0.000000	0.000000	12.117926	1.936471	2.830709	0.000000	0.000000	0.000000	1.211765	0.012969	0.034548	0.000000	0.000000	0.000000	0.000031	0.036917	0.000031	0.036917	0.000031	0.184508	0.000031	1.211793	15.694078	
2.000000	3.000000	0.000000	0.000000	0.000000	1.211795	0.000000	0.000000	0.000000	0.000000	0.000000	12.117948	1.937742	2.834095	0.000000	0.000000	0.000000	1.211768	0.012709	0.033857	0.000000	0.000000	0.000000	0.000030	0.036178	0.000030	0.036178	0.000030	0.180818	0.000030	1.211795	15.793997	
2.000000	3.000000	0.000000	0.000000	0.000000	1.211797	0.000000	0.000000	0.000000	0.000000	0.000000	12.117968	1.938988	2.837413	0.000000	0.000000	0.000000	1.211771	0.012455	0.033180	0.000000	0.000000	0.000000	0.000029	0.035455	0.000029	0.035455	0.000029	0.177202	0.000029	1.211797	15.894063	
2.000000	3.000000	0.000000	0.000000	0.000000	1.211799	0.000000	0.000000	0.000000	0.000000	0.000000	12.117989	1.940208	2.840665	0.000000	0.000000	0.000000	1.211774	0.012206	0.032516	0.000000	0.000000	0.000000	0.000028	0.034745	0.000028	0.034745	0.000028	0.173658	0.000028	1.211799	15.993882	
2.000000	3.000000	0.000000	0.000000	0.000000	1.211801	0.000000	0.000000	0.000000	0.000000	0.000000	12.118009	1.941404	2.843851	0.000000	0.000000	0.000000	1.211776	0.011961	0.031866	0.000000	0.000000	0.000000	0.000027	0.034050	0.000027	0.034050	0.000027	0.170185	0.000027	1.211801	16.093934	
2.000000	3.000000	0.000000	0.000000	0.000000	1.211803	0.000000	0.000000	0.000000	0.000000	0.000000	12.118028	1.942577	2.846974	0.000000	0.000000	0.000000	1.211779	0.011722	0.031229	0.000000	0.000000	0.000000	0.000027	0.033369	0.000027	0.033369	0.000027	0.166781	0.000027	1.211803	16.193901	
2.000000	3.000000	0.000000	0.000000	0.000000	1.211805	0.000000	0.000000	0.000000	0.000000	0.000000	12.118048	1.943725	2.850034	0.000000	0.000000	0.000000	1.211782	0.011488	0.030604	0.000000	0.000000	0.000000	0.000026	0.032702	0.000026	0.032702	0.000026	0.163445	0.000026	1.211805	16.293838	
2.000000	3.000000	0.000000	0.000000	0.000000	1.211807	0.000000	0.000000	0.000000	0.000000	0.000000	12.118067	1.944851	2.853034	0.000000	0.000000	0.000000	1.211784	0.011258	0.029992	0.000000	0.000000	0.000000	0.000025	0.032048	0.000025	0.032048	0.000025	0.160176	0.000025	1.211807	16.393904	
2.000000	3.000000	0.000000	0.000000	0.000000	1.211809	0.000000	0.000000	0.000000	0.000000	0.000000	12.118086	1.945954	2.855973	0.000000	0.000000	0.000000	1.211787	0.011032	0.029392	0.000000	0.000000	0.000000	0.000025	0.031407	0.000025	0.031407	0.000025	0.156973	0.000025	1.211809	16.493925	
2.000000	3.000000	0.000000	0.000000	0.000000	1.211811	0.000000	0.000000	0.000000	0.000000	0.000000	12.118105	1.947036	2.858853	0.000000	0.000000	0.000000	1.211789	0.010812	0.028804	0.000000	0.000000	0.000000	0.000024	0.030779	0.000024	0.030779	0.000024	0.153834	0.000024	1.211811	16.593885	
2.000000	3.000000	0.000000	0.000000	0.000000	1.211812	0.000000	0.000000	0.000000	0.000000	0.000000	12.118124	1.948095	2.861676	0.000000	0.000000	0.000000	1.211791	0.010595	0.028228	0.000000	0.000000	0.000000	0.000023	0.030163	0.000023	0.030163	0.000023	0.150757	0.000023	1.211812	16.694569	
2.000000	3.000000	0.000000	0.000000	0.000000	1.211814	0.000000	0.000000	0.000000	0.000000	0.000000	12.118142	1.949134	2.864442	0.000000	0.000000	0.000000	1.211794	0.010383	0.027664	0.000000	0.000000	0.000000	0.000023	0.029560	0.000023	0.029560	0.000023	0.147742	0.000023	1.211814	16.793982	
2.000000	3.000000	0.000000	0.000000	0.000000	1.211816	0.000000	0.000000	0.000000	0.000000	0.000000	12.118161	1.950151	2.867154	0.000000	0.000000	0.000000	1.211796	0.010176	0.027111	0.000000	0.000000	0.000000	0.000023	0.028968	0.000023	0.028968	0.000023	0.144787	0.000023	1.211816	16.898598	
2.000000	3.000000	0.000000	0.000000	0.000000	1.211818	0.000000	0.000000	0.000000	0.000000	0.000000	12.118179	1.951148	2.869810	0.000000	0.000000	0.000000	1.211798	0.009972	0.026568	0.000000	0.000000	0.000000	0.000022	0.028389	0.000022	0.028389	0.000022	0.141891	0.000022	1.211818	16.998631	
2.000000	3.000000	0.000000	0.000000	0.000000	1.211820	0.000000	0.000000	0.000000	0.000000	0.000000	12.118198	1.952126	2.872414	0.000000	0.000000	0.000000	1.211800	0.009773	0.026037	0.000000	0.000000	0.000000	0.000022	0.027821	0.000022	0.027821	0.000022	0.139053	0.000022	1.211820	17.103642	
2.000000	3.000000	0.000000	0.000000	0.000000	1.211822	0.000000	0.000000	0.000000	0.000000	0.000000	12.118216	1.953083	2.874966	0.000000	0.000000	0.000000	1.211802	0.009577	0.025516	0.000000	0.000000	0.000000	0.000021	0.027265	0.000021	0.027265	0.000021	0.136272	0.000021	1.211822	17.203608	
2.000000	3.000000	0.000000	0.000000	0.000000	1.211823	0.000000	0.000000	0.000000	0.000000	0.000000	12.118234	1.954022	2.877466	0.000000	0.000000	0.000000	1.211804	0.009386	0.025006	0.000000	0.000000	0.000000	0.000021	0.026720	0.000021	0.026720	0.000021	0.133547	0.000021	1.211823	17.303571	
2.000000	3.000000	0.000000	0.000000	0.000000	1.211825	0.000000	0.000000	0.000000	0.000000	0.000000	12.118252	1.954942	2.879917	0.000000	0.000000	0.000000	1.211807	0.009198	0.024506	0.000000	0.000000	0.000000	0.000021	0.026185	0.000021	0.026185	0.000021	0.130876	0.000021	1.211825	17.403604	
2.000000	3.000000	0.000000	0.000000	0.000000	1.211827	0.000000	0.000000	0.000000	0.000000	0.000000	12.118271	1.955843	2.882318	0.000000	0.000000	0.000000	1.211809	0.009014	0.024016	0.000000	0.000000	0.000000	0.000021	0.025662	0.000021	0.025662	0.000021	0.128258	0.000021	1.211827	17.503573	
2.000000	3.000000	0.000000	0.000000	0.000000	1.211829	0.000000	0.000000	0.000000	0.000000	0.000000	12.118289	1.956726	2.884672	0.000000	0.000000	0.000000	1.211811	0.008834	0.023536	0.000000	0.000000	0.000000	0.000020	0.025149	0.000020	0.025149	0.000020	0.125693	0.000020	1.211829	17.603704	
2.000000	3.000000	0.000000	0.000000	0.000000	1.211831	0.000000	0.000000	0.000000	0.000000	0.000000	12.118308	1.957592	2.886979	0.000000	0.000000	0.000000	1.211813	0.008657	0.023065	0.000000	0.000000	0.000000	0.000020	0.024646	0.000020	0.024646	0.000020	0.123179	0.000020	1.211831	17.703713	
2.000000	3.000000	0.000000	0.000000	0.000000	1.211833	0.000000	0.000000	0.000000	0.000000	0.000000	12.118326	1.958440	2.889239	0.000000	0.000000	0.000000	1.211815	0.008484	0.022604	0.000000	0.000000	0.000000	0.000020	0.024153	0.000020	0.024153	0.000020	0.120716	0.000020	1.211833	17.803623	
2.000000	3.000000	0.000000	0.000000	0.000000	1.211834	0.000000	0.000000	0.000000	0.000000	0.000000	12.118345	1.959272	2.891454	0.000000	0.000000	0.000000	1.211817	0.008314	0.022151	0.000000	0.000000	0.000000	0.000020	0.023670	0.000020	0.023670	0.000020	0.118301	0.000020	1.211834	17.903601	
2.000000	3.000000	0.000000	0.000000	0.000000	1.211836	0.000000	0.000000	0.000000	0.000000	0.000000	12.118364	1.960087	2.893625	0.000000	0.000000	0.000000	1.211819	0.008148	0.021708	0.000000	0.000000	0.000000	0.000020	0.023197	0.000020	0.023197	0.000020	0.115935	0.000020	1.211836	18.004239	
2.000000	3.000000	0.000000	0.000000	0.000000	1.211838	0.000000	0.000000	0.000000	0.000000	0.000000	12.118383	1.960885	2.895752	0.000000	0.000000	0.000000	1.211821	0.007985	0.021274	0.000000	0.000000	0.000000	0.000020	0.022733	0.000020	0.022733	0.000020	0.113617	0.000020	1.211838	18.109569	
2.000000	3.000000	0.000000	0.000000	0.000000	1.211840	0.000000	0.000000	0.000000	0.000000	0.000000	12.118402	1.961668	2.897837	0.000000	0.000000	0.000000	1.211823	0.007825	0.020849	0.000000	0.000000	0.000000	0.000020	0.022279	0.000020	0.022279	0.000020	0.111344	0.000020	1.211840	18.209592	
2.000000	3.000000	0.000000	0.000000	0.000000	1.211842	0.000000	0.000000	0.000000	0.000000	0.000000	12.118422	1.962434	2.899880	0.000000	0.000000	0.000000	1.211824	0.007668	0.020432	0.000000	0.000000	0.000000	0.000020	0.021833	0.000020	0.021833	0.000020	0.109117	0.000020	1.211842	18.309626	
2.000000	3.000000	0.000000	0.000000	0.000000	1.211844	0.000000	0.000000	0.000000	0.000000	0.000000	12.118442	1.963186	2.901883	0.000000	0.000000	0.000000	1.211826	0.007515	0.020023	0.000000	0.000000	0.000000	0.000020	0.021397	0.000020	0.021397	0.000020	0.106935	0.000020	1.211844	18.409570	
2.000000	3.000000	0.000000	0.000000	0.000000	1.211846	0.000000	0.000000	0.000000	0.000000	0.000000	12.118462	1.963922	2.903845	0.000000	0.000000	0.000000	1.211828	0.007365	0.019623	0.000000	0.000000	0.000000	0.000020	0.020969	0.000020	0.020969	0.000020	0.104796	0.000020	1.211846	18.509653	
2.000000	3.000000	0.000000	0.000000	0.000000	1.211848	0.000000	0.000000	0.000000	0.000000	0.000000	12.118483	1.964644	2.905768	0.000000	0.000000	0.000000	1.211830	0.007218	0.019230	0.000000	0.000000	0.000000	0.000020	0.020550	0.000020	0.020550	0.000020	0.102700	0.000020	1.211848	18.610163	
2.000000	3.000000	0.000000	0.000000	0.000000	1.211850	0.000000	0.000000	0.000000	0.000000	0.000000	12.118504	1.965351	2.907653	0.000000	0.000000	0.000000	1.211832	0.007073	0.018846	0.000000	0.000000	0.000000	0.000020	0.020139	0.000020	0.020139	0.000020	0.100646	0.000020	1.211850	18.709581	
2.000000	3.000000	0.000000	0.000000	0.000000	1.211853	0.000000	0.000000	0.000000	0.000000	0.000000	12.118526	1.966045	2.909499	0.000000	0.000000	0.000000	1.211834	0.006932	0.018469	0.000000	0.000000	0.000000	0.000020	0.019737	0.000020	0.019737	0.000020	0.098634	0.000020	1.211853	18.809582	
2.000000	3.000000	0.000000	0.000000	0.000000	1.211855	0.000000	0.000000	0.000000	0.000000	0.000000	12.118548	1.966724	2.911309	0.000000	0.000000	0.000000	1.211836	0.006793	0.018099	0.000000	0.000000	0.000000	0.000020	0.019342	0.000020	0.019342	0.000020	0.096661	0.000020	1.211855	18.909637	
2.000000	3.000000	0.000000	0.000000	0.000000	1.211857	0.000000	0.000000	0.000000	0.000000	0.000000	12.118571	1.967390	2.913083	0.000000	0.000000	0.000000	1.211839	0.006657	0.017737	0.000000	0.000000	0.000000	0.000021	0.018956	0.000021	0.018956	0.000021	0.094728	0.000021	1.211857	19.009592	
2.000000	3.000000	0.000000	0.000000	0.000000	1.211859	0.000000	0.000000	0.000000	0.000000	0.000000	12.118595	1.968042	2.914821	0.000000	0.000000	0.000000	1.211841	0.006524	0.017383	0.000000	0.000000	0.000000	0.000021	0.018577	0.000021	0.018577	0.000021	0.092833	0.000021	1.211859	19.109591	
2.000000	3.000000	0.000000	0.000000	0.000000	1.211862	0.000000	0.000000	0.000000	0.000000	0.000000	12.118619	1.968681	2.916525	0.000000	0.000000	0.000000	1.211843	0.006394	0.017035	0.000000	0.000000	0.000000	0.000021	0.018206	0.000021	0.018206	0.000021	0.090976	0.000021	1.211862	19.209588	
2.000000	3.000000	0.000000	0.000000	0.000000	1.211864	0.000000	0.000000	0.000000	0.000000	0.000000	12.118644	1.969308	2.918194	0.000000	0.000000	0.000000	1.211845	0.006266	0.016694	0.000000	0.000000	0.000000	0.000022	0.017842	0.000022	0.017842	0.000022	0.089157	0.000022	1.211864	19.309816	
2.000000	3.000000	0.000000	0.000000	0.000000	1.211867	0.000000	0.000000	0.000000	0.000000	0.000000	12.118670	1.969922	2.919830	0.000000	0.000000	0.000000	1.211847	0.006141	0.016360	0.000000	0.000000	0.000000	0.000022	0.017486	0.000022	0.017486	0.000022	0.087374	0.000022	1.211867	19.409596	
2.000000	3.000000	0.000000	0.000000	0.000000	1.211870	0.000000	0.000000	0.000000	0.000000	0.000000	12.118697	1.970524	2.921434	0.000000	0.000000	0.000000	1.211849	0.006018	0.016033	0.000000	0.000000	0.000000	0.000023	0.017136	0.000023	0.017136	0.000023	0.085626	0.000023	1.211870	19.509635	
2.000000	3.000000	0.000000	0.000000	0.000000	1.211872	0.000000	0.000000	0.000000	0.000000	0.000000	12.118724	1.971114	2.923005	0.000000	0.000000	0.000000	1.211852	0.005897	0.015712	0.000000	0.000000	0.000000	0.000023	0.016794	0.000023	0.016794	0.000023	0.083914	0.000023	1.211872	19.609598	
2.000000	3.000000	0.000000	0.000000	0.000000	1.211875	0.000000	0.000000	0.000000	0.000000	0.000000	12.118753	1.971692	2.924545	0.000000	0.000000	0.000000	1.211854	0.005780	0.015398	0.000000	0.000000	0.000000	0.000024	0.016459	0.000024	0.016459	0.000024	0.082235	0.000024	1.211875	19.709974	
2.000000	3.000000	0.000000	0.000000	0.000000	1.211878	0.000000	0.000000	0.000000	0.000000	0.000000	12.118784	1.972258	2.926054	0.000000	0.000000	0.000000	1.211856	0.005664	0.015090	0.000000	0.000000	0.000000	0.000024	0.016130	0.000024	0.016130	0.000024	0.080591	0.000024	1.211878	19.809608	
2.000000	3.000000	0.000000	0.000000	0.000000	1.211882	0.000000	0.000000	0.000000	0.000000	0.000000	12.118815	1.972813	2.927533	0.000000	0.000000	0.000000	1.211859	0.005551	0.014788	0.000000	0.000000	0.000000	0.000025	0.015808	0.000025	0.015808	0.000025	0.078979	0.000025	1.211882	19.909608	
2.000000	3.000000	0.000000	0.000000	0.000000	1.211885	0.000000	0.000000	0.000000	0.000000	0.000000	12.118849	1.973357	2.928982	0.000000	0.000000	0.000000	1.211862	0.005440	0.014493	0.000000	0.000000	0.000000	0.000026	0.015493	0.000026	0.015493	0.000026	0.077399	0.000026	1.211885	20.009837	
2.000000	3.000000	0.000000	0.000000	0.000000	1.211888	0.000000	0.000000	0.000000	0.000000	0.000000	12.118884	1.973890	2.930402	0.000000	0.000000	0.000000	1.211864	0.005331	0.014203	0.000000	0.000000	0.000000	0.000027	0.015183	0.000027	0.015183	0.000027	0.075851	0.000027	1.211888	20.109927	
2.000000	3.000000	0.000000	0.000000	0.000000	1.211892	0.000000	0.000000	0.000000	0.000000	0.000000	12.118920	1.974413	2.931794	0.000000	0.000000	0.000000	1.211867	0.005225	0.013919	0.000000	0.000000	0.000000	0.000028	0.014881	0.000028	0.014881	0.000028	0.074334	0.000028	1.211892	20.209687	
2.000000	3.000000	0.000000	0.000000	0.000000	1.211896	0.000000	0.000000	0.000000	0.000000	0.000000	12.118959	1.974925	2.933158	0.000000	0.000000	0.000000	1.211870	0.005120	0.013640	0.000000	0.000000	0.000000	0.000029	0.014584	0.000029	0.014584	0.000029	0.072848	0.000029	1.211896	20.309719	
2.000000	3.000000	0.000000	0.000000	0.000000	1.211900	0.000000	0.000000	0.000000	0.000000	0.000000	12.119000	1.975426	2.934495	0.000000	0.000000	0.000000	1.211873	0.005018	0.013367	0.000000	0.000000	0.000000	0.000030	0.014293	0.000030	0.014293	0.000030	0.071391	0.000030	1.211900	20.409660	
2.000000	3.000000	0.000000	0.000000	0.000000	1.211904	0.000000	0.000000	0.000000	0.000000	0.000000	12.119044	1.975918	2.935805	0.000000	0.000000	0.000000	1.211876	0.004918	0.013100	0.000000	0.000000	0.000000	0.000031	0.014008	0.000031	0.014008	0.000031	0.069963	0.000031	1.211904	20.509782	
2.000000	3.000000	0.000000	0.000000	0.000000	1.211909	0.000000	0.000000	0.000000	0.000000	0.000000	12.119090	1.976400	2.937088	0.000000	0.000000	0.000000	1.211879	0.004819	0.012838	0.000000	0.000000	0.000000	0.000033	0.013729	0.000033	0.013729	0.000033	0.068564	0.000033	1.211909	20.609642	
2.000000	3.000000	0.000000	0.000000	0.000000	1.211914	0.000000	0.000000	0.000000	0.000000	0.000000	12.119139	1.976872	2.938347	0.000000	0.000000	0.000000	1.211883	0.004723	0.012581	0.000000	0.000000	0.000000	0.000035	0.013455	0.000035	0.013455	0.000035	0.067192	0.000035	1.211914	20.717791	
2.000000	3.000000	0.000000	0.000000	0.000000	1.211919	0.000000	0.000000	0.000000	0.000000	0.000000	12.119192	1.977335	2.939579	0.000000	0.000000	0.000000	1.211886	0.004629	0.012329	0.000000	0.000000	0.000000	0.000036	0.013188	0.000036	0.013188	0.000036	0.065849	0.000036	1.211919	20.817843	
2.000000	3.000000	0.000000	0.000000	0.000000	1.211925	0.000000	0.000000	0.000000	0.000000	0.000000	12.119248	1.977789	2.940788	0.000000	0.000000	0.000000	1.211890	0.004537	0.012083	0.000000	0.000000	0.000000	0.000038	0.012925	0.000038	0.012925	0.000038	0.064532	0.000038	1.211925	20.917792	
2.000000	3.000000	0.000000	0.000000	0.000000	1.211931	0.000000	0.000000	0.000000	0.000000	0.000000	12.119309	1.978234	2.941972	0.000000	0.000000	0.000000	1.211894	0.004446	0.011841	0.000000	0.000000	0.000000	0.000041	0.012668	0.000041	0.012668	0.000041	0.063241	0.000041	1.211931	21.024709	
2.000000	3.000000	0.000000	0.000000	0.000000	1.211937	0.000000	0.000000	0.000000	0.000000	0.000000	12.119374	1.978669	2.943132	0.000000	0.000000	0.000000	1.211899	0.004357	0.011604	0.000000	0.000000	0.000000	0.000043	0.012416	0.000043	0.012416	0.000043	0.061976	0.000043	1.211937	21.124724	
2.000000	3.000000	0.000000	0.000000	0.000000	1.211944	0.000000	0.000000	0.000000	0.000000	0.000000	12.119444	1.979096	2.944269	0.000000	0.000000	0.000000	1.211903	0.004270	0.011372	0.000000	0.000000	0.000000	0.000046	0.012170	0.000046	0.012170	0.000046	0.060737	0.000046	1.211944	21.224749	
2.000000	3.000000	0.000000	0.000000	0.000000	1.211952	0.000000	0.000000	0.000000	0.000000	0.000000	12.119520	1.979515	2.945384	0.000000	0.000000	0.000000	1.211908	0.004185	0.011144	0.000000	0.000000	0.000000	0.000049	0.011928	0.000049	0.011928	0.000049	0.059522	0.000049	1.211952	21.334974	
2.000000	3.000000	0.000000	0.000000	0.000000	1.211960	0.000000	0.000000	0.000000	0.000000	0.000000	12.119603	1.979925	2.946476	0.000000	0.000000	0.000000	1.211913	0.004102	0.010921	0.000000	0.000000	0.000000	0.000052	0.011692	0.000052	0.011692	0.000052	0.058331	0.000052	1.211960	21.434979	
2.000000	3.000000	0.000000	0.000000	0.000000	1.211969	0.000000	0.000000	0.000000	0.000000	0.000000	12.119692	1.980327	2.947546	0.000000	0.000000	0.000000	1.211919	0.004020	0.010703	0.000000	0.000000	0.000000	0.000056	0.011460	0.000056	0.011460	0.000056	0.057165	0.000056	1.211969	21.534949	
2.000000	3.000000	0.000000	0.000000	0.000000	1.211979	0.000000	0.000000	0.000000	0.000000	0.000000	12.119791	1.980721	2.948595	0.000000	0.000000	0.000000	1.211925	0.003940	0.010489	0.000000	0.000000	0.000000	0.000060	0.011234	0.000060	0.011234	0.000060	0.056021	0.000060	1.211979	21.635165	
2.000000	3.000000	0.000000	0.000000	0.000000	1.211990	0.000000	0.000000	0.000000	0.000000	0.000000	12.119898	1.981107	2.949623	0.000000	0.000000	0.000000	1.211931	0.003862	0.010279	0.000000	0.000000	0.000000	0.000065	0.011012	0.000065	0.011012	0.000065	0.054901	0.000065	1.211990	21.734971	
2.000000	3.000000	0.000000	0.000000	0.000000	1.212002	0.000000	0.000000	0.000000	0.000000	0.000000	12.120016	1.981486	2.950630	0.000000	0.000000	0.000000	1.211938	0.003785	0.010073	0.000000	0.000000	0.000000	0.000070	0.010795	0.000070	0.010795	0.000070	0.053803	0.000070	1.212002	21.834960	
2.000000	3.000000	0.000000	0.000000	0.000000	1.212015	0.000000	0.000000	0.000000	0.000000	0.000000	12.120146	1.981857	2.951618	0.000000	0.000000	0.000000	1.211946	0.003710	0.009871	0.000000	0.000000	0.000000	0.000076	0.010583	0.000076	0.010583	0.000076	0.052727	0.000076	1.212015	21.935010	
2.000000	3.000000	0.000000	0.000000	0.000000	1.212029	0.000000	0.000000	0.000000	0.000000	0.000000	12.120289	1.982220	2.952585	0.000000	0.000000	0.000000	1.211954	0.003636	0.009674	0.000000	0.000000	0.000000	0.000083	0.010375	0.000083	0.010375	0.000083	0.051672	0.000083	1.212029	22.034973	
2.000000	3.000000	0.000000	0.000000	0.000000	1.212045	0.000000	0.000000	0.000000	0.000000	0.000000	12.120448	1.982577	2.953533	0.000000	0.000000	0.000000	1.211963	0.003564	0.009480	0.000000	0.000000	0.000000	0.000090	0.010172	0.000090	0.010172	0.000090	0.050639	0.000090	1.212045	22.135038	
2.000000	3.000000	0.000000	0.000000	0.000000	1.212062	0.000000	0.000000	0.000000	0.000000	0.000000	12.120625	1.982926	2.954462	0.000000	0.000000	0.000000	1.211973	0.003494	0.009290	0.000000	0.000000	0.000000	0.000099	0.009974	0.000099	0.009974	0.000099	0.049626	0.000099	1.212062	22.242231	
