2.000000	3.000000	0.000000	0.000000	0.000000	0.982794	0.000000	0.000000	0.000000	0.000000	0.000000	9.827937	0.040000	-0.042556	0.000000	0.000000	0.000000	0.098279	0.400000	-0.425562	0.000000	0.000000	0.000000	0.982794	0.645698	0.982794	0.645698	0.982794	3.605551	0.982794	0.982794	0.101465	
2.000000	3.000000	0.000000	0.000000	0.000000	0.998513	0.000000	0.000000	0.000000	0.000000	0.000000	9.985127	0.088589	-0.076936	0.000000	0.000000	0.000000	0.188303	0.485895	-0.343795	0.000000	0.000000	0.000000	0.900233	0.674875	0.900233	0.674875	0.900233	3.619219	0.900233	0.998513	0.337014	
2.000000	3.000000	0.000000	0.000000	0.000000	1.014930	0.000000	0.000000	0.000000	0.000000	0.000000	10.149300	0.143494	-0.102911	0.000000	0.000000	0.000000	0.270965	0.549049	-0.259754	0.000000	0.000000	0.000000	0.826627	0.697377	0.826627	0.697377	0.826627	3.622295	0.826627	1.014930	0.437640	
2.000000	3.000000	0.000000	0.000000	0.000000	1.031620	0.000000	0.000000	0.000000	0.000000	0.000000	10.316197	0.202785	-0.120625	0.000000	0.000000	0.000000	0.347031	0.592906	-0.177138	0.000000	0.000000	0.000000	0.760654	0.714023	0.760654	0.714023	0.760654	3.615891	0.760654	1.031620	0.536536	
2.000000	3.000000	0.000000	0.000000	0.000000	1.048275	0.000000	0.000000	0.000000	0.000000	0.000000	10.482746	0.264860	-0.130464	0.000000	0.000000	0.000000	0.417155	0.620753	-0.098390	0.000000	0.000000	0.000000	0.701244	0.725596	0.701244	0.725596	0.701244	3.601150	0.701244	1.048275	0.644772	
2.000000	3.000000	0.000000	0.000000	0.000000	1.064676	0.000000	0.000000	0.000000	0.000000	0.000000	10.646765	0.328418	-0.132966	0.000000	0.000000	0.000000	0.481907	0.635578	-0.025019	0.000000	0.000000	0.000000	0.647521	0.732817	0.647521	0.732817	0.647521	3.579178	0.647521	1.064676	0.736154	
2.000000	3.000000	0.000000	0.000000	0.000000	1.080673	0.000000	0.000000	0.000000	0.000000	0.000000	10.806733	0.392418	-0.128751	0.000000	0.000000	0.000000	0.541784	0.640003	0.042149	0.000000	0.000000	0.000000	0.598766	0.736341	0.598766	0.736341	0.598766	3.551008	0.598766	1.080673	0.836246	
2.000000	3.000000	0.000000	0.000000	0.000000	1.096162	0.000000	0.000000	0.000000	0.000000	0.000000	10.961623	0.456046	-0.118474	0.000000	0.000000	0.000000	0.597222	0.636276	0.102770	0.000000	0.000000	0.000000	0.554378	0.736744	0.554378	0.736744	0.554378	3.517585	0.554378	1.096162	0.936140	
2.000000	3.000000	0.000000	0.000000	0.000000	1.111077	0.000000	0.000000	0.000000	0.000000	0.000000	11.110770	0.518675	-0.102791	0.000000	0.000000	0.000000	0.648607	0.626288	0.156833	0.000000	0.000000	0.000000	0.513855	0.734536	0.513855	0.734536	0.513855	3.479752	0.513855	1.111077	1.036200	
2.000000	3.000000	0.000000	0.000000	0.000000	1.125378	0.000000	0.000000	0.000000	0.000000	0.000000	11.253777	0.579835	-0.082336	0.000000	0.000000	0.000000	0.696284	0.611605	0.204547	0.000000	0.000000	0.000000	0.476770	0.730159	0.476770	0.730159	0.476770	3.438260	0.476770	1.125378	1.136254	
2.000000	3.000000	0.000000	0.000000	0.000000	1.139044	0.000000	0.000000	0.000000	0.000000	0.000000	11.390445	0.639186	-0.057710	0.000000	0.000000	0.000000	0.740560	0.593509	0.246261	0.000000	0.000000	0.000000	0.442760	0.723993	0.442760	0.723993	0.442760	3.393768	0.442760	1.139044	1.236109	
2.000000	3.000000	0.000000	0.000000	0.000000	1.152072	0.000000	0.000000	0.000000	0.000000	0.000000	11.520719	0.696490	-0.029470	0.000000	0.000000	0.000000	0.781712	0.573035	0.282402	0.000000	0.000000	0.000000	0.411511	0.716367	0.411511	0.716367	0.411511	3.346850	0.411511	1.152072	1.336154	
2.000000	3.000000	0.000000	0.000000	0.000000	1.164465	0.000000	0.000000	0.000000	0.000000	0.000000	11.644647	0.751591	0.001874	0.000000	0.000000	0.000000	0.819987	0.551012	0.313436	0.000000	0.000000	0.000000	0.382753	0.707560	0.382753	0.707560	0.382753	3.298003	0.382753	1.164465	1.436533	
2.000000	3.000000	0.000000	0.000000	0.000000	1.176235	0.000000	0.000000	0.000000	0.000000	0.000000	11.762354	0.804400	0.035858	0.000000	0.000000	0.000000	0.855612	0.528092	0.339838	0.000000	0.000000	0.000000	0.356249	0.697811	0.356249	0.697811	0.356249	3.247658	0.356249	1.176235	1.536295	
2.000000	3.000000	0.000000	0.000000	0.000000	1.187402	0.000000	0.000000	0.000000	0.000000	0.000000	11.874015	0.854879	0.072065	0.000000	0.000000	0.000000	0.888791	0.504788	0.362073	0.000000	0.000000	0.000000	0.331790	0.687321	0.331790	0.687321	0.331790	3.196185	0.331790	1.187402	1.636006	
2.000000	3.000000	0.000000	0.000000	0.000000	1.197984	0.000000	0.000000	0.000000	0.000000	0.000000	11.979841	0.903028	0.110124	0.000000	0.000000	0.000000	0.919710	0.481493	0.380586	0.000000	0.000000	0.000000	0.309193	0.676261	0.309193	0.676261	0.309193	3.143900	0.309193	1.197984	1.736053	
2.000000	3.000000	0.000000	0.000000	0.000000	1.208007	0.000000	0.000000	0.000000	0.000000	0.000000	12.080065	0.948879	0.149703	0.000000	0.000000	0.000000	0.948540	0.458505	0.395792	0.000000	0.000000	0.000000	0.288297	0.664775	0.288297	0.664775	0.288297	3.091073	0.288297	1.208007	1.836240	
2.000000	3.000000	0.000000	0.000000	0.000000	1.217493	0.000000	0.000000	0.000000	0.000000	0.000000	12.174934	0.992483	0.190510	0.000000	0.000000	0.000000	0.975435	0.436044	0.408074	0.000000	0.000000	0.000000	0.268954	0.652982	0.268954	0.652982	0.268954	3.037935	0.268954	1.217493	1.936546	
2.000000	3.000000	0.000000	0.000000	0.000000	1.226470	0.000000	0.000000	0.000000	0.000000	0.000000	12.264700	1.033910	0.232288	0.000000	0.000000	0.000000	1.000539	0.414272	0.417779	0.000000	0.000000	0.000000	0.251035	0.640985	0.251035	0.640985	0.251035	2.984681	0.251035	1.226470	2.036229	
2.000000	3.000000	0.000000	0.000000	0.000000	1.234962	0.000000	0.000000	0.000000	0.000000	0.000000	12.349617	1.073240	0.274811	0.000000	0.000000	0.000000	1.023981	0.393300	0.425223	0.000000	0.000000	0.000000	0.234423	0.628865	0.234423	0.628865	0.234423	2.931477	0.234423	1.234962	2.136116	
2.000000	3.000000	0.000000	0.000000	0.000000	1.242994	0.000000	0.000000	0.000000	0.000000	0.000000	12.429936	1.110560	0.317880	0.000000	0.000000	0.000000	1.045882	0.373199	0.430689	0.000000	0.000000	0.000000	0.219013	0.616694	0.219013	0.616694	0.219013	2.878462	0.219013	1.242994	2.236067	
2.000000	3.000000	0.000000	0.000000	0.000000	1.250590	0.000000	0.000000	0.000000	0.000000	0.000000	12.505902	1.145961	0.361322	0.000000	0.000000	0.000000	1.066353	0.354012	0.434429	0.000000	0.000000	0.000000	0.204708	0.604527	0.204708	0.604527	0.204708	2.825752	0.204708	1.250590	2.336225	
2.000000	3.000000	0.000000	0.000000	0.000000	1.257775	0.000000	0.000000	0.000000	0.000000	0.000000	12.577754	1.179537	0.404989	0.000000	0.000000	0.000000	1.085495	0.335760	0.436668	0.000000	0.000000	0.000000	0.191423	0.592413	0.191423	0.592413	0.191423	2.773446	0.191423	1.257775	2.436479	
2.000000	3.000000	0.000000	0.000000	0.000000	1.264572	0.000000	0.000000	0.000000	0.000000	0.000000	12.645722	1.211382	0.448750	0.000000	0.000000	0.000000	1.103403	0.318442	0.437603	0.000000	0.000000	0.000000	0.179077	0.580390	0.179077	0.580390	0.179077	2.721624	0.179077	1.264572	2.536057	
2.000000	3.000000	0.000000	0.000000	0.000000	1.271002	0.000000	0.000000	0.000000	0.000000	0.000000	12.710024	1.241587	0.492491	0.000000	0.000000	0.000000	1.120163	0.302049	0.437411	0.000000	0.000000	0.000000	0.167599	0.568488	0.167599	0.568488	0.167599	2.670355	0.167599	1.271002	2.636124	
2.000000	3.000000	0.000000	0.000000	0.000000	1.277087	0.000000	0.000000	0.000000	0.000000	0.000000	12.770870	1.270242	0.536115	0.000000	0.000000	0.000000	1.135855	0.286557	0.436245	0.000000	0.000000	0.000000	0.156924	0.556732	0.156924	0.556732	0.156924	2.619694	0.156924	1.277087	2.736173	
2.000000	3.000000	0.000000	0.000000	0.000000	1.282846	0.000000	0.000000	0.000000	0.000000	0.000000	12.828462	1.297436	0.579539	0.000000	0.000000	0.000000	1.150554	0.271939	0.434242	0.000000	0.000000	0.000000	0.146991	0.545142	0.146991	0.545142	0.146991	2.569684	0.146991	1.282846	2.836386	
2.000000	3.000000	0.000000	0.000000	0.000000	1.288299	0.000000	0.000000	0.000000	0.000000	0.000000	12.882987	1.323252	0.622691	0.000000	0.000000	0.000000	1.164329	0.258160	0.431520	0.000000	0.000000	0.000000	0.137744	0.533734	0.137744	0.533734	0.137744	2.520362	0.137744	1.288299	2.936688	
2.000000	3.000000	0.000000	0.000000	0.000000	1.293463	0.000000	0.000000	0.000000	0.000000	0.000000	12.934626	1.347770	0.665510	0.000000	0.000000	0.000000	1.177242	0.245184	0.428185	0.000000	0.000000	0.000000	0.129134	0.522519	0.129134	0.522519	0.129134	2.471757	0.129134	1.293463	3.036346	
2.000000	3.000000	0.000000	0.000000	0.000000	1.298355	0.000000	0.000000	0.000000	0.000000	0.000000	12.983548	1.371068	0.707943	0.000000	0.000000	0.000000	1.189353	0.232972	0.424328	0.000000	0.000000	0.000000	0.121113	0.511505	0.121113	0.511505	0.121113	2.423891	0.121113	1.298355	3.136390	
2.000000	3.000000	0.000000	0.000000	0.000000	1.302991	0.000000	0.000000	0.000000	0.000000	0.000000	13.029913	1.393216	0.749945	0.000000	0.000000	0.000000	1.200717	0.221485	0.420028	0.000000	0.000000	0.000000	0.113638	0.500700	0.113638	0.500700	0.113638	2.376780	0.113638	1.302991	3.236003	
2.000000	3.000000	0.000000	0.000000	0.000000	1.307387	0.000000	0.000000	0.000000	0.000000	0.000000	13.073873	1.414284	0.791481	0.000000	0.000000	0.000000	1.211384	0.210683	0.415356	0.000000	0.000000	0.000000	0.106670	0.490106	0.106670	0.490106	0.106670	2.330436	0.106670	1.307387	3.336068	
2.000000	3.000000	0.000000	0.000000	0.000000	1.311557	0.000000	0.000000	0.000000	0.000000	0.000000	13.115568	1.434337	0.832518	0.000000	0.000000	0.000000	1.221401	0.200527	0.410374	0.000000	0.000000	0.000000	0.100173	0.479726	0.100173	0.479726	0.100173	2.284867	0.100173	1.311557	3.436622	
2.000000	3.000000	0.000000	0.000000	0.000000	1.315513	0.000000	0.000000	0.000000	0.000000	0.000000	13.155133	1.453435	0.873032	0.000000	0.000000	0.000000	1.230813	0.190980	0.405133	0.000000	0.000000	0.000000	0.094112	0.469561	0.094112	0.469561	0.094112	2.240078	0.094112	1.315513	3.536376	
2.000000	3.000000	0.000000	0.000000	0.000000	1.319269	0.000000	0.000000	0.000000	0.000000	0.000000	13.192694	1.471635	0.913000	0.000000	0.000000	0.000000	1.239658	0.182003	0.399682	0.000000	0.000000	0.000000	0.088457	0.459611	0.088457	0.459611	0.088457	2.196071	0.088457	1.319269	3.636242	
2.000000	3.000000	0.000000	0.000000	0.000000	1.322837	0.000000	0.000000	0.000000	0.000000	0.000000	13.228369	1.488992	0.952406	0.000000	0.000000	0.000000	1.247976	0.173563	0.394060	0.000000	0.000000	0.000000	0.083179	0.449875	0.083179	0.449875	0.083179	2.152844	0.083179	1.322837	3.736250	
2.000000	3.000000	0.000000	0.000000	0.000000	1.326227	0.000000	0.000000	0.000000	0.000000	0.000000	13.262269	1.505554	0.991236	0.000000	0.000000	0.000000	1.255801	0.165625	0.388302	0.000000	0.000000	0.000000	0.078251	0.440350	0.078251	0.440350	0.078251	2.110396	0.078251	1.326227	3.836087	
2.000000	3.000000	0.000000	0.000000	0.000000	1.329450	0.000000	0.000000	0.000000	0.000000	0.000000	13.294498	1.521370	1.029480	0.000000	0.000000	0.000000	1.263166	0.158157	0.382441	0.000000	0.000000	0.000000	0.073649	0.431035	0.073649	0.431035	0.073649	2.068722	0.073649	1.329450	3.936558	
2.000000	3.000000	0.000000	0.000000	0.000000	1.332515	0.000000	0.000000	0.000000	0.000000	0.000000	13.325155	1.536483	1.067130	0.000000	0.000000	0.000000	1.270101	0.151129	0.376502	0.000000	0.000000	0.000000	0.069349	0.421926	0.069349	0.421926	0.069349	2.027815	0.069349	1.332515	4.036036	
2.000000	3.000000	0.000000	0.000000	0.000000	1.335433	0.000000	0.000000	0.000000	0.000000	0.000000	13.354331	1.550934	1.104181	0.000000	0.000000	0.000000	1.276634	0.144512	0.370508	0.000000	0.000000	0.000000	0.065332	0.413019	0.065332	0.413019	0.065332	1.987670	0.065332	1.335433	4.136034	
2.000000	3.000000	0.000000	0.000000	0.000000	1.338211	0.000000	0.000000	0.000000	0.000000	0.000000	13.382113	1.564762	1.140629	0.000000	0.000000	0.000000	1.282792	0.138280	0.364481	0.000000	0.000000	0.000000	0.061577	0.404311	0.061577	0.404311	0.061577	1.948279	0.061577	1.338211	4.236213	
2.000000	3.000000	0.000000	0.000000	0.000000	1.340858	0.000000	0.000000	0.000000	0.000000	0.000000	13.408582	1.578003	1.176473	0.000000	0.000000	0.000000	1.288599	0.132407	0.358437	0.000000	0.000000	0.000000	0.058066	0.395799	0.058066	0.395799	0.058066	1.909631	0.058066	1.340858	4.336458	
2.000000	3.000000	0.000000	0.000000	0.000000	1.343381	0.000000	0.000000	0.000000	0.000000	0.000000	13.433815	1.590690	1.211712	0.000000	0.000000	0.000000	1.294077	0.126869	0.352392	0.000000	0.000000	0.000000	0.054783	0.387478	0.054783	0.387478	0.054783	1.871719	0.054783	1.343381	4.436398	
2.000000	3.000000	0.000000	0.000000	0.000000	1.345788	0.000000	0.000000	0.000000	0.000000	0.000000	13.457882	1.602854	1.246348	0.000000	0.000000	0.000000	1.299248	0.121645	0.346359	0.000000	0.000000	0.000000	0.051711	0.379344	0.051711	0.379344	0.051711	1.834532	0.051711	1.345788	4.536493	
2.000000	3.000000	0.000000	0.000000	0.000000	1.348085	0.000000	0.000000	0.000000	0.000000	0.000000	13.480852	1.614526	1.280383	0.000000	0.000000	0.000000	1.304132	0.116714	0.340349	0.000000	0.000000	0.000000	0.048837	0.371393	0.048837	0.371393	0.048837	1.798060	0.048837	1.348085	4.636444	
2.000000	3.000000	0.000000	0.000000	0.000000	1.350279	0.000000	0.000000	0.000000	0.000000	0.000000	13.502788	1.625731	1.313820	0.000000	0.000000	0.000000	1.308746	0.112055	0.334373	0.000000	0.000000	0.000000	0.046147	0.363620	0.046147	0.363620	0.046147	1.762292	0.046147	1.350279	4.736424	
2.000000	3.000000	0.000000	0.000000	0.000000	1.352375	0.000000	0.000000	0.000000	0.000000	0.000000	13.523748	1.636496	1.346664	0.000000	0.000000	0.000000	1.313109	0.107652	0.328439	0.000000	0.000000	0.000000	0.043628	0.356022	0.043628	0.356022	0.043628	1.727217	0.043628	1.352375	4.836197	
2.000000	3.000000	0.000000	0.000000	0.000000	1.354379	0.000000	0.000000	0.000000	0.000000	0.000000	13.543789	1.646845	1.378919	0.000000	0.000000	0.000000	1.317236	0.103488	0.322553	0.000000	0.000000	0.000000	0.041270	0.348594	0.041270	0.348594	0.041270	1.692824	0.041270	1.354379	4.936549	
2.000000	3.000000	0.000000	0.000000	0.000000	1.356296	0.000000	0.000000	0.000000	0.000000	0.000000	13.562963	1.656800	1.410592	0.000000	0.000000	0.000000	1.321142	0.099547	0.316723	0.000000	0.000000	0.000000	0.039060	0.341332	0.039060	0.341332	0.039060	1.659102	0.039060	1.356296	5.036376	
2.000000	3.000000	0.000000	0.000000	0.000000	1.358132	0.000000	0.000000	0.000000	0.000000	0.000000	13.581319	1.666381	1.441687	0.000000	0.000000	0.000000	1.324841	0.095814	0.310953	0.000000	0.000000	0.000000	0.036990	0.334233	0.036990	0.334233	0.036990	1.626040	0.036990	1.358132	5.136425	
2.000000	3.000000	0.000000	0.000000	0.000000	1.359890	0.000000	0.000000	0.000000	0.000000	0.000000	13.598904	1.675609	1.472212	0.000000	0.000000	0.000000	1.328346	0.092276	0.305248	0.000000	0.000000	0.000000	0.035049	0.327292	0.035049	0.327292	0.035049	1.593625	0.035049	1.359890	5.236434	
2.000000	3.000000	0.000000	0.000000	0.000000	1.361576	0.000000	0.000000	0.000000	0.000000	0.000000	13.615762	1.684501	1.502173	0.000000	0.000000	0.000000	1.331669	0.088921	0.299611	0.000000	0.000000	0.000000	0.033230	0.320504	0.033230	0.320504	0.033230	1.561847	0.033230	1.361576	5.336684	
2.000000	3.000000	0.000000	0.000000	0.000000	1.363193	0.000000	0.000000	0.000000	0.000000	0.000000	13.631934	1.693075	1.531578	0.000000	0.000000	0.000000	1.334822	0.085736	0.294047	0.000000	0.000000	0.000000	0.031524	0.313868	0.031524	0.313868	0.031524	1.530694	0.031524	1.363193	5.436352	
2.000000	3.000000	0.000000	0.000000	0.000000	1.364746	0.000000	0.000000	0.000000	0.000000	0.000000	13.647458	1.701346	1.560433	0.000000	0.000000	0.000000	1.337814	0.082712	0.288556	0.000000	0.000000	0.000000	0.029924	0.307378	0.029924	0.307378	0.029924	1.500156	0.029924	1.364746	5.536277	
2.000000	3.000000	0.000000	0.000000	0.000000	1.366237	0.000000	0.000000	0.000000	0.000000	0.000000	13.662370	1.709329	1.588747	0.000000	0.000000	0.000000	1.340656	0.079837	0.283142	0.000000	0.000000	0.000000	0.028423	0.301031	0.028423	0.301031	0.028423	1.470220	0.028423	1.366237	5.636555	
2.000000	3.000000	0.000000	0.000000	0.000000	1.367671	0.000000	0.000000	0.000000	0.000000	0.000000	13.676705	1.717040	1.616528	0.000000	0.000000	0.000000	1.343358	0.077102	0.277807	0.000000	0.000000	0.000000	0.027014	0.294824	0.027014	0.294824	0.027014	1.440876	0.027014	1.367671	5.736479	
2.000000	3.000000	0.000000	0.000000	0.000000	1.369050	0.000000	0.000000	0.000000	0.000000	0.000000	13.690496	1.724490	1.643783	0.000000	0.000000	0.000000	1.345927	0.074499	0.272550	0.000000	0.000000	0.000000	0.025692	0.288752	0.025692	0.288752	0.025692	1.412112	0.025692	1.369050	5.836283	
2.000000	3.000000	0.000000	0.000000	0.000000	1.370377	0.000000	0.000000	0.000000	0.000000	0.000000	13.703773	1.731691	1.670521	0.000000	0.000000	0.000000	1.348372	0.072019	0.267374	0.000000	0.000000	0.000000	0.024450	0.282814	0.024450	0.282814	0.024450	1.383918	0.024450	1.370377	5.936811	
2.000000	3.000000	0.000000	0.000000	0.000000	1.371656	0.000000	0.000000	0.000000	0.000000	0.000000	13.716565	1.738657	1.696748	0.000000	0.000000	0.000000	1.350700	0.069656	0.262279	0.000000	0.000000	0.000000	0.023285	0.277004	0.023285	0.277004	0.023285	1.356284	0.023285	1.371656	6.036574	
2.000000	3.000000	0.000000	0.000000	0.000000	1.372890	0.000000	0.000000	0.000000	0.000000	0.000000	13.728898	1.745397	1.722475	0.000000	0.000000	0.000000	1.352919	0.067401	0.257265	0.000000	0.000000	0.000000	0.022189	0.271321	0.022189	0.271321	0.022189	1.329197	0.022189	1.372890	6.136441	
2.000000	3.000000	0.000000	0.000000	0.000000	1.374080	0.000000	0.000000	0.000000	0.000000	0.000000	13.740799	1.751922	1.747708	0.000000	0.000000	0.000000	1.355035	0.065249	0.252333	0.000000	0.000000	0.000000	0.021161	0.265762	0.021161	0.265762	0.021161	1.302648	0.021161	1.374080	6.236464	
2.000000	3.000000	0.000000	0.000000	0.000000	1.375229	0.000000	0.000000	0.000000	0.000000	0.000000	13.752292	1.758241	1.772456	0.000000	0.000000	0.000000	1.357055	0.063193	0.247483	0.000000	0.000000	0.000000	0.020194	0.260322	0.020194	0.260322	0.020194	1.276627	0.020194	1.375229	6.336398	
2.000000	3.000000	0.000000	0.000000	0.000000	1.376340	0.000000	0.000000	0.000000	0.000000	0.000000	13.763400	1.764364	1.796728	0.000000	0.000000	0.000000	1.358983	0.061228	0.242714	0.000000	0.000000	0.000000	0.019285	0.255000	0.019285	0.255000	0.019285	1.251124	0.019285	1.376340	6.436482	
2.000000	3.000000	0.000000	0.000000	0.000000	1.377414	0.000000	0.000000	0.000000	0.000000	0.000000	13.774144	1.770299	1.820530	0.000000	0.000000	0.000000	1.360826	0.059348	0.238026	0.000000	0.000000	0.000000	0.018431	0.249792	0.018431	0.249792	0.018431	1.226127	0.018431	1.377414	6.536502	
2.000000	3.000000	0.000000	0.000000	0.000000	1.378454	0.000000	0.000000	0.000000	0.000000	0.000000	13.784545	1.776054	1.843872	0.000000	0.000000	0.000000	1.362589	0.057549	0.233420	0.000000	0.000000	0.000000	0.017628	0.244695	0.017628	0.244695	0.017628	1.201628	0.017628	1.378454	6.636280	
2.000000	3.000000	0.000000	0.000000	0.000000	1.379462	0.000000	0.000000	0.000000	0.000000	0.000000	13.794622	1.781636	1.866762	0.000000	0.000000	0.000000	1.364277	0.055826	0.228894	0.000000	0.000000	0.000000	0.016873	0.239708	0.016873	0.239708	0.016873	1.177617	0.016873	1.379462	6.736424	
2.000000	3.000000	0.000000	0.000000	0.000000	1.380440	0.000000	0.000000	0.000000	0.000000	0.000000	13.804395	1.787054	1.889207	0.000000	0.000000	0.000000	1.365893	0.054174	0.224448	0.000000	0.000000	0.000000	0.016163	0.234828	0.016163	0.234828	0.016163	1.154085	0.016163	1.380440	6.836511	
2.000000	3.000000	0.000000	0.000000	0.000000	1.381388	0.000000	0.000000	0.000000	0.000000	0.000000	13.813880	1.792313	1.911215	0.000000	0.000000	0.000000	1.367442	0.052590	0.220080	0.000000	0.000000	0.000000	0.015495	0.230051	0.015495	0.230051	0.015495	1.131021	0.015495	1.381388	6.936838	
2.000000	3.000000	0.000000	0.000000	0.000000	1.382309	0.000000	0.000000	0.000000	0.000000	0.000000	13.823095	1.797420	1.932794	0.000000	0.000000	0.000000	1.368929	0.051070	0.215791	0.000000	0.000000	0.000000	0.014867	0.225376	0.014867	0.225376	0.014867	1.108417	0.014867	1.382309	7.036461	
2.000000	3.000000	0.000000	0.000000	0.000000	1.383205	0.000000	0.000000	0.000000	0.000000	0.000000	13.832054	1.802381	1.953952	0.000000	0.000000	0.000000	1.370357	0.049611	0.211580	0.000000	0.000000	0.000000	0.014276	0.220800	0.014276	0.220800	0.014276	1.086263	0.014276	1.383205	7.136640	
2.000000	3.000000	0.000000	0.000000	0.000000	1.384077	0.000000	0.000000	0.000000	0.000000	0.000000	13.840774	1.807202	1.974696	0.000000	0.000000	0.000000	1.371729	0.048209	0.207445	0.000000	0.000000	0.000000	0.013721	0.216320	0.013721	0.216320	0.013721	1.064552	0.013721	1.384077	7.236478	
2.000000	3.000000	0.000000	0.000000	0.000000	1.384927	0.000000	0.000000	0.000000	0.000000	0.000000	13.849268	1.811888	1.995035	0.000000	0.000000	0.000000	1.373049	0.046861	0.203386	0.000000	0.000000	0.000000	0.013198	0.211936	0.013198	0.211936	0.013198	1.043273	0.013198	1.384927	7.336519	
2.000000	3.000000	0.000000	0.000000	0.000000	1.385755	0.000000	0.000000	0.000000	0.000000	0.000000	13.857550	1.816444	2.014975	0.000000	0.000000	0.000000	1.374319	0.045565	0.199402	0.000000	0.000000	0.000000	0.012706	0.207644	0.012706	0.207644	0.012706	1.022419	0.012706	1.385755	7.437007	
2.000000	3.000000	0.000000	0.000000	0.000000	1.386563	0.000000	0.000000	0.000000	0.000000	0.000000	13.865633	1.820876	2.034524	0.000000	0.000000	0.000000	1.375544	0.044317	0.195491	0.000000	0.000000	0.000000	0.012244	0.203442	0.012244	0.203442	0.012244	1.001981	0.012244	1.386563	7.536514	
2.000000	3.000000	0.000000	0.000000	0.000000	1.387353	0.000000	0.000000	0.000000	0.000000	0.000000	13.873531	1.825188	2.053689	0.000000	0.000000	0.000000	1.376725	0.043116	0.191653	0.000000	0.000000	0.000000	0.011809	0.199329	0.011809	0.199329	0.011809	0.981952	0.011809	1.387353	7.636449	
2.000000	3.000000	0.000000	0.000000	0.000000	1.388125	0.000000	0.000000	0.000000	0.000000	0.000000	13.881254	1.829384	2.072478	0.000000	0.000000	0.000000	1.377865	0.041959	0.187887	0.000000	0.000000	0.000000	0.011401	0.195302	0.011401	0.195302	0.011401	0.962322	0.011401	1.388125	7.736539	
2.000000	3.000000	0.000000	0.000000	0.000000	1.388881	0.000000	0.000000	0.000000	0.000000	0.000000	13.888815	1.833468	2.090897	0.000000	0.000000	0.000000	1.378966	0.040845	0.184191	0.000000	0.000000	0.000000	0.011017	0.191359	0.011017	0.191359	0.011017	0.943084	0.011017	1.388881	7.836632	
2.000000	3.000000	0.000000	0.000000	0.000000	1.389622	0.000000	0.000000	0.000000	0.000000	0.000000	13.896224	1.837445	2.108954	0.000000	0.000000	0.000000	1.380032	0.039770	0.180565	0.000000	0.000000	0.000000	0.010656	0.187499	0.010656	0.187499	0.010656	0.924230	0.010656	1.389622	7.936716	
2.000000	3.000000	0.000000	0.000000	0.000000	1.390349	0.000000	0.000000	0.000000	0.000000	0.000000	13.903493	1.841318	2.126655	0.000000	0.000000	0.000000	1.381064	0.038733	0.177008	0.000000	0.000000	0.000000	0.010317	0.183720	0.010317	0.183720	0.010317	0.905752	0.010317	1.390349	8.036295	
2.000000	3.000000	0.000000	0.000000	0.000000	1.391063	0.000000	0.000000	0.000000	0.000000	0.000000	13.910631	1.845092	2.144006	0.000000	0.000000	0.000000	1.382064	0.037732	0.173518	0.000000	0.000000	0.000000	0.009999	0.180020	0.009999	0.180020	0.009999	0.887644	0.009999	1.391063	8.136620	
2.000000	3.000000	0.000000	0.000000	0.000000	1.391765	0.000000	0.000000	0.000000	0.000000	0.000000	13.917649	1.848768	2.161016	0.000000	0.000000	0.000000	1.383034	0.036766	0.170094	0.000000	0.000000	0.000000	0.009701	0.176397	0.009701	0.176397	0.009701	0.869898	0.009701	1.391765	8.236639	
2.000000	3.000000	0.000000	0.000000	0.000000	1.392456	0.000000	0.000000	0.000000	0.000000	0.000000	13.924556	1.852351	2.177689	0.000000	0.000000	0.000000	1.383976	0.035833	0.166735	0.000000	0.000000	0.000000	0.009422	0.172849	0.009422	0.172849	0.009422	0.852506	0.009422	1.392456	8.336614	
2.000000	3.000000	0.000000	0.000000	0.000000	1.393136	0.000000	0.000000	0.000000	0.000000	0.000000	13.931362	1.855845	2.194033	0.000000	0.000000	0.000000	1.384892	0.034931	0.163441	0.000000	0.000000	0.000000	0.009160	0.169375	0.009160	0.169375	0.009160	0.835461	0.009160	1.393136	8.436406	
2.000000	3.000000	0.000000	0.000000	0.000000	1.393808	0.000000	0.000000	0.000000	0.000000	0.000000	13.938075	1.859251	2.210054	0.000000	0.000000	0.000000	1.385784	0.034060	0.160210	0.000000	0.000000	0.000000	0.008916	0.165974	0.008916	0.165974	0.008916	0.818757	0.008916	1.393808	8.536556	
2.000000	3.000000	0.000000	0.000000	0.000000	1.394471	0.000000	0.000000	0.000000	0.000000	0.000000	13.944706	1.862572	2.225758	0.000000	0.000000	0.000000	1.386652	0.033218	0.157041	0.000000	0.000000	0.000000	0.008687	0.162643	0.008687	0.162643	0.008687	0.802387	0.008687	1.394471	8.636614	
2.000000	3.000000	0.000000	0.000000	0.000000	1.395126	0.000000	0.000000	0.000000	0.000000	0.000000	13.951262	1.865813	2.241152	0.000000	0.000000	0.000000	1.387500	0.032403	0.153932	0.000000	0.000000	0.000000	0.008474	0.159382	0.008474	0.159382	0.008474	0.786344	0.008474	1.395126	8.736819	
2.000000	3.000000	0.000000	0.000000	0.000000	1.395775	0.000000	0.000000	0.000000	0.000000	0.000000	13.957753	1.868974	2.256240	0.000000	0.000000	0.000000	1.388327	0.031615	0.150884	0.000000	0.000000	0.000000	0.008276	0.156188	0.008276	0.156188	0.008276	0.770621	0.008276	1.395775	8.836625	
2.000000	3.000000	0.000000	0.000000	0.000000	1.396419	0.000000	0.000000	0.000000	0.000000	0.000000	13.964186	1.872059	2.271030	0.000000	0.000000	0.000000	1.389136	0.030853	0.147894	0.000000	0.000000	0.000000	0.008091	0.153061	0.008091	0.153061	0.008091	0.755213	0.008091	1.396419	8.936829	
2.000000	3.000000	0.000000	0.000000	0.000000	1.397057	0.000000	0.000000	0.000000	0.000000	0.000000	13.970571	1.875071	2.285526	0.000000	0.000000	0.000000	1.389928	0.030115	0.144963	0.000000	0.000000	0.000000	0.007921	0.149998	0.007921	0.149998	0.007921	0.740113	0.007921	1.397057	9.036448	
2.000000	3.000000	0.000000	0.000000	0.000000	1.397692	0.000000	0.000000	0.000000	0.000000	0.000000	13.976916	1.878011	2.299735	0.000000	0.000000	0.000000	1.390705	0.029400	0.142088	0.000000	0.000000	0.000000	0.007763	0.146999	0.007763	0.146999	0.007763	0.725314	0.007763	1.397692	9.136337	
2.000000	3.000000	0.000000	0.000000	0.000000	1.398323	0.000000	0.000000	0.000000	0.000000	0.000000	13.983230	1.880882	2.313661	0.000000	0.000000	0.000000	1.391467	0.028709	0.139268	0.000000	0.000000	0.000000	0.007618	0.144063	0.007618	0.144063	0.007618	0.710812	0.007618	1.398323	9.236658	
2.000000	3.000000	0.000000	0.000000	0.000000	1.398952	0.000000	0.000000	0.000000	0.000000	0.000000	13.989520	1.883686	2.327312	0.000000	0.000000	0.000000	1.392215	0.028039	0.136504	0.000000	0.000000	0.000000	0.007485	0.141187	0.007485	0.141187	0.007485	0.696599	0.007485	1.398952	9.336422	
2.000000	3.000000	0.000000	0.000000	0.000000	1.399580	0.000000	0.000000	0.000000	0.000000	0.000000	13.995795	1.886425	2.340691	0.000000	0.000000	0.000000	1.392952	0.027391	0.133793	0.000000	0.000000	0.000000	0.007364	0.138371	0.007364	0.138371	0.007364	0.682670	0.007364	1.399580	9.436694	
2.000000	3.000000	0.000000	0.000000	0.000000	1.400206	0.000000	0.000000	0.000000	0.000000	0.000000	14.002065	1.889101	2.353804	0.000000	0.000000	0.000000	1.393677	0.026762	0.131134	0.000000	0.000000	0.000000	0.007255	0.135614	0.007255	0.135614	0.007255	0.669020	0.007255	1.400206	9.536792	
2.000000	3.000000	0.000000	0.000000	0.000000	1.400834	0.000000	0.000000	0.000000	0.000000	0.000000	14.008336	1.891716	2.366657	0.000000	0.000000	0.000000	1.394393	0.026154	0.128528	0.000000	0.000000	0.000000	0.007157	0.132914	0.007157	0.132914	0.007157	0.655643	0.007157	1.400834	9.636779	
2.000000	3.000000	0.000000	0.000000	0.000000	1.401462	0.000000	0.000000	0.000000	0.000000	0.000000	14.014620	1.894273	2.379254	0.000000	0.000000	0.000000	1.395100	0.025565	0.125972	0.000000	0.000000	0.000000	0.007069	0.130271	0.007069	0.130271	0.007069	0.642533	0.007069	1.401462	9.736695	
2.000000	3.000000	0.000000	0.000000	0.000000	1.402092	0.000000	0.000000	0.000000	0.000000	0.000000	14.020924	1.896772	2.391601	0.000000	0.000000	0.000000	1.395799	0.024994	0.123466	0.000000	0.000000	0.000000	0.006993	0.127682	0.006993	0.127682	0.006993	0.629685	0.006993	1.402092	9.836621	
2.000000	3.000000	0.000000	0.000000	0.000000	1.402726	0.000000	0.000000	0.000000	0.000000	0.000000	14.027257	1.899216	2.403702	0.000000	0.000000	0.000000	1.396492	0.024441	0.121009	0.000000	0.000000	0.000000	0.006927	0.125148	0.006927	0.125148	0.006927	0.617094	0.006927	1.402726	9.936808	
2.000000	3.000000	0.000000	0.000000	0.000000	1.403363	0.000000	0.000000	0.000000	0.000000	0.000000	14.033630	1.901607	2.415562	0.000000	0.000000	0.000000	1.397179	0.023906	0.118599	0.000000	0.000000	0.000000	0.006871	0.122666	0.006871	0.122666	0.006871	0.604755	0.006871	1.403363	10.036763	
2.000000	3.000000	0.000000	0.000000	0.000000	1.404005	0.000000	0.000000	0.000000	0.000000	0.000000	14.040053	1.903946	2.427186	0.000000	0.000000	0.000000	1.397861	0.023387	0.116237	0.000000	0.000000	0.000000	0.006827	0.120236	0.006827	0.120236	0.006827	0.592663	0.006827	1.404005	10.136913	
2.000000	3.000000	0.000000	0.000000	0.000000	1.404654	0.000000	0.000000	0.000000	0.000000	0.000000	14.046535	1.906234	2.438578	0.000000	0.000000	0.000000	1.398541	0.022885	0.113921	0.000000	0.000000	0.000000	0.006792	0.117858	0.006792	0.117858	0.006792	0.580812	0.006792	1.404654	10.236739	
2.000000	3.000000	0.000000	0.000000	0.000000	1.405309	0.000000	0.000000	0.000000	0.000000	0.000000	14.053089	1.908474	2.449743	0.000000	0.000000	0.000000	1.399217	0.022400	0.111650	0.000000	0.000000	0.000000	0.006768	0.115529	0.006768	0.115529	0.006768	0.569199	0.006768	1.405309	10.336622	
2.000000	3.000000	0.000000	0.000000	0.000000	1.405972	0.000000	0.000000	0.000000	0.000000	0.000000	14.059724	1.910667	2.460685	0.000000	0.000000	0.000000	1.399893	0.021930	0.109423	0.000000	0.000000	0.000000	0.006755	0.113250	0.006755	0.113250	0.006755	0.557817	0.006755	1.405972	10.436505	
2.000000	3.000000	0.000000	0.000000	0.000000	1.406645	0.000000	0.000000	0.000000	0.000000	0.000000	14.066453	1.912815	2.471409	0.000000	0.000000	0.000000	1.400568	0.021475	0.107240	0.000000	0.000000	0.000000	0.006752	0.111018	0.006752	0.111018	0.006752	0.546664	0.006752	1.406645	10.536786	
2.000000	3.000000	0.000000	0.000000	0.000000	1.407329	0.000000	0.000000	0.000000	0.000000	0.000000	14.073288	1.914918	2.481919	0.000000	0.000000	0.000000	1.401244	0.021036	0.105100	0.000000	0.000000	0.000000	0.006761	0.108834	0.006761	0.108834	0.006761	0.535733	0.006761	1.407329	10.636944	
2.000000	3.000000	0.000000	0.000000	0.000000	1.408024	0.000000	0.000000	0.000000	0.000000	0.000000	14.080243	1.916979	2.492219	0.000000	0.000000	0.000000	1.401922	0.020612	0.103001	0.000000	0.000000	0.000000	0.006780	0.106697	0.006780	0.106697	0.006780	0.525021	0.006780	1.408024	10.736718	
2.000000	3.000000	0.000000	0.000000	0.000000	1.408733	0.000000	0.000000	0.000000	0.000000	0.000000	14.087333	1.919000	2.502313	0.000000	0.000000	0.000000	1.402603	0.020202	0.100943	0.000000	0.000000	0.000000	0.006811	0.104605	0.006811	0.104605	0.006811	0.514523	0.006811	1.408733	10.836562	
2.000000	3.000000	0.000000	0.000000	0.000000	1.409457	0.000000	0.000000	0.000000	0.000000	0.000000	14.094572	1.920980	2.512206	0.000000	0.000000	0.000000	1.403289	0.019807	0.098925	0.000000	0.000000	0.000000	0.006854	0.102558	0.006854	0.102558	0.006854	0.504235	0.006854	1.409457	10.937243	
2.000000	3.000000	0.000000	0.000000	0.000000	1.410198	0.000000	0.000000	0.000000	0.000000	0.000000	14.101976	1.922923	2.521900	0.000000	0.000000	0.000000	1.403980	0.019427	0.096946	0.000000	0.000000	0.000000	0.006909	0.100555	0.006909	0.100555	0.006909	0.494153	0.006909	1.410198	11.036669	
2.000000	3.000000	0.000000	0.000000	0.000000	1.410956	0.000000	0.000000	0.000000	0.000000	0.000000	14.109564	1.924829	2.531401	0.000000	0.000000	0.000000	1.404677	0.019061	0.095006	0.000000	0.000000	0.000000	0.006977	0.098596	0.006977	0.098596	0.006977	0.484273	0.006977	1.410956	11.136671	
2.000000	3.000000	0.000000	0.000000	0.000000	1.411735	0.000000	0.000000	0.000000	0.000000	0.000000	14.117353	1.926700	2.540711	0.000000	0.000000	0.000000	1.405383	0.018709	0.093104	0.000000	0.000000	0.000000	0.007058	0.096680	0.007058	0.096680	0.007058	0.474590	0.007058	1.411735	11.236509	
2.000000	3.000000	0.000000	0.000000	0.000000	1.412536	0.000000	0.000000	0.000000	0.000000	0.000000	14.125364	1.928537	2.549835	0.000000	0.000000	0.000000	1.406098	0.018372	0.091238	0.000000	0.000000	0.000000	0.007153	0.094806	0.007153	0.094806	0.007153	0.465101	0.007153	1.412536	11.336583	
2.000000	3.000000	0.000000	0.000000	0.000000	1.413362	0.000000	0.000000	0.000000	0.000000	0.000000	14.133619	1.930342	2.558776	0.000000	0.000000	0.000000	1.406825	0.018048	0.089409	0.000000	0.000000	0.000000	0.007264	0.092974	0.007264	0.092974	0.007264	0.455802	0.007264	1.413362	11.437027	
2.000000	3.000000	0.000000	0.000000	0.000000	1.414214	0.000000	0.000000	0.000000	0.000000	0.000000	14.142143	1.932116	2.567538	0.000000	0.000000	0.000000	1.407564	0.017740	0.087615	0.000000	0.000000	0.000000	0.007389	0.091183	0.007389	0.091183	0.007389	0.446689	0.007389	1.414214	11.536837	
2.000000	3.000000	0.000000	0.000000	0.000000	1.415096	0.000000	0.000000	0.000000	0.000000	0.000000	14.150960	1.933861	2.576123	0.000000	0.000000	0.000000	1.408317	0.017446	0.085855	0.000000	0.000000	0.000000	0.007532	0.089432	0.007532	0.089432	0.007532	0.437758	0.007532	1.415096	11.636790	
2.000000	3.000000	0.000000	0.000000	0.000000	1.416010	0.000000	0.000000	0.000000	0.000000	0.000000	14.160099	1.935577	2.584536	0.000000	0.000000	0.000000	1.409086	0.017167	0.084130	0.000000	0.000000	0.000000	0.007693	0.087722	0.007693	0.087722	0.007693	0.429006	0.007693	1.416010	11.736850	
2.000000	3.000000	0.000000	0.000000	0.000000	1.416959	0.000000	0.000000	0.000000	0.000000	0.000000	14.169592	1.937267	2.592780	0.000000	0.000000	0.000000	1.409874	0.016903	0.082437	0.000000	0.000000	0.000000	0.007873	0.086051	0.007873	0.086051	0.007873	0.420429	0.007873	1.416959	11.840552	
2.000000	3.000000	0.000000	0.000000	0.000000	1.417947	0.000000	0.000000	0.000000	0.000000	0.000000	14.179473	1.938933	2.600857	0.000000	0.000000	0.000000	1.410681	0.016654	0.080777	0.000000	0.000000	0.000000	0.008074	0.084421	0.008074	0.084421	0.008074	0.412024	0.008074	1.417947	11.940517	
2.000000	3.000000	0.000000	0.000000	0.000000	1.418978	0.000000	0.000000	0.000000	0.000000	0.000000	14.189778	1.940575	2.608772	0.000000	0.000000	0.000000	1.411511	0.016422	0.079149	0.000000	0.000000	0.000000	0.008297	0.082829	0.008297	0.082829	0.008297	0.403787	0.008297	1.418978	12.040611	
2.000000	3.000000	0.000000	0.000000	0.000000	1.420055	0.000000	0.000000	0.000000	0.000000	0.000000	14.200550	1.942196	2.616528	0.000000	0.000000	0.000000	1.412365	0.016206	0.077551	0.000000	0.000000	0.000000	0.008544	0.081276	0.008544	0.081276	0.008544	0.395715	0.008544	1.420055	12.141057	
2.000000	3.000000	0.000000	0.000000	0.000000	1.421183	0.000000	0.000000	0.000000	0.000000	0.000000	14.211834	1.943796	2.624126	0.000000	0.000000	0.000000	1.413247	0.016007	0.075984	0.000000	0.000000	0.000000	0.008818	0.079763	0.008818	0.079763	0.008818	0.387805	0.008818	1.421183	12.241132	
2.000000	3.000000	0.000000	0.000000	0.000000	1.422368	0.000000	0.000000	0.000000	0.000000	0.000000	14.223680	1.945379	2.631571	0.000000	0.000000	0.000000	1.414159	0.015826	0.074446	0.000000	0.000000	0.000000	0.009121	0.078288	0.009121	0.078288	0.009121	0.380053	0.009121	1.422368	12.341305	
2.000000	3.000000	0.000000	0.000000	0.000000	1.423614	0.000000	0.000000	0.000000	0.000000	0.000000	14.236145	1.946945	2.638864	0.000000	0.000000	0.000000	1.415105	0.015664	0.072937	0.000000	0.000000	0.000000	0.009455	0.076852	0.009455	0.076852	0.009455	0.372456	0.009455	1.423614	12.441187	
2.000000	3.000000	0.000000	0.000000	0.000000	1.424929	0.000000	0.000000	0.000000	0.000000	0.000000	14.249291	1.948498	2.646010	0.000000	0.000000	0.000000	1.416087	0.015522	0.071456	0.000000	0.000000	0.000000	0.009825	0.075455	0.009825	0.075455	0.009825	0.365012	0.009825	1.424929	12.541160	
2.000000	3.000000	0.000000	0.000000	0.000000	1.426319	0.000000	0.000000	0.000000	0.000000	0.000000	14.263188	1.950038	2.653010	0.000000	0.000000	0.000000	1.417110	0.015401	0.070003	0.000000	0.000000	0.000000	0.010232	0.074098	0.010232	0.074098	0.010232	0.357717	0.010232	1.426319	12.641310	
2.000000	3.000000	0.000000	0.000000	0.000000	1.427791	0.000000	0.000000	0.000000	0.000000	0.000000	14.277913	1.951568	2.659868	0.000000	0.000000	0.000000	1.418178	0.015303	0.068575	0.000000	0.000000	0.000000	0.010681	0.072780	0.010681	0.072780	0.010681	0.350568	0.010681	1.427791	12.741305	
2.000000	3.000000	0.000000	0.000000	0.000000	1.429355	0.000000	0.000000	0.000000	0.000000	0.000000	14.293554	1.953091	2.666585	0.000000	0.000000	0.000000	1.419296	0.015229	0.067174	0.000000	0.000000	0.000000	0.011177	0.071503	0.011177	0.071503	0.011177	0.343563	0.011177	1.429355	12.841200	
2.000000	3.000000	0.000000	0.000000	0.000000	1.431021	0.000000	0.000000	0.000000	0.000000	0.000000	14.310208	1.954609	2.673165	0.000000	0.000000	0.000000	1.420468	0.015181	0.065798	0.000000	0.000000	0.000000	0.011725	0.070266	0.011725	0.070266	0.011725	0.336699	0.011725	1.431021	12.943168	
2.000000	3.000000	0.000000	0.000000	0.000000	1.432799	0.000000	0.000000	0.000000	0.000000	0.000000	14.327986	1.956125	2.679609	0.000000	0.000000	0.000000	1.421701	0.015162	0.064446	0.000000	0.000000	0.000000	0.012330	0.069072	0.012330	0.069072	0.012330	0.329972	0.012330	1.432799	13.043782	
2.000000	3.000000	0.000000	0.000000	0.000000	1.434701	0.000000	0.000000	0.000000	0.000000	0.000000	14.347011	1.957642	2.685921	0.000000	0.000000	0.000000	1.423001	0.015173	0.063117	0.000000	0.000000	0.000000	0.013000	0.067921	0.013000	0.067921	0.013000	0.323381	0.013000	1.434701	13.143873	
2.000000	3.000000	0.000000	0.000000	0.000000	1.436742	0.000000	0.000000	0.000000	0.000000	0.000000	14.367423	1.959164	2.692102	0.000000	0.000000	0.000000	1.424376	0.015218	0.061811	0.000000	0.000000	0.000000	0.013741	0.066814	0.013741	0.066814	0.013741	0.316922	0.013741	1.436742	13.243802	
2.000000	3.000000	0.000000	0.000000	0.000000	1.438938	0.000000	0.000000	0.000000	0.000000	0.000000	14.389382	1.960694	2.698155	0.000000	0.000000	0.000000	1.425832	0.015300	0.060528	0.000000	0.000000	0.000000	0.014563	0.065753	0.014563	0.065753	0.014563	0.310594	0.014563	1.438938	13.344218	
2.000000	3.000000	0.000000	0.000000	0.000000	1.441307	0.000000	0.000000	0.000000	0.000000	0.000000	14.413068	1.962237	2.704082	0.000000	0.000000	0.000000	1.427379	0.015424	0.059265	0.000000	0.000000	0.000000	0.015475	0.064740	0.015475	0.064740	0.015475	0.304393	0.015475	1.441307	13.443844	
2.000000	3.000000	0.000000	0.000000	0.000000	1.443868	0.000000	0.000000	0.000000	0.000000	0.000000	14.438685	1.963796	2.709884	0.000000	0.000000	0.000000	1.429028	0.015593	0.058023	0.000000	0.000000	0.000000	0.016489	0.063778	0.016489	0.063778	0.016489	0.298318	0.016489	1.443868	13.543808	
2.000000	3.000000	0.000000	0.000000	0.000000	1.446647	0.000000	0.000000	0.000000	0.000000	0.000000	14.466467	1.965377	2.715564	0.000000	0.000000	0.000000	1.430790	0.015813	0.056800	0.000000	0.000000	0.000000	0.017618	0.062869	0.017618	0.062869	0.017618	0.292366	0.017618	1.446647	13.643855	
2.000000	3.000000	0.000000	0.000000	0.000000	1.449668	0.000000	0.000000	0.000000	0.000000	0.000000	14.496683	1.966986	2.721123	0.000000	0.000000	0.000000	1.432678	0.016090	0.055596	0.000000	0.000000	0.000000	0.018878	0.062016	0.018878	0.062016	0.018878	0.286536	0.018878	1.449668	13.743887	
2.000000	3.000000	0.000000	0.000000	0.000000	1.452964	0.000000	0.000000	0.000000	0.000000	0.000000	14.529638	1.968629	2.726564	0.000000	0.000000	0.000000	1.434706	0.016432	0.054409	0.000000	0.000000	0.000000	0.020286	0.061225	0.020286	0.061225	0.020286	0.280824	0.020286	1.452964	13.843817	
2.000000	3.000000	0.000000	0.000000	0.000000	1.456569	0.000000	0.000000	0.000000	0.000000	0.000000	14.565686	1.970314	2.731888	0.000000	0.000000	0.000000	1.436893	0.016845	0.053240	0.000000	0.000000	0.000000	0.021862	0.060498	0.021862	0.060498	0.021862	0.275229	0.021862	1.456569	13.944557	
2.000000	3.000000	0.000000	0.000000	0.000000	1.460523	0.000000	0.000000	0.000000	0.000000	0.000000	14.605231	1.972048	2.737097	0.000000	0.000000	0.000000	1.439256	0.017341	0.052086	0.000000	0.000000	0.000000	0.023630	0.059843	0.023630	0.059843	0.023630	0.269750	0.023630	1.460523	14.044884	
2.000000	3.000000	0.000000	0.000000	0.000000	1.464874	0.000000	0.000000	0.000000	0.000000	0.000000	14.648742	1.973841	2.742192	0.000000	0.000000	0.000000	1.441818	0.017930	0.050948	0.000000	0.000000	0.000000	0.025619	0.059264	0.025619	0.059264	0.025619	0.264385	0.025619	1.464874	14.145040	
2.000000	3.000000	0.000000	0.000000	0.000000	1.469676	0.000000	0.000000	0.000000	0.000000	0.000000	14.696763	1.975704	2.747174	0.000000	0.000000	0.000000	1.444603	0.018626	0.049824	0.000000	0.000000	0.000000	0.027859	0.058771	0.027859	0.058771	0.027859	0.259132	0.027859	1.469676	14.244874	
2.000000	3.000000	0.000000	0.000000	0.000000	1.474992	0.000000	0.000000	0.000000	0.000000	0.000000	14.749921	1.977648	2.752046	0.000000	0.000000	0.000000	1.447642	0.019444	0.048715	0.000000	0.000000	0.000000	0.030389	0.058372	0.030389	0.058372	0.030389	0.253991	0.030389	1.474992	14.344912	
2.000000	3.000000	0.000000	0.000000	0.000000	1.480895	0.000000	0.000000	0.000000	0.000000	0.000000	14.808948	1.979689	2.756807	0.000000	0.000000	0.000000	1.450968	0.020403	0.047619	0.000000	0.000000	0.000000	0.033252	0.058078	0.033252	0.058078	0.033252	0.248960	0.033252	1.480895	14.444599	
2.000000	3.000000	0.000000	0.000000	0.000000	1.487470	0.000000	0.000000	0.000000	0.000000	0.000000	14.874697	1.981841	2.761461	0.000000	0.000000	0.000000	1.454618	0.021523	0.046536	0.000000	0.000000	0.000000	0.036502	0.057901	0.036502	0.057901	0.036502	0.244039	0.036502	1.487470	14.544789	
2.000000	3.000000	0.000000	0.000000	0.000000	1.494816	0.000000	0.000000	0.000000	0.000000	0.000000	14.948164	1.984124	2.766008	0.000000	0.000000	0.000000	1.458638	0.022831	0.045467	0.000000	0.000000	0.000000	0.040199	0.057857	0.040199	0.057857	0.040199	0.239229	0.040199	1.494816	14.644694	
2.000000	3.000000	0.000000	0.000000	0.000000	1.503052	0.000000	0.000000	0.000000	0.000000	0.000000	15.030516	1.986560	2.770449	0.000000	0.000000	0.000000	1.463079	0.024356	0.044413	0.000000	0.000000	0.000000	0.044414	0.057963	0.044414	0.057963	0.044414	0.234530	0.044414	1.503052	14.744862	
2.000000	3.000000	0.000000	0.000000	0.000000	1.512312	0.000000	0.000000	0.000000	0.000000	0.000000	15.123120	1.989173	2.774786	0.000000	0.000000	0.000000	1.468002	0.026133	0.043375	0.000000	0.000000	0.000000	0.049233	0.058241	0.049233	0.058241	0.049233	0.229944	0.049233	1.512312	14.845030	
2.000000	3.000000	0.000000	0.000000	0.000000	1.522758	0.000000	0.000000	0.000000	0.000000	0.000000	15.227583	1.991993	2.779022	0.000000	0.000000	0.000000	1.473478	0.028205	0.042356	0.000000	0.000000	0.000000	0.054756	0.058716	0.054756	0.058716	0.054756	0.225474	0.054756	1.522758	14.944750	
2.000000	3.000000	0.000000	0.000000	0.000000	1.534579	0.000000	0.000000	0.000000	0.000000	0.000000	15.345795	1.995056	2.783158	0.000000	0.000000	0.000000	1.479588	0.030622	0.041362	0.000000	0.000000	0.000000	0.061102	0.059417	0.061102	0.059417	0.061102	0.221123	0.061102	1.534579	15.048785	
2.000000	3.000000	0.000000	0.000000	0.000000	1.547998	0.000000	0.000000	0.000000	0.000000	0.000000	15.479981	1.998400	2.787198	0.000000	0.000000	0.000000	1.486429	0.033441	0.040400	0.000000	0.000000	0.000000	0.068410	0.060381	0.068410	0.060381	0.068410	0.216898	0.068410	1.547998	15.149197	
2.000000	3.000000	0.000000	0.000000	0.000000	1.563276	0.000000	0.000000	0.000000	0.000000	0.000000	15.632761	2.002073	2.791146	0.000000	0.000000	0.000000	1.494114	0.036733	0.039481	0.000000	0.000000	0.000000	0.076847	0.061648	0.076847	0.061648	0.076847	0.212808	0.076847	1.563276	15.249216	
2.000000	3.000000	0.000000	0.000000	0.000000	1.580722	0.000000	0.000000	0.000000	0.000000	0.000000	15.807215	2.006131	2.795009	0.000000	0.000000	0.000000	1.502775	0.040580	0.038621	0.000000	0.000000	0.000000	0.086608	0.063268	0.086608	0.063268	0.086608	0.208864	0.086608	1.580722	15.349121	
2.000000	3.000000	0.000000	0.000000	0.000000	1.600696	0.000000	0.000000	0.000000	0.000000	0.000000	16.006959	2.010639	2.798793	0.000000	0.000000	0.000000	1.512567	0.045078	0.037844	0.000000	0.000000	0.000000	0.097921	0.065300	0.097921	0.065300	0.097921	0.205083	0.097921	1.600696	15.449185	
2.000000	3.000000	0.000000	0.000000	0.000000	1.623622	0.000000	0.000000	0.000000	0.000000	0.000000	16.236218	2.015673	2.802511	0.000000	0.000000	0.000000	1.523672	0.050338	0.037183	0.000000	0.000000	0.000000	0.111055	0.067813	0.111055	0.067813	0.111055	0.201488	0.111055	1.623622	15.548980	
2.000000	3.000000	0.000000	0.000000	0.000000	1.649989	0.000000	0.000000	0.000000	0.000000	0.000000	16.499894	2.021321	2.806180	0.000000	0.000000	0.000000	1.536304	0.056488	0.036686	0.000000	0.000000	0.000000	0.126317	0.070886	0.126317	0.070886	0.126317	0.198110	0.126317	1.649989	15.649083	
2.000000	3.000000	0.000000	0.000000	0.000000	1.680361	0.000000	0.000000	0.000000	0.000000	0.000000	16.803613	2.027689	2.809822	0.000000	0.000000	0.000000	1.550710	0.063673	0.036420	0.000000	0.000000	0.000000	0.144057	0.074608	0.144057	0.074608	0.144057	0.194989	0.144057	1.680361	15.749182	
2.000000	3.000000	0.000000	0.000000	0.000000	1.715373	0.000000	0.000000	0.000000	0.000000	0.000000	17.153731	2.034893	2.813470	0.000000	0.000000	0.000000	1.567176	0.072049	0.036477	0.000000	0.000000	0.000000	0.164663	0.079083	0.164663	0.079083	0.164663	0.192183	0.164663	1.715373	15.848916	
2.000000	3.000000	0.000000	0.000000	0.000000	1.755724	0.000000	0.000000	0.000000	0.000000	0.000000	17.557244	2.043071	2.817168	0.000000	0.000000	0.000000	1.586031	0.081778	0.036985	0.000000	0.000000	0.000000	0.188548	0.084418	0.188548	0.084418	0.188548	0.189766	0.188548	1.755724	15.948886	
2.000000	3.000000	0.000000	0.000000	0.000000	1.802156	0.000000	0.000000	0.000000	0.000000	0.000000	18.021561	2.052373	2.820979	0.000000	0.000000	0.000000	1.607643	0.093015	0.038115	0.000000	0.000000	0.000000	0.216125	0.090725	0.216125	0.090725	0.216125	0.187837	0.216125	1.802156	16.049136	
2.000000	3.000000	0.000000	0.000000	0.000000	1.855406	0.000000	0.000000	0.000000	0.000000	0.000000	18.554058	2.062961	2.824989	0.000000	0.000000	0.000000	1.632420	0.105879	0.040093	0.000000	0.000000	0.000000	0.247762	0.098106	0.247762	0.098106	0.247762	0.186524	0.247762	1.855406	16.151016	
2.000000	3.000000	0.000000	0.000000	0.000000	1.916133	0.000000	0.000000	0.000000	0.000000	0.000000	19.161325	2.075003	2.829310	0.000000	0.000000	0.000000	1.660791	0.120419	0.043209	0.000000	0.000000	0.000000	0.283713	0.106640	0.283713	0.106640	0.283713	0.185992	0.283713	1.916133	16.253438	
2.000000	3.000000	0.000000	0.000000	0.000000	1.984807	0.000000	0.000000	0.000000	0.000000	0.000000	19.848065	2.088658	2.834091	0.000000	0.000000	0.000000	1.693192	0.136558	0.047814	0.000000	0.000000	0.000000	0.324016	0.116352	0.324016	0.116352	0.324016	0.186442	0.324016	1.984807	16.355573	
2.000000	3.000000	0.000000	0.000000	0.000000	2.061568	0.000000	0.000000	0.000000	0.000000	0.000000	20.615683	2.104062	2.839522	0.000000	0.000000	0.000000	1.730030	0.154033	0.054311	0.000000	0.000000	0.000000	0.368376	0.127192	0.368376	0.127192	0.368376	0.188112	0.368376	2.061568	16.455630	
2.000000	3.000000	0.000000	0.000000	0.000000	2.146081	0.000000	0.000000	0.000000	0.000000	0.000000	21.460806	2.121294	2.845834	0.000000	0.000000	0.000000	1.771635	0.172328	0.063113	0.000000	0.000000	0.000000	0.416051	0.139002	0.416051	0.139002	0.416051	0.191264	0.416051	2.146081	16.555564	
2.000000	3.000000	0.000000	0.000000	0.000000	2.237422	0.000000	0.000000	0.000000	0.000000	0.000000	22.374216	2.140359	2.853292	0.000000	0.000000	0.000000	1.818214	0.190645	0.074584	0.000000	0.000000	0.000000	0.465786	0.151500	0.465786	0.151500	0.465786	0.196162	0.465786	2.237422	16.655567	
2.000000	3.000000	0.000000	0.000000	0.000000	2.334081	0.000000	0.000000	0.000000	0.000000	0.000000	23.340808	2.161151	2.862187	0.000000	0.000000	0.000000	1.869800	0.207924	0.088952	0.000000	0.000000	0.000000	0.515867	0.164290	0.515867	0.164290	0.515867	0.203037	0.515867	2.334081	16.766447	
2.000000	3.000000	0.000000	0.000000	0.000000	2.434101	0.000000	0.000000	0.000000	0.000000	0.000000	24.341011	2.183447	2.872809	0.000000	0.000000	0.000000	1.926231	0.222952	0.106221	0.000000	0.000000	0.000000	0.564301	0.176909	0.564301	0.176909	0.564301	0.212043	0.564301	2.434101	16.866211	
2.000000	3.000000	0.000000	0.000000	0.000000	2.535351	0.000000	0.000000	0.000000	0.000000	0.000000	25.353510	2.206899	2.885421	0.000000	0.000000	0.000000	1.987143	0.234529	0.126114	0.000000	0.000000	0.000000	0.609121	0.188896	0.609121	0.188896	0.609121	0.223227	0.609121	2.535351	16.968747	
2.000000	3.000000	0.000000	0.000000	0.000000	2.635843	0.000000	0.000000	0.000000	0.000000	0.000000	26.358426	2.231065	2.900228	0.000000	0.000000	0.000000	2.052013	0.241655	0.148073	0.000000	0.000000	0.000000	0.648700	0.199868	0.648700	0.199868	0.648700	0.236507	0.648700	2.635843	17.072255	
2.000000	3.000000	0.000000	0.000000	0.000000	2.733983	0.000000	0.000000	0.000000	0.000000	0.000000	27.339833	2.255433	2.917360	0.000000	0.000000	0.000000	2.120210	0.243678	0.171323	0.000000	0.000000	0.000000	0.681971	0.209571	0.681971	0.209571	0.681971	0.251685	0.681971	2.733983	17.172234	
2.000000	3.000000	0.000000	0.000000	0.000000	2.828693	0.000000	0.000000	0.000000	0.000000	0.000000	28.286926	2.279467	2.936857	0.000000	0.000000	0.000000	2.191058	0.240343	0.194969	0.000000	0.000000	0.000000	0.708483	0.217893	0.708483	0.217893	0.708483	0.268468	0.708483	2.828693	17.272208	
2.000000	3.000000	0.000000	0.000000	0.000000	2.919384	0.000000	0.000000	0.000000	0.000000	0.000000	29.193839	2.302644	2.958668	0.000000	0.000000	0.000000	2.263891	0.231772	0.218109	0.000000	0.000000	0.000000	0.728326	0.224846	0.728326	0.224846	0.728326	0.286511	0.728326	2.919384	17.375831	
2.000000	3.000000	0.000000	0.000000	0.000000	3.005863	0.000000	0.000000	0.000000	0.000000	0.000000	30.058633	2.324482	2.982660	0.000000	0.000000	0.000000	2.338088	0.218383	0.239917	0.000000	0.000000	0.000000	0.741973	0.230525	0.741973	0.230525	0.741973	0.305453	0.741973	3.005863	17.476803	
2.000000	3.000000	0.000000	0.000000	0.000000	3.088204	0.000000	0.000000	0.000000	0.000000	0.000000	30.882041	2.344561	3.008630	0.000000	0.000000	0.000000	2.413099	0.200790	0.259703	0.000000	0.000000	0.000000	0.750116	0.235076	0.750116	0.235076	0.750116	0.324945	0.750116	3.088204	17.576766	
2.000000	3.000000	0.000000	0.000000	0.000000	-3.116551	0.000000	0.000000	0.000000	0.000000	0.000000	-31.165511	2.362533	3.036324	0.000000	0.000000	0.000000	2.488453	0.179715	0.276939	0.000000	0.000000	0.000000	0.753535	0.238655	0.753535	0.238655	0.753535	0.344669	-5.529651	-3.116551	17.685719	
2.000000	3.000000	0.000000	0.000000	0.000000	-3.041731	0.000000	0.000000	0.000000	0.000000	0.000000	-30.417307	2.378124	3.065450	0.000000	0.000000	0.000000	2.563753	0.155915	0.291259	0.000000	0.000000	0.000000	0.753002	0.241419	0.753002	0.241419	0.753002	0.364348	-5.530184	-3.041731	17.793197	
2.000000	3.000000	0.000000	0.000000	0.000000	-2.970200	0.000000	0.000000	0.000000	0.000000	0.000000	-29.701997	2.391138	3.095695	0.000000	0.000000	0.000000	2.638676	0.130134	0.302450	0.000000	0.000000	0.000000	0.749232	0.243505	0.749232	0.243505	0.749232	0.383747	-5.533953	-2.970200	17.894168	
2.000000	3.000000	0.000000	0.000000	0.000000	-2.901648	0.000000	0.000000	0.000000	0.000000	0.000000	-29.016480	2.401444	3.126738	0.000000	0.000000	0.000000	2.712962	0.103066	0.310429	0.000000	0.000000	0.000000	0.742861	0.245032	0.742861	0.245032	0.742861	0.402674	-5.540324	-2.901648	18.002797	
2.000000	3.000000	0.000000	0.000000	0.000000	-2.835791	0.000000	0.000000	0.000000	0.000000	0.000000	-28.357908	2.408978	3.158260	0.000000	0.000000	0.000000	2.786406	0.075339	0.315222	0.000000	0.000000	0.000000	0.734432	0.246099	0.734432	0.246099	0.734432	0.420975	-5.548753	-2.835791	18.103330	
2.000000	3.000000	0.000000	0.000000	0.000000	-2.772374	0.000000	0.000000	0.000000	0.000000	0.000000	-27.723740	2.413729	3.189954	0.000000	0.000000	0.000000	2.858846	0.047503	0.316940	0.000000	0.000000	0.000000	0.724406	0.246784	0.724406	0.246784	0.724406	0.438531	-5.558780	-2.772374	18.208120	
2.000000	3.000000	0.000000	0.000000	0.000000	-2.711175	0.000000	0.000000	0.000000	0.000000	0.000000	-27.111746	2.415732	3.221530	0.000000	0.000000	0.000000	2.930163	0.020029	0.315759	0.000000	0.000000	0.000000	0.713165	0.247152	0.713165	0.247152	0.713165	0.455252	-5.570021	-2.711175	18.309812	
2.000000	3.000000	0.000000	0.000000	0.000000	-2.651998	0.000000	0.000000	0.000000	0.000000	0.000000	-26.519978	2.415063	3.252720	0.000000	0.000000	0.000000	3.000265	-0.006691	0.311902	0.000000	0.000000	0.000000	0.701025	0.247253	0.701025	0.247253	0.701025	0.471071	-5.582160	-2.651998	18.411056	
2.000000	3.000000	0.000000	0.000000	0.000000	-2.594675	0.000000	0.000000	0.000000	0.000000	0.000000	-25.946747	2.411829	3.283282	0.000000	0.000000	0.000000	3.069090	-0.032339	0.305621	0.000000	0.000000	0.000000	0.688245	0.247127	0.688245	0.247127	0.688245	0.485947	-5.594940	-2.594675	18.512397	
2.000000	3.000000	0.000000	0.000000	0.000000	-2.539058	0.000000	0.000000	0.000000	0.000000	0.000000	-25.390578	2.406162	3.313001	0.000000	0.000000	0.000000	3.136593	-0.056666	0.297186	0.000000	0.000000	0.000000	0.675038	0.246805	0.675038	0.246805	0.675038	0.499852	-5.608148	-2.539058	18.612638	
2.000000	3.000000	0.000000	0.000000	0.000000	-2.485018	0.000000	0.000000	0.000000	0.000000	0.000000	-24.850182	2.398214	3.341688	0.000000	0.000000	0.000000	-3.080434	-0.079485	0.286871	0.000000	0.000000	0.000000	0.661574	0.246312	0.661574	0.246312	0.661574	0.512774	-5.621612	-2.485018	18.719516	
2.000000	3.000000	0.000000	0.000000	0.000000	-2.432442	0.000000	0.000000	0.000000	0.000000	0.000000	-24.324425	2.388147	3.369183	0.000000	0.000000	0.000000	-3.015635	-0.100664	0.274950	0.000000	0.000000	0.000000	0.647992	0.245669	0.647992	0.245669	0.647992	0.524714	0.647992	-2.432442	18.823549	
2.000000	3.000000	0.000000	0.000000	0.000000	-2.381230	0.000000	0.000000	0.000000	0.000000	0.000000	-23.812301	2.376136	3.395352	0.000000	0.000000	0.000000	-2.952195	-0.120116	0.261689	0.000000	0.000000	0.000000	0.634405	0.244891	0.634405	0.244891	0.634405	0.535681	0.634405	-2.381230	18.926499	
2.000000	3.000000	0.000000	0.000000	0.000000	-2.331291	0.000000	0.000000	0.000000	0.000000	0.000000	-23.312914	2.362356	3.420086	0.000000	0.000000	0.000000	-2.890104	-0.137798	0.247339	0.000000	0.000000	0.000000	0.620903	0.243994	0.620903	0.243994	0.620903	0.545693	0.620903	-2.331291	19.040962	
2.000000	3.000000	0.000000	0.000000	0.000000	-2.282546	0.000000	0.000000	0.000000	0.000000	0.000000	-22.825459	2.346986	3.443299	0.000000	0.000000	0.000000	-2.829349	-0.153700	0.232135	0.000000	0.000000	0.000000	0.607558	0.242988	0.607558	0.242988	0.607558	0.554774	0.607558	-2.282546	19.146549	
2.000000	3.000000	0.000000	0.000000	0.000000	-2.234921	0.000000	0.000000	0.000000	0.000000	0.000000	-22.349206	2.330202	3.464929	0.000000	0.000000	0.000000	-2.769906	-0.167838	0.216295	0.000000	0.000000	0.000000	0.594428	0.241884	0.594428	0.241884	0.594428	0.562951	0.594428	-2.234921	19.253351	
2.000000	3.000000	0.000000	0.000000	0.000000	-2.188349	0.000000	0.000000	0.000000	0.000000	0.000000	-21.883489	2.312177	3.484930	0.000000	0.000000	0.000000	-2.711750	-0.180253	0.200014	0.000000	0.000000	0.000000	0.581557	0.240691	0.581557	0.240691	0.581557	0.570256	0.581557	-2.188349	19.355375	
2.000000	3.000000	0.000000	0.000000	0.000000	-2.142770	0.000000	0.000000	0.000000	0.000000	0.000000	-21.427696	2.293076	3.503277	0.000000	0.000000	0.000000	-2.654852	-0.191004	0.183469	0.000000	0.000000	0.000000	0.568981	0.239418	0.568981	0.239418	0.568981	0.576725	0.568981	-2.142770	19.464423	
2.000000	3.000000	0.000000	0.000000	0.000000	-2.098126	0.000000	0.000000	0.000000	0.000000	0.000000	-20.981262	2.273060	3.519959	0.000000	0.000000	0.000000	-2.599179	-0.200164	0.166817	0.000000	0.000000	0.000000	0.556726	0.238071	0.556726	0.238071	0.556726	0.582393	0.556726	-2.098126	19.567050	
2.000000	3.000000	0.000000	0.000000	0.000000	-2.054366	0.000000	0.000000	0.000000	0.000000	0.000000	-20.543662	2.252278	3.534978	0.000000	0.000000	0.000000	-2.544698	-0.207814	0.150195	0.000000	0.000000	0.000000	0.544813	0.236658	0.544813	0.236658	0.544813	0.587298	0.544813	-2.054366	19.669843	
2.000000	3.000000	0.000000	0.000000	0.000000	-2.011441	0.000000	0.000000	0.000000	0.000000	0.000000	-20.114405	2.230874	3.548350	0.000000	0.000000	0.000000	-2.491372	-0.214044	0.133721	0.000000	0.000000	0.000000	0.533258	0.235185	0.533258	0.235185	0.533258	0.591478	0.533258	-2.011441	19.770294	
2.000000	3.000000	0.000000	0.000000	0.000000	-1.969303	0.000000	0.000000	0.000000	0.000000	0.000000	-19.693030	2.208979	3.560100	0.000000	0.000000	0.000000	-2.439165	-0.218946	0.117496	0.000000	0.000000	0.000000	0.522069	0.233660	0.522069	0.233660	0.522069	0.594971	0.522069	-1.969303	19.873582	
2.000000	3.000000	0.000000	0.000000	0.000000	-1.927910	0.000000	0.000000	0.000000	0.000000	0.000000	-19.279100	2.186718	3.570260	0.000000	0.000000	0.000000	-2.388040	-0.222618	0.101605	0.000000	0.000000	0.000000	0.511255	0.232089	0.511255	0.232089	0.511255	0.597816	0.511255	-1.927910	19.979861	
2.000000	3.000000	0.000000	0.000000	0.000000	-1.887220	0.000000	0.000000	0.000000	0.000000	0.000000	-18.872203	2.164202	3.578872	0.000000	0.000000	0.000000	-2.337958	-0.225154	0.086118	0.000000	0.000000	0.000000	0.500820	0.230476	0.500820	0.230476	0.500820	0.600050	0.500820	-1.887220	20.089999	
2.000000	3.000000	0.000000	0.000000	0.000000	-1.847195	0.000000	0.000000	0.000000	0.000000	0.000000	-18.471947	2.141537	3.585981	0.000000	0.000000	0.000000	-2.288882	-0.226650	0.071092	0.000000	0.000000	0.000000	0.490763	0.228829	0.490763	0.228829	0.490763	0.601710	0.490763	-1.847195	20.196716	
2.000000	3.000000	0.000000	0.000000	0.000000	-1.807796	0.000000	0.000000	0.000000	0.000000	0.000000	-18.077957	2.118817	3.591639	0.000000	0.000000	0.000000	-2.240773	-0.227198	0.056572	0.000000	0.000000	0.000000	0.481086	0.227153	0.481086	0.227153	0.481086	0.602833	0.481086	-1.807796	20.302989	
2.000000	3.000000	0.000000	0.000000	0.000000	-1.768988	0.000000	0.000000	0.000000	0.000000	0.000000	-17.689876	2.096129	3.595898	0.000000	0.000000	0.000000	-2.193594	-0.226887	0.042590	0.000000	0.000000	0.000000	0.471785	0.225452	0.471785	0.225452	0.471785	0.603452	0.471785	-1.768988	20.409329	
2.000000	3.000000	0.000000	0.000000	0.000000	-1.730736	0.000000	0.000000	0.000000	0.000000	0.000000	-17.307359	2.073549	3.598815	0.000000	0.000000	0.000000	-2.147309	-0.225802	0.029172	0.000000	0.000000	0.000000	0.462859	0.223733	0.462859	0.223733	0.462859	0.603601	0.462859	-1.730736	20.516631	
2.000000	3.000000	0.000000	0.000000	0.000000	-1.693008	0.000000	0.000000	0.000000	0.000000	0.000000	-16.930077	2.051146	3.600448	0.000000	0.000000	0.000000	-2.101879	-0.224024	0.016332	0.000000	0.000000	0.000000	0.454301	0.221999	0.454301	0.221999	0.454301	0.603315	0.454301	-1.693008	20.623578	
2.000000	3.000000	0.000000	0.000000	0.000000	-1.655771	0.000000	0.000000	0.000000	0.000000	0.000000	-16.557710	2.028983	3.600856	0.000000	0.000000	0.000000	-2.057268	-0.221631	0.004082	0.000000	0.000000	0.000000	0.446107	0.220256	0.446107	0.220256	0.446107	0.602622	0.446107	-1.655771	20.726328	
2.000000	3.000000	0.000000	0.000000	0.000000	-1.618995	0.000000	0.000000	0.000000	0.000000	0.000000	-16.189952	2.007114	3.600098	0.000000	0.000000	0.000000	-2.013441	-0.218692	-0.007579	0.000000	0.000000	0.000000	0.438273	0.218508	0.438273	0.218508	0.438273	0.601555	0.438273	-1.618995	20.839474	
2.000000	3.000000	0.000000	0.000000	0.000000	-1.582650	0.000000	0.000000	0.000000	0.000000	0.000000	-15.826503	1.985586	3.598233	0.000000	0.000000	0.000000	-1.970361	-0.215274	-0.018651	0.000000	0.000000	0.000000	0.430790	0.216759	0.430790	0.216759	0.430790	0.600140	0.430790	-1.582650	20.948163	
2.000000	3.000000	0.000000	0.000000	0.000000	-1.546707	0.000000	0.000000	0.000000	0.000000	0.000000	-15.467075	1.964442	3.595319	0.000000	0.000000	0.000000	-1.927996	-0.211440	-0.029142	0.000000	0.000000	0.000000	0.423654	0.215014	0.423654	0.215014	0.423654	0.598407	0.423654	-1.546707	21.055762	
2.000000	3.000000	0.000000	0.000000	0.000000	-1.511139	0.000000	0.000000	0.000000	0.000000	0.000000	-15.111387	1.943718	3.591413	0.000000	0.000000	0.000000	-1.886310	-0.207245	-0.039064	0.000000	0.000000	0.000000	0.416857	0.213276	0.416857	0.213276	0.416857	0.596380	0.416857	-1.511139	21.164448	
2.000000	3.000000	0.000000	0.000000	0.000000	-1.475917	0.000000	0.000000	0.000000	0.000000	0.000000	-14.759167	1.923444	3.586570	0.000000	0.000000	0.000000	-1.845271	-0.202742	-0.048430	0.000000	0.000000	0.000000	0.410394	0.211549	0.410394	0.211549	0.410394	0.594085	0.410394	-1.475917	21.274819	
2.000000	3.000000	0.000000	0.000000	0.000000	-1.441015	0.000000	0.000000	0.000000	0.000000	0.000000	-14.410149	1.903646	3.580844	0.000000	0.000000	0.000000	-1.804845	-0.197977	-0.057256	0.000000	0.000000	0.000000	0.404256	0.209837	0.404256	0.209837	0.404256	0.591544	0.404256	-1.441015	21.380715	
2.000000	3.000000	0.000000	0.000000	0.000000	-1.406407	0.000000	0.000000	0.000000	0.000000	0.000000	-14.064073	1.884347	3.574288	0.000000	0.000000	0.000000	-1.765002	-0.192995	-0.065561	0.000000	0.000000	0.000000	0.398438	0.208142	0.398438	0.208142	0.398438	0.588782	0.398438	-1.406407	21.495198	
2.000000	3.000000	0.000000	0.000000	0.000000	-1.372069	0.000000	0.000000	0.000000	0.000000	0.000000	-13.720686	1.865563	3.566952	0.000000	0.000000	0.000000	-1.725708	-0.187834	-0.073364	0.000000	0.000000	0.000000	0.392933	0.206468	0.392933	0.206468	0.392933	0.585818	0.392933	-1.372069	21.607514	
2.000000	3.000000	0.000000	0.000000	0.000000	-1.337974	0.000000	0.000000	0.000000	0.000000	0.000000	-13.379741	1.847310	3.558883	0.000000	0.000000	0.000000	-1.686935	-0.182529	-0.080687	0.000000	0.000000	0.000000	0.387734	0.204817	0.387734	0.204817	0.387734	0.582673	0.387734	-1.337974	21.710782	
2.000000	3.000000	0.000000	0.000000	0.000000	-1.304099	0.000000	0.000000	0.000000	0.000000	0.000000	-13.040994	1.829599	3.550128	0.000000	0.000000	0.000000	-1.648651	-0.177111	-0.087552	0.000000	0.000000	0.000000	0.382835	0.203194	0.382835	0.203194	0.382835	0.579365	0.382835	-1.304099	21.819293	
2.000000	3.000000	0.000000	0.000000	0.000000	-1.270421	0.000000	0.000000	0.000000	0.000000	0.000000	-12.704207	1.812438	3.540730	0.000000	0.000000	0.000000	-1.610828	-0.171608	-0.093979	0.000000	0.000000	0.000000	0.378231	0.201599	0.378231	0.201599	0.378231	0.575914	0.378231	-1.270421	21.941899	
2.000000	3.000000	0.000000	0.000000	0.000000	-1.236915	0.000000	0.000000	0.000000	0.000000	0.000000	-12.369148	1.795834	3.530730	0.000000	0.000000	0.000000	-1.573437	-0.166044	-0.099993	0.000000	0.000000	0.000000	0.373913	0.200036	0.373913	0.200036	0.373913	0.572336	0.373913	-1.236915	22.054688	
2.000000	3.000000	0.000000	0.000000	0.000000	-1.203559	0.000000	0.000000	0.000000	0.000000	0.000000	-12.035585	1.779790	3.520169	0.000000	0.000000	0.000000	-1.536449	-0.160441	-0.105615	0.000000	0.000000	0.000000	0.369878	0.198507	0.369878	0.198507	0.369878	0.568646	0.369878	-1.203559	22.163955	
2.000000	3.000000	0.000000	0.000000	0.000000	-1.170330	0.000000	0.000000	0.000000	0.000000	0.000000	-11.703295	1.764308	3.509082	0.000000	0.000000	0.000000	-1.499837	-0.154819	-0.110867	0.000000	0.000000	0.000000	0.366120	0.197015	0.366120	0.197015	0.366120	0.564861	0.366120	-1.170330	22.273781	
2.000000	3.000000	0.000000	0.000000	0.000000	-1.137205	0.000000	0.000000	0.000000	0.000000	0.000000	-11.372055	1.749389	3.497505	0.000000	0.000000	0.000000	-1.463574	-0.149191	-0.115771	0.000000	0.000000	0.000000	0.362632	0.195560	0.362632	0.195560	0.362632	0.560995	0.362632	-1.137205	22.387637	
2.000000	3.000000	0.000000	0.000000	0.000000	-1.104165	0.000000	0.000000	0.000000	0.000000	0.000000	-11.041645	1.735031	3.485470	0.000000	0.000000	0.000000	-1.427633	-0.143574	-0.120350	0.000000	0.000000	0.000000	0.359409	0.194146	0.359409	0.194146	0.359409	0.557061	0.359409	-1.104165	22.497111	
2.000000	3.000000	0.000000	0.000000	0.000000	-1.071185	0.000000	0.000000	0.000000	0.000000	0.000000	-10.711851	1.721234	3.473008	0.000000	0.000000	0.000000	-1.391988	-0.137978	-0.124622	0.000000	0.000000	0.000000	0.356448	0.192774	0.356448	0.192774	0.356448	0.553073	0.356448	-1.071185	22.602966	
2.000000	3.000000	0.000000	0.000000	0.000000	-1.038246	0.000000	0.000000	0.000000	0.000000	0.000000	-10.382459	1.707992	3.460147	0.000000	0.000000	0.000000	-1.356614	-0.132412	-0.128610	0.000000	0.000000	0.000000	0.353742	0.191445	0.353742	0.191445	0.353742	0.549042	0.353742	-1.038246	22.714312	
2.000000	3.000000	0.000000	0.000000	0.000000	-1.005326	0.000000	0.000000	0.000000	0.000000	0.000000	-10.053261	1.695304	3.446914	0.000000	0.000000	0.000000	-1.321485	-0.126884	-0.132333	0.000000	0.000000	0.000000	0.351288	0.190162	0.351288	0.190162	0.351288	0.544980	0.351288	-1.005326	22.823883	
2.000000	3.000000	0.000000	0.000000	0.000000	-0.972405	0.000000	0.000000	0.000000	0.000000	0.000000	-9.724048	1.683164	3.433333	0.000000	0.000000	0.000000	-1.286577	-0.121401	-0.135808	0.000000	0.000000	0.000000	0.349080	0.188925	0.349080	0.188925	0.349080	0.540899	0.349080	-0.972405	22.941968	
2.000000	3.000000	0.000000	0.000000	0.000000	-0.939462	0.000000	0.000000	0.000000	0.000000	0.000000	-9.394617	1.671567	3.419427	0.000000	0.000000	0.000000	-1.251866	-0.115966	-0.139055	0.000000	0.000000	0.000000	0.347115	0.187737	0.347115	0.187737	0.347115	0.536808	0.347115	-0.939462	23.050245	
2.000000	3.000000	0.000000	0.000000	0.000000	-0.906477	0.000000	0.000000	0.000000	0.000000	0.000000	-9.064766	1.660509	3.405218	0.000000	0.000000	0.000000	-1.217327	-0.110582	-0.142090	0.000000	0.000000	0.000000	0.345389	0.186599	0.345389	0.186599	0.345389	0.532717	0.345389	-0.906477	23.160399	
2.000000	3.000000	0.000000	0.000000	0.000000	-0.873430	0.000000	0.000000	0.000000	0.000000	0.000000	-8.734295	1.649984	3.390725	0.000000	0.000000	0.000000	-1.182937	-0.105251	-0.144930	0.000000	0.000000	0.000000	0.343897	0.185511	0.343897	0.185511	0.343897	0.528636	0.343897	-0.873430	23.276413	
2.000000	3.000000	0.000000	0.000000	0.000000	-0.840301	0.000000	0.000000	0.000000	0.000000	0.000000	-8.403009	1.639987	3.375967	0.000000	0.000000	0.000000	-1.148673	-0.099972	-0.147589	0.000000	0.000000	0.000000	0.342636	0.184475	0.342636	0.184475	0.342636	0.524574	0.342636	-0.840301	23.392825	
2.000000	3.000000	0.000000	0.000000	0.000000	-0.807071	0.000000	0.000000	0.000000	0.000000	0.000000	-8.070713	1.630512	3.360958	0.000000	0.000000	0.000000	-1.114513	-0.094746	-0.150084	0.000000	0.000000	0.000000	0.341602	0.183493	0.341602	0.183493	0.341602	0.520538	0.341602	-0.807071	23.501815	
2.000000	3.000000	0.000000	0.000000	0.000000	-0.773722	0.000000	0.000000	0.000000	0.000000	0.000000	-7.737216	1.621555	3.345716	0.000000	0.000000	0.000000	-1.080434	-0.089569	-0.152426	0.000000	0.000000	0.000000	0.340792	0.182564	0.340792	0.182564	0.340792	0.516538	0.340792	-0.773722	23.611976	
2.000000	3.000000	0.000000	0.000000	0.000000	-0.740233	0.000000	0.000000	0.000000	0.000000	0.000000	-7.402331	1.613111	3.330253	0.000000	0.000000	0.000000	-1.046414	-0.084440	-0.154628	0.000000	0.000000	0.000000	0.340201	0.181691	0.340201	0.181691	0.340201	0.512581	0.340201	-0.740233	23.728018	
2.000000	3.000000	0.000000	0.000000	0.000000	-0.706587	0.000000	0.000000	0.000000	0.000000	0.000000	-7.065873	1.605176	3.314582	0.000000	0.000000	0.000000	-1.012431	-0.079354	-0.156703	0.000000	0.000000	0.000000	0.339827	0.180874	0.339827	0.180874	0.339827	0.508674	0.339827	-0.706587	23.844264	
2.000000	3.000000	0.000000	0.000000	0.000000	-0.672766	0.000000	0.000000	0.000000	0.000000	0.000000	-6.727661	1.597745	3.298716	0.000000	0.000000	0.000000	-0.978465	-0.074306	-0.158661	0.000000	0.000000	0.000000	0.339665	0.180113	0.339665	0.180113	0.339665	0.504825	0.339665	-0.672766	23.957778	
2.000000	3.000000	0.000000	0.000000	0.000000	-0.638752	0.000000	0.000000	0.000000	0.000000	0.000000	-6.387516	1.590816	3.282665	0.000000	0.000000	0.000000	-0.944493	-0.069292	-0.160511	0.000000	0.000000	0.000000	0.339713	0.179409	0.339713	0.179409	0.339713	0.501039	0.339713	-0.638752	24.073837	
2.000000	3.000000	0.000000	0.000000	0.000000	-0.604527	0.000000	0.000000	0.000000	0.000000	0.000000	-6.045266	1.584386	3.266439	0.000000	0.000000	0.000000	-0.910497	-0.064305	-0.162262	0.000000	0.000000	0.000000	0.339967	0.178764	0.339967	0.178764	0.339967	0.497324	0.339967	-0.604527	24.193409	
2.000000	3.000000	0.000000	0.000000	0.000000	-0.570074	0.000000	0.000000	0.000000	0.000000	0.000000	-5.700741	1.578452	3.250047	0.000000	0.000000	0.000000	-0.876454	-0.059338	-0.163921	0.000000	0.000000	0.000000	0.340423	0.178177	0.340423	0.178177	0.340423	0.493685	0.340423	-0.570074	24.307108	
2.000000	3.000000	0.000000	0.000000	0.000000	-0.535378	0.000000	0.000000	0.000000	0.000000	0.000000	-5.353776	1.573013	3.233497	0.000000	0.000000	0.000000	-0.842347	-0.054385	-0.165495	0.000000	0.000000	0.000000	0.341077	0.177648	0.341077	0.177648	0.341077	0.490129	0.341077	-0.535378	24.425785	
2.000000	3.000000	0.000000	0.000000	0.000000	-0.500421	0.000000	0.000000	0.000000	0.000000	0.000000	-5.004213	1.568070	3.216799	0.000000	0.000000	0.000000	-0.808154	-0.049438	-0.166990	0.000000	0.000000	0.000000	0.341925	0.177179	0.341925	0.177179	0.341925	0.486661	0.341925	-0.500421	24.525726	
2.000000	3.000000	0.000000	0.000000	0.000000	-0.465190	0.000000	0.000000	0.000000	0.000000	0.000000	-4.651899	1.563621	3.199958	0.000000	0.000000	0.000000	-0.773858	-0.044488	-0.168409	0.000000	0.000000	0.000000	0.342964	0.176769	0.342964	0.176769	0.342964	0.483286	0.342964	-0.465190	24.650723	
2.000000	3.000000	0.000000	0.000000	0.000000	-0.429669	0.000000	0.000000	0.000000	0.000000	0.000000	-4.296686	1.559668	3.182982	0.000000	0.000000	0.000000	-0.739439	-0.039527	-0.169756	0.000000	0.000000	0.000000	0.344189	0.176419	0.344189	0.176419	0.344189	0.480010	0.344189	-0.429669	24.763913	
2.000000	3.000000	0.000000	0.000000	0.000000	-0.393843	0.000000	0.000000	0.000000	0.000000	0.000000	-3.938434	1.556213	3.165879	0.000000	0.000000	0.000000	-0.704879	-0.034547	-0.171032	0.000000	0.000000	0.000000	0.345595	0.176128	0.345595	0.176128	0.345595	0.476838	0.345595	-0.393843	24.880551	
2.000000	3.000000	0.000000	0.000000	0.000000	-0.357701	0.000000	0.000000	0.000000	0.000000	0.000000	-3.577012	1.553259	3.148655	0.000000	0.000000	0.000000	-0.670162	-0.029539	-0.172239	0.000000	0.000000	0.000000	0.347178	0.175896	0.347178	0.175896	0.347178	0.473775	0.347178	-0.357701	25.002765	
2.000000	3.000000	0.000000	0.000000	0.000000	-0.321229	0.000000	0.000000	0.000000	0.000000	0.000000	-3.212294	1.550810	3.131317	0.000000	0.000000	0.000000	-0.635268	-0.024493	-0.173376	0.000000	0.000000	0.000000	0.348932	0.175723	0.348932	0.175723	0.348932	0.470824	0.348932	-0.321229	25.119214	
2.000000	3.000000	0.000000	0.000000	0.000000	-0.284417	0.000000	0.000000	0.000000	0.000000	0.000000	-2.844167	1.548870	3.113873	0.000000	0.000000	0.000000	-0.600183	-0.019401	-0.174442	0.000000	0.000000	0.000000	0.350852	0.175609	0.350852	0.175609	0.350852	0.467991	0.350852	-0.284417	25.231863	
2.000000	3.000000	0.000000	0.000000	0.000000	-0.247253	0.000000	0.000000	0.000000	0.000000	0.000000	-2.472525	1.547445	3.096330	0.000000	0.000000	0.000000	-0.564890	-0.014254	-0.175433	0.000000	0.000000	0.000000	0.352931	0.175553	0.352931	0.175553	0.352931	0.465280	0.352931	-0.247253	25.351128	
2.000000	3.000000	0.000000	0.000000	0.000000	-0.209727	0.000000	0.000000	0.000000	0.000000	0.000000	-2.097273	1.546540	3.078695	0.000000	0.000000	0.000000	-0.529374	-0.009043	-0.176345	0.000000	0.000000	0.000000	0.355163	0.175554	0.355163	0.175554	0.355163	0.462694	0.355163	-0.209727	25.466188	
2.000000	3.000000	0.000000	0.000000	0.000000	-0.171833	0.000000	0.000000	0.000000	0.000000	0.000000	-1.718327	1.546164	3.060978	0.000000	0.000000	0.000000	-0.493620	-0.003759	-0.177172	0.000000	0.000000	0.000000	0.357541	0.175612	0.357541	0.175612	0.357541	0.460238	0.357541	-0.171833	25.594747	
2.000000	3.000000	0.000000	0.000000	0.000000	-0.133562	0.000000	0.000000	0.000000	0.000000	0.000000	-1.335616	1.546325	3.043187	0.000000	0.000000	0.000000	-0.457614	0.001606	-0.177909	0.000000	0.000000	0.000000	0.360058	0.175725	0.360058	0.175725	0.360058	0.457914	0.360058	-0.133562	25.694713	
2.000000	3.000000	0.000000	0.000000	0.000000	-0.094908	0.000000	0.000000	0.000000	0.000000	0.000000	-0.949081	1.547031	3.025333	0.000000	0.000000	0.000000	-0.421343	0.007059	-0.178545	0.000000	0.000000	0.000000	0.362706	0.175892	0.362706	0.175892	0.362706	0.455726	0.362706	-0.094908	25.819584	
2.000000	3.000000	0.000000	0.000000	0.000000	-0.055868	0.000000	0.000000	0.000000	0.000000	0.000000	-0.558675	1.548292	3.007425	0.000000	0.000000	0.000000	-0.384796	0.012607	-0.179073	0.000000	0.000000	0.000000	0.365476	0.176112	0.365476	0.176112	0.365476	0.453677	0.365476	-0.055868	25.946432	
2.000000	3.000000	0.000000	0.000000	0.000000	-0.016437	0.000000	0.000000	0.000000	0.000000	0.000000	-0.164368	1.550117	2.989477	0.000000	0.000000	0.000000	-0.347960	0.018256	-0.179481	0.000000	0.000000	0.000000	0.368359	0.176383	0.368359	0.176383	0.368359	0.451770	0.368359	-0.016437	26.066840	
2.000000	3.000000	0.000000	0.000000	0.000000	0.023386	0.000000	0.000000	0.000000	0.000000	0.000000	0.233859	1.552518	2.971501	0.000000	0.000000	0.000000	-0.310825	0.024012	-0.179758	0.000000	0.000000	0.000000	0.371346	0.176703	0.371346	0.176703	0.371346	0.450006	0.371346	0.023386	26.193542	
2.000000	3.000000	0.000000	0.000000	0.000000	0.063601	0.000000	0.000000	0.000000	0.000000	0.000000	0.636008	1.555506	2.953512	0.000000	0.000000	0.000000	-0.273383	0.029878	-0.179889	0.000000	0.000000	0.000000	0.374426	0.177071	0.374426	0.177071	0.374426	0.448388	0.374426	0.063601	26.315577	
2.000000	3.000000	0.000000	0.000000	0.000000	0.104207	0.000000	0.000000	0.000000	0.000000	0.000000	1.042065	1.559092	2.935526	0.000000	0.000000	0.000000	-0.235624	0.035858	-0.179862	0.000000	0.000000	0.000000	0.377589	0.177484	0.377589	0.177484	0.377589	0.446918	0.377589	0.104207	26.446618	
2.000000	3.000000	0.000000	0.000000	0.000000	0.145200	0.000000	0.000000	0.000000	0.000000	0.000000	1.452003	1.563287	2.917560	0.000000	0.000000	0.000000	-0.197541	0.041953	-0.179660	0.000000	0.000000	0.000000	0.380824	0.177941	0.380824	0.177941	0.380824	0.445597	0.380824	0.145200	26.566525	
2.000000	3.000000	0.000000	0.000000	0.000000	0.186578	0.000000	0.000000	0.000000	0.000000	0.000000	1.865777	1.568103	2.899634	0.000000	0.000000	0.000000	-0.159129	0.048162	-0.179267	0.000000	0.000000	0.000000	0.384119	0.178438	0.384119	0.178438	0.384119	0.444426	0.384119	0.186578	26.693181	
2.000000	3.000000	0.000000	0.000000	0.000000	0.228333	0.000000	0.000000	0.000000	0.000000	0.000000	2.283326	1.573552	2.881767	0.000000	0.000000	0.000000	-0.120383	0.054484	-0.178667	0.000000	0.000000	0.000000	0.387462	0.178973	0.387462	0.178973	0.387462	0.443405	0.387462	0.228333	26.811817	
2.000000	3.000000	0.000000	0.000000	0.000000	0.270457	0.000000	0.000000	0.000000	0.000000	0.000000	2.704575	1.579643	2.863983	0.000000	0.000000	0.000000	-0.081299	0.060916	-0.177842	0.000000	0.000000	0.000000	0.390841	0.179543	0.390841	0.179543	0.390841	0.442535	0.390841	0.270457	26.942285	
2.000000	3.000000	0.000000	0.000000	0.000000	0.312943	0.000000	0.000000	0.000000	0.000000	0.000000	3.129432	1.586389	2.846305	0.000000	0.000000	0.000000	-0.041875	0.067452	-0.176774	0.000000	0.000000	0.000000	0.394242	0.180145	0.394242	0.180145	0.394242	0.441815	0.394242	0.312943	27.070228	
2.000000	3.000000	0.000000	0.000000	0.000000	0.355779	0.000000	0.000000	0.000000	0.000000	0.000000	3.557792	1.593797	2.828761	0.000000	0.000000	0.000000	-0.002110	0.074083	-0.175444	0.000000	0.000000	0.000000	0.397654	0.180777	0.397654	0.180777	0.397654	0.441244	0.397654	0.355779	27.203508	
2.000000	3.000000	0.000000	0.000000	0.000000	0.398953	0.000000	0.000000	0.000000	0.000000	0.000000	3.989534	1.601877	2.811377	0.000000	0.000000	0.000000	0.037997	0.080802	-0.173836	0.000000	0.000000	0.000000	0.401063	0.181434	0.401063	0.181434	0.401063	0.440822	0.401063	0.398953	27.340849	
2.000000	3.000000	0.000000	0.000000	0.000000	0.442452	0.000000	0.000000	0.000000	0.000000	0.000000	4.424524	1.610636	2.794184	0.000000	0.000000	0.000000	0.078442	0.087595	-0.171931	0.000000	0.000000	0.000000	0.404456	0.182114	0.404456	0.182114	0.404456	0.440546	0.404456	0.442452	27.469095	
2.000000	3.000000	0.000000	0.000000	0.000000	0.486261	0.000000	0.000000	0.000000	0.000000	0.000000	4.862614	1.620081	2.777213	0.000000	0.000000	0.000000	0.119224	0.094448	-0.169712	0.000000	0.000000	0.000000	0.407819	0.182814	0.407819	0.182814	0.407819	0.440414	0.407819	0.486261	27.599145	
2.000000	3.000000	0.000000	0.000000	0.000000	0.530365	0.000000	0.000000	0.000000	0.000000	0.000000	5.303646	1.630216	2.760497	0.000000	0.000000	0.000000	0.160338	0.101346	-0.167161	0.000000	0.000000	0.000000	0.411140	0.183529	0.411140	0.183529	0.411140	0.440423	0.411140	0.530365	27.720999	
2.000000	3.000000	0.000000	0.000000	0.000000	0.574745	0.000000	0.000000	0.000000	0.000000	0.000000	5.747450	1.641043	2.744070	0.000000	0.000000	0.000000	0.201779	0.108270	-0.164265	0.000000	0.000000	0.000000	0.414407	0.184257	0.414407	0.184257	0.414407	0.440570	0.414407	0.574745	27.849058	
2.000000	3.000000	0.000000	0.000000	0.000000	0.619385	0.000000	0.000000	0.000000	0.000000	0.000000	6.193849	1.652563	2.727970	0.000000	0.000000	0.000000	0.243540	0.115198	-0.161008	0.000000	0.000000	0.000000	0.417606	0.184995	0.417606	0.184995	0.417606	0.440852	0.417606	0.619385	27.968884	
2.000000	3.000000	0.000000	0.000000	0.000000	0.664265	0.000000	0.000000	0.000000	0.000000	0.000000	6.642655	1.664774	2.712232	0.000000	0.000000	0.000000	0.285612	0.122110	-0.157378	0.000000	0.000000	0.000000	0.420726	0.185738	0.420726	0.185738	0.420726	0.441263	0.420726	0.664265	28.100195	
2.000000	3.000000	0.000000	0.000000	0.000000	0.709368	0.000000	0.000000	0.000000	0.000000	0.000000	7.093676	1.677672	2.696895	0.000000	0.000000	0.000000	0.327988	0.128980	-0.153365	0.000000	0.000000	0.000000	0.423755	0.186484	0.423755	0.186484	0.423755	0.441800	0.423755	0.709368	28.240973	
2.000000	3.000000	0.000000	0.000000	0.000000	0.754671	0.000000	0.000000	0.000000	0.000000	0.000000	7.546713	1.691250	2.681999	0.000000	0.000000	0.000000	0.370656	0.135781	-0.148960	0.000000	0.000000	0.000000	0.426684	0.187228	0.426684	0.187228	0.426684	0.442457	0.426684	0.754671	28.363135	
2.000000	3.000000	0.000000	0.000000	0.000000	0.800156	0.000000	0.000000	0.000000	0.000000	0.000000	8.001564	1.705499	2.667584	0.000000	0.000000	0.000000	0.413606	0.142488	-0.144156	0.000000	0.000000	0.000000	0.429500	0.187969	0.429500	0.187969	0.429500	0.443228	0.429500	0.800156	28.495284	
2.000000	3.000000	0.000000	0.000000	0.000000	0.845803	0.000000	0.000000	0.000000	0.000000	0.000000	8.458027	1.720406	2.653689	0.000000	0.000000	0.000000	0.456826	0.149070	-0.138950	0.000000	0.000000	0.000000	0.432197	0.188703	0.432197	0.188703	0.432197	0.444108	0.432197	0.845803	28.643975	
2.000000	3.000000	0.000000	0.000000	0.000000	0.891590	0.000000	0.000000	0.000000	0.000000	0.000000	8.915896	1.735955	2.640355	0.000000	0.000000	0.000000	0.500302	0.155499	-0.133341	0.000000	0.000000	0.000000	0.434764	0.189427	0.434764	0.189427	0.434764	0.445089	0.434764	0.891590	28.783719	
2.000000	3.000000	0.000000	0.000000	0.000000	0.937497	0.000000	0.000000	0.000000	0.000000	0.000000	9.374968	1.752130	2.627622	0.000000	0.000000	0.000000	0.544022	0.161743	-0.127330	0.000000	0.000000	0.000000	0.437195	0.190139	0.437195	0.190139	0.437195	0.446166	0.437195	0.937497	28.912614	
2.000000	3.000000	0.000000	0.000000	0.000000	0.983504	0.000000	0.000000	0.000000	0.000000	0.000000	9.835041	1.768907	2.615529	0.000000	0.000000	0.000000	0.587970	0.167772	-0.120923	0.000000	0.000000	0.000000	0.439483	0.190835	0.439483	0.190835	0.439483	0.447331	0.439483	0.983504	29.058824	
2.000000	3.000000	0.000000	0.000000	0.000000	1.029592	0.000000	0.000000	0.000000	0.000000	0.000000	10.295918	1.786263	2.604117	0.000000	0.000000	0.000000	0.632132	0.173556	-0.114126	0.000000	0.000000	0.000000	0.441622	0.191514	0.441622	0.191514	0.441622	0.448577	0.441622	1.029592	29.208362	
2.000000	3.000000	0.000000	0.000000	0.000000	1.075740	0.000000	0.000000	0.000000	0.000000	0.000000	10.757404	1.804169	2.593422	0.000000	0.000000	0.000000	0.676493	0.179065	-0.106951	0.000000	0.000000	0.000000	0.443608	0.192172	0.443608	0.192172	0.443608	0.449897	0.443608	1.075740	29.343153	
2.000000	3.000000	0.000000	0.000000	0.000000	1.121931	0.000000	0.000000	0.000000	0.000000	0.000000	11.219312	1.822596	2.583481	0.000000	0.000000	0.000000	0.721037	0.184267	-0.099411	0.000000	0.000000	0.000000	0.445438	0.192809	0.445438	0.192809	0.445438	0.451282	0.445438	1.121931	29.499720	
2.000000	3.000000	0.000000	0.000000	0.000000	1.168146	0.000000	0.000000	0.000000	0.000000	0.000000	11.681461	1.841509	2.574328	0.000000	0.000000	0.000000	0.765748	0.189135	-0.091521	0.000000	0.000000	0.000000	0.447109	0.193422	0.447109	0.193422	0.447109	0.452726	0.447109	1.168146	29.639694	
2.000000	3.000000	0.000000	0.000000	0.000000	1.214368	0.000000	0.000000	0.000000	0.000000	0.000000	12.143677	1.860874	2.565998	0.000000	0.000000	0.000000	0.810610	0.193642	-0.083302	0.000000	0.000000	0.000000	0.448620	0.194010	0.448620	0.194010	0.448620	0.454220	0.448620	1.214368	29.805922	
2.000000	3.000000	0.000000	0.000000	0.000000	1.260579	0.000000	0.000000	0.000000	0.000000	0.000000	12.605795	1.880650	2.558521	0.000000	0.000000	0.000000	0.855607	0.197760	-0.074775	0.000000	0.000000	0.000000	0.449970	0.194571	0.449970	0.194571	0.449970	0.455756	0.449970	1.260579	29.950933	
2.000000	3.000000	0.000000	0.000000	0.000000	1.306766	0.000000	0.000000	0.000000	0.000000	0.000000	13.067656	1.900796	2.551924	0.000000	0.000000	0.000000	0.900723	0.201467	-0.065964	0.000000	0.000000	0.000000	0.451159	0.195103	0.451159	0.195103	0.451159	0.457328	0.451159	1.306766	30.093640	
2.000000	3.000000	0.000000	0.000000	0.000000	1.352911	0.000000	0.000000	0.000000	0.000000	0.000000	13.529114	1.921270	2.546235	0.000000	0.000000	0.000000	0.945941	0.204740	-0.056894	0.000000	0.000000	0.000000	0.452189	0.195607	0.452189	0.195607	0.452189	0.458926	0.452189	1.352911	30.193448	
