2.000000	3.000000	0.000000	0.000000	0.000000	0.982794	0.000000	0.000000	0.000000	0.000000	0.000000	9.827937	0.040000	-0.024570	0.000000	0.000000	0.000000	0.098279	0.400000	-0.245698	0.000000	0.000000	0.000000	0.982794	-0.025562	0.982794	-0.025562	0.982794	3.605551	0.982794	0.982794	0.101704	
2.000000	3.000000	0.000000	0.000000	0.000000	0.995810	0.000000	0.000000	0.000000	0.000000	0.000000	9.958100	0.086931	-0.042490	0.000000	0.000000	0.000000	0.188032	0.469311	-0.179198	0.000000	0.000000	0.000000	0.897531	0.060821	0.897531	0.060821	0.897531	3.604112	0.897531	0.995810	0.321698	
2.000000	3.000000	0.000000	0.000000	0.000000	1.009481	0.000000	0.000000	0.000000	0.000000	0.000000	10.094805	0.138868	-0.053512	0.000000	0.000000	0.000000	0.270177	0.519372	-0.110221	0.000000	0.000000	0.000000	0.821448	0.133917	0.821448	0.133917	0.821448	3.593964	0.821448	1.009481	0.420196	
2.000000	3.000000	0.000000	0.000000	0.000000	1.023417	0.000000	0.000000	0.000000	0.000000	0.000000	10.234169	0.194174	-0.057735	0.000000	0.000000	0.000000	0.345501	0.553055	-0.042230	0.000000	0.000000	0.000000	0.753240	0.195559	0.753240	0.195559	0.753240	3.575996	0.753240	1.023417	0.520101	
2.000000	3.000000	0.000000	0.000000	0.000000	1.037335	0.000000	0.000000	0.000000	0.000000	0.000000	10.373347	0.251493	-0.055486	0.000000	0.000000	0.000000	0.414685	0.573189	0.022492	0.000000	0.000000	0.000000	0.691833	0.247361	0.691833	0.247361	0.691833	3.551162	0.691833	1.037335	0.620134	
2.000000	3.000000	0.000000	0.000000	0.000000	1.051030	0.000000	0.000000	0.000000	0.000000	0.000000	10.510298	0.309730	-0.047231	0.000000	0.000000	0.000000	0.478319	0.582374	0.082550	0.000000	0.000000	0.000000	0.636345	0.290728	0.636345	0.290728	0.636345	3.520408	0.636345	1.051030	0.720119	
2.000000	3.000000	0.000000	0.000000	0.000000	1.064359	0.000000	0.000000	0.000000	0.000000	0.000000	10.643591	0.368021	-0.033511	0.000000	0.000000	0.000000	0.536923	0.582907	0.137192	0.000000	0.000000	0.000000	0.586040	0.326872	0.586040	0.326872	0.586040	3.484627	0.586040	1.064359	0.820120	
2.000000	3.000000	0.000000	0.000000	0.000000	1.077226	0.000000	0.000000	0.000000	0.000000	0.000000	10.772256	0.425696	-0.014900	0.000000	0.000000	0.000000	0.590953	0.576750	0.186118	0.000000	0.000000	0.000000	0.540303	0.356835	0.540303	0.356835	0.540303	3.444640	0.540303	1.077226	0.920179	
2.000000	3.000000	0.000000	0.000000	0.000000	1.089567	0.000000	0.000000	0.000000	0.000000	0.000000	10.895668	0.482251	0.008034	0.000000	0.000000	0.000000	0.640815	0.565551	0.229338	0.000000	0.000000	0.000000	0.498613	0.381510	0.498613	0.381510	0.498613	3.401184	0.498613	1.089567	1.020299	
2.000000	3.000000	0.000000	0.000000	0.000000	1.101346	0.000000	0.000000	0.000000	0.000000	0.000000	11.013458	0.537317	0.034740	0.000000	0.000000	0.000000	0.686868	0.550661	0.267062	0.000000	0.000000	0.000000	0.460531	0.401661	0.460531	0.401661	0.460531	3.354910	0.460531	1.101346	1.209930	
2.000000	3.000000	0.000000	0.000000	0.000000	1.112545	0.000000	0.000000	0.000000	0.000000	0.000000	11.125446	0.590635	0.064702	0.000000	0.000000	0.000000	0.729435	0.533175	0.299620	0.000000	0.000000	0.000000	0.425677	0.417941	0.425677	0.417941	0.425677	3.306389	0.425677	1.112545	1.319786	
2.000000	3.000000	0.000000	0.000000	0.000000	1.123159	0.000000	0.000000	0.000000	0.000000	0.000000	11.231593	0.642032	0.097444	0.000000	0.000000	0.000000	0.768808	0.513970	0.327414	0.000000	0.000000	0.000000	0.393724	0.430908	0.393724	0.430908	0.393724	3.256115	0.393724	1.123159	1.419968	
2.000000	3.000000	0.000000	0.000000	0.000000	1.133196	0.000000	0.000000	0.000000	0.000000	0.000000	11.331958	0.691405	0.132531	0.000000	0.000000	0.000000	0.805247	0.493735	0.350874	0.000000	0.000000	0.000000	0.364388	0.441038	0.364388	0.441038	0.364388	3.204514	0.364388	1.133196	1.520128	
2.000000	3.000000	0.000000	0.000000	0.000000	1.142667	0.000000	0.000000	0.000000	0.000000	0.000000	11.426669	0.738706	0.169574	0.000000	0.000000	0.000000	0.838989	0.473007	0.370431	0.000000	0.000000	0.000000	0.337420	0.448736	0.337420	0.448736	0.337420	3.151951	0.337420	1.142667	1.619934	
2.000000	3.000000	0.000000	0.000000	0.000000	1.151591	0.000000	0.000000	0.000000	0.000000	0.000000	11.515908	0.783925	0.208225	0.000000	0.000000	0.000000	0.870249	0.452196	0.386506	0.000000	0.000000	0.000000	0.312602	0.454352	0.312602	0.454352	0.312602	3.098737	0.312602	1.151591	1.719908	
2.000000	3.000000	0.000000	0.000000	0.000000	1.159989	0.000000	0.000000	0.000000	0.000000	0.000000	11.599886	0.827087	0.248174	0.000000	0.000000	0.000000	0.899223	0.431612	0.399494	0.000000	0.000000	0.000000	0.289740	0.458181	0.289740	0.458181	0.289740	3.045135	0.289740	1.159989	1.819861	
2.000000	3.000000	0.000000	0.000000	0.000000	1.167884	0.000000	0.000000	0.000000	0.000000	0.000000	11.678835	0.868235	0.289150	0.000000	0.000000	0.000000	0.926089	0.411483	0.409762	0.000000	0.000000	0.000000	0.268661	0.460478	0.268661	0.460478	0.268661	2.991366	0.268661	1.167884	1.919918	
2.000000	3.000000	0.000000	0.000000	0.000000	1.175300	0.000000	0.000000	0.000000	0.000000	0.000000	11.753000	0.907432	0.330915	0.000000	0.000000	0.000000	0.951010	0.391970	0.417644	0.000000	0.000000	0.000000	0.249211	0.461462	0.249211	0.461462	0.249211	2.937618	0.249211	1.175300	2.019976	
2.000000	3.000000	0.000000	0.000000	0.000000	1.182263	0.000000	0.000000	0.000000	0.000000	0.000000	11.822627	0.944751	0.373259	0.000000	0.000000	0.000000	0.974135	0.373187	0.423444	0.000000	0.000000	0.000000	0.231253	0.461319	0.231253	0.461319	0.231253	2.884046	0.231253	1.182263	2.119877	
2.000000	3.000000	0.000000	0.000000	0.000000	1.188797	0.000000	0.000000	0.000000	0.000000	0.000000	11.887966	0.980271	0.416002	0.000000	0.000000	0.000000	0.995601	0.355205	0.427431	0.000000	0.000000	0.000000	0.214661	0.460211	0.214661	0.460211	0.214661	2.830780	0.214661	1.188797	2.219923	
2.000000	3.000000	0.000000	0.000000	0.000000	1.194926	0.000000	0.000000	0.000000	0.000000	0.000000	11.949259	1.014078	0.458987	0.000000	0.000000	0.000000	1.015534	0.338066	0.429846	0.000000	0.000000	0.000000	0.199324	0.458276	0.199324	0.458276	0.199324	2.777929	0.199324	1.194926	2.319989	
2.000000	3.000000	0.000000	0.000000	0.000000	1.200674	0.000000	0.000000	0.000000	0.000000	0.000000	12.006743	1.046257	0.502077	0.000000	0.000000	0.000000	1.034048	0.321787	0.430903	0.000000	0.000000	0.000000	0.185140	0.455632	0.185140	0.455632	0.185140	2.725581	0.185140	1.200674	2.419882	
2.000000	3.000000	0.000000	0.000000	0.000000	1.206065	0.000000	0.000000	0.000000	0.000000	0.000000	12.060646	1.076893	0.545156	0.000000	0.000000	0.000000	1.051250	0.306368	0.430789	0.000000	0.000000	0.000000	0.172017	0.452384	0.172017	0.452384	0.172017	2.673807	0.172017	1.206065	2.520078	
2.000000	3.000000	0.000000	0.000000	0.000000	1.211119	0.000000	0.000000	0.000000	0.000000	0.000000	12.111188	1.106073	0.588123	0.000000	0.000000	0.000000	1.067237	0.291796	0.429669	0.000000	0.000000	0.000000	0.159869	0.448619	0.159869	0.448619	0.159869	2.622667	0.159869	1.211119	2.619855	
2.000000	3.000000	0.000000	0.000000	0.000000	1.215858	0.000000	0.000000	0.000000	0.000000	0.000000	12.158577	1.133878	0.630892	0.000000	0.000000	0.000000	1.082099	0.278049	0.427688	0.000000	0.000000	0.000000	0.148621	0.444416	0.148621	0.444416	0.148621	2.572208	0.148621	1.215858	2.720135	
2.000000	3.000000	0.000000	0.000000	0.000000	1.220301	0.000000	0.000000	0.000000	0.000000	0.000000	12.203010	1.160388	0.673389	0.000000	0.000000	0.000000	1.095919	0.265096	0.424972	0.000000	0.000000	0.000000	0.138202	0.439840	0.138202	0.439840	0.138202	2.522467	0.138202	1.220301	2.820240	
2.000000	3.000000	0.000000	0.000000	0.000000	1.224468	0.000000	0.000000	0.000000	0.000000	0.000000	12.244676	1.185678	0.715552	0.000000	0.000000	0.000000	1.108774	0.252904	0.421632	0.000000	0.000000	0.000000	0.128549	0.434950	0.128549	0.434950	0.128549	2.473473	0.128549	1.224468	2.919946	
2.000000	3.000000	0.000000	0.000000	0.000000	1.228375	0.000000	0.000000	0.000000	0.000000	0.000000	12.283751	1.209822	0.757329	0.000000	0.000000	0.000000	1.120734	0.241436	0.417763	0.000000	0.000000	0.000000	0.119601	0.429795	0.119601	0.429795	0.119601	2.425247	0.119601	1.228375	3.020089	
2.000000	3.000000	0.000000	0.000000	0.000000	1.232040	0.000000	0.000000	0.000000	0.000000	0.000000	12.320401	1.232887	0.798674	0.000000	0.000000	0.000000	1.131864	0.230655	0.413450	0.000000	0.000000	0.000000	0.111306	0.424421	0.111306	0.424421	0.111306	2.377805	0.111306	1.232040	3.119908	
2.000000	3.000000	0.000000	0.000000	0.000000	1.235478	0.000000	0.000000	0.000000	0.000000	0.000000	12.354784	1.254939	0.839550	0.000000	0.000000	0.000000	1.142226	0.220521	0.408764	0.000000	0.000000	0.000000	0.103614	0.418865	0.103614	0.418865	0.103614	2.331159	0.103614	1.235478	3.219916	
2.000000	3.000000	0.000000	0.000000	0.000000	1.238705	0.000000	0.000000	0.000000	0.000000	0.000000	12.387046	1.276039	0.879927	0.000000	0.000000	0.000000	1.151874	0.210997	0.403770	0.000000	0.000000	0.000000	0.096479	0.413161	0.096479	0.413161	0.096479	2.285314	0.096479	1.238705	3.320014	
2.000000	3.000000	0.000000	0.000000	0.000000	1.241732	0.000000	0.000000	0.000000	0.000000	0.000000	12.417324	1.296243	0.919779	0.000000	0.000000	0.000000	1.160860	0.202045	0.398521	0.000000	0.000000	0.000000	0.089859	0.407337	0.089859	0.407337	0.089859	2.240274	0.089859	1.241732	3.420053	
2.000000	3.000000	0.000000	0.000000	0.000000	1.244575	0.000000	0.000000	0.000000	0.000000	0.000000	12.445747	1.315606	0.959086	0.000000	0.000000	0.000000	1.169231	0.193629	0.393066	0.000000	0.000000	0.000000	0.083715	0.401420	0.083715	0.401420	0.083715	2.196040	0.083715	1.244575	3.519993	
2.000000	3.000000	0.000000	0.000000	0.000000	1.247244	0.000000	0.000000	0.000000	0.000000	0.000000	12.472437	1.334178	0.997830	0.000000	0.000000	0.000000	1.177032	0.185713	0.387446	0.000000	0.000000	0.000000	0.078013	0.395432	0.078013	0.395432	0.078013	2.152609	0.078013	1.247244	3.620067	
2.000000	3.000000	0.000000	0.000000	0.000000	1.249751	0.000000	0.000000	0.000000	0.000000	0.000000	12.497505	1.352004	1.036000	0.000000	0.000000	0.000000	1.184304	0.178266	0.381696	0.000000	0.000000	0.000000	0.072718	0.389392	0.072718	0.389392	0.072718	2.109977	0.072718	1.249751	3.719979	
2.000000	3.000000	0.000000	0.000000	0.000000	1.252106	0.000000	0.000000	0.000000	0.000000	0.000000	12.521058	1.369130	1.073585	0.000000	0.000000	0.000000	1.191084	0.171255	0.375848	0.000000	0.000000	0.000000	0.067802	0.383318	0.067802	0.383318	0.067802	2.068138	0.067802	1.252106	3.820044	
2.000000	3.000000	0.000000	0.000000	0.000000	1.254319	0.000000	0.000000	0.000000	0.000000	0.000000	12.543193	1.385595	1.110577	0.000000	0.000000	0.000000	1.197408	0.164651	0.369928	0.000000	0.000000	0.000000	0.063235	0.377225	0.063235	0.377225	0.063235	2.027085	0.063235	1.254319	3.920011	
2.000000	3.000000	0.000000	0.000000	0.000000	1.256400	0.000000	0.000000	0.000000	0.000000	0.000000	12.564003	1.401437	1.146973	0.000000	0.000000	0.000000	1.203307	0.158426	0.363959	0.000000	0.000000	0.000000	0.058992	0.371126	0.058992	0.371126	0.058992	1.986809	0.058992	1.256400	4.020016	
2.000000	3.000000	0.000000	0.000000	0.000000	1.258357	0.000000	0.000000	0.000000	0.000000	0.000000	12.583574	1.416693	1.182769	0.000000	0.000000	0.000000	1.208812	0.152554	0.357962	0.000000	0.000000	0.000000	0.055050	0.365033	0.055050	0.365033	0.055050	1.947302	0.055050	1.258357	4.119963	
2.000000	3.000000	0.000000	0.000000	0.000000	1.260198	0.000000	0.000000	0.000000	0.000000	0.000000	12.601985	1.431394	1.217965	0.000000	0.000000	0.000000	1.213951	0.147011	0.351954	0.000000	0.000000	0.000000	0.051386	0.358956	0.051386	0.358956	0.051386	1.908553	0.051386	1.260198	4.220070	
2.000000	3.000000	0.000000	0.000000	0.000000	1.261931	0.000000	0.000000	0.000000	0.000000	0.000000	12.619311	1.445571	1.252560	0.000000	0.000000	0.000000	1.218749	0.141773	0.345949	0.000000	0.000000	0.000000	0.047980	0.352904	0.047980	0.352904	0.047980	1.870551	0.047980	1.261931	4.320043	
2.000000	3.000000	0.000000	0.000000	0.000000	1.263562	0.000000	0.000000	0.000000	0.000000	0.000000	12.635623	1.459253	1.286556	0.000000	0.000000	0.000000	1.223230	0.136820	0.339961	0.000000	0.000000	0.000000	0.044813	0.346884	0.044813	0.346884	0.044813	1.833286	0.044813	1.263562	4.420085	
2.000000	3.000000	0.000000	0.000000	0.000000	1.265098	0.000000	0.000000	0.000000	0.000000	0.000000	12.650984	1.472467	1.319956	0.000000	0.000000	0.000000	1.227417	0.132132	0.334001	0.000000	0.000000	0.000000	0.041868	0.340905	0.041868	0.340905	0.041868	1.796747	0.041868	1.265098	4.520084	
2.000000	3.000000	0.000000	0.000000	0.000000	1.266546	0.000000	0.000000	0.000000	0.000000	0.000000	12.665457	1.485236	1.352764	0.000000	0.000000	0.000000	1.231330	0.127691	0.328077	0.000000	0.000000	0.000000	0.039129	0.334971	0.039129	0.334971	0.039129	1.760920	0.039129	1.266546	4.620534	
2.000000	3.000000	0.000000	0.000000	0.000000	1.267910	0.000000	0.000000	0.000000	0.000000	0.000000	12.679098	1.497584	1.384983	0.000000	0.000000	0.000000	1.234988	0.123479	0.322199	0.000000	0.000000	0.000000	0.036580	0.329089	0.036580	0.329089	0.036580	1.725796	0.036580	1.267910	4.720015	
2.000000	3.000000	0.000000	0.000000	0.000000	1.269196	0.000000	0.000000	0.000000	0.000000	0.000000	12.691960	1.509532	1.416621	0.000000	0.000000	0.000000	1.238409	0.119481	0.316373	0.000000	0.000000	0.000000	0.034208	0.323262	0.034208	0.323262	0.034208	1.691361	0.034208	1.269196	4.820233	
2.000000	3.000000	0.000000	0.000000	0.000000	1.270409	0.000000	0.000000	0.000000	0.000000	0.000000	12.704091	1.521100	1.447681	0.000000	0.000000	0.000000	1.241609	0.115682	0.310604	0.000000	0.000000	0.000000	0.032000	0.317494	0.032000	0.317494	0.032000	1.657603	0.032000	1.270409	4.920222	
2.000000	3.000000	0.000000	0.000000	0.000000	1.271554	0.000000	0.000000	0.000000	0.000000	0.000000	12.715540	1.532307	1.478171	0.000000	0.000000	0.000000	1.244603	0.112070	0.304899	0.000000	0.000000	0.000000	0.029945	0.311790	0.029945	0.311790	0.029945	1.624512	0.029945	1.271554	5.020198	
2.000000	3.000000	0.000000	0.000000	0.000000	1.272635	0.000000	0.000000	0.000000	0.000000	0.000000	12.726347	1.543170	1.508097	0.000000	0.000000	0.000000	1.247406	0.108631	0.299260	0.000000	0.000000	0.000000	0.028031	0.306152	0.028031	0.306152	0.028031	1.592074	0.028031	1.272635	5.120114	
2.000000	3.000000	0.000000	0.000000	0.000000	1.273655	0.000000	0.000000	0.000000	0.000000	0.000000	12.736554	1.553705	1.537466	0.000000	0.000000	0.000000	1.250031	0.105354	0.293693	0.000000	0.000000	0.000000	0.026249	0.300582	0.026249	0.300582	0.026249	1.560278	0.026249	1.273655	5.220042	
2.000000	3.000000	0.000000	0.000000	0.000000	1.274620	0.000000	0.000000	0.000000	0.000000	0.000000	12.746199	1.563928	1.566286	0.000000	0.000000	0.000000	1.252490	0.102228	0.288198	0.000000	0.000000	0.000000	0.024589	0.295083	0.024589	0.295083	0.024589	1.529112	0.024589	1.274620	5.320091	
2.000000	3.000000	0.000000	0.000000	0.000000	1.275532	0.000000	0.000000	0.000000	0.000000	0.000000	12.755316	1.573852	1.594564	0.000000	0.000000	0.000000	1.254794	0.099244	0.282779	0.000000	0.000000	0.000000	0.023041	0.289656	0.023041	0.289656	0.023041	1.498564	0.023041	1.275532	5.420341	
2.000000	3.000000	0.000000	0.000000	0.000000	1.276394	0.000000	0.000000	0.000000	0.000000	0.000000	12.763937	1.583492	1.622308	0.000000	0.000000	0.000000	1.256954	0.096392	0.277438	0.000000	0.000000	0.000000	0.021599	0.284303	0.021599	0.284303	0.021599	1.468623	0.021599	1.276394	5.520294	
2.000000	3.000000	0.000000	0.000000	0.000000	1.277209	0.000000	0.000000	0.000000	0.000000	0.000000	12.772095	1.592858	1.649525	0.000000	0.000000	0.000000	1.258980	0.093664	0.272175	0.000000	0.000000	0.000000	0.020255	0.279025	0.020255	0.279025	0.020255	1.439276	0.020255	1.277209	5.620513	
2.000000	3.000000	0.000000	0.000000	0.000000	1.277982	0.000000	0.000000	0.000000	0.000000	0.000000	12.779817	1.601963	1.676225	0.000000	0.000000	0.000000	1.260880	0.091051	0.266993	0.000000	0.000000	0.000000	0.019002	0.273824	0.019002	0.273824	0.019002	1.410513	0.019002	1.277982	5.720046	
2.000000	3.000000	0.000000	0.000000	0.000000	1.278713	0.000000	0.000000	0.000000	0.000000	0.000000	12.787130	1.610818	1.702414	0.000000	0.000000	0.000000	1.262663	0.088548	0.261892	0.000000	0.000000	0.000000	0.017833	0.268699	0.017833	0.268699	0.017833	1.382322	0.017833	1.278713	5.820054	
2.000000	3.000000	0.000000	0.000000	0.000000	1.279406	0.000000	0.000000	0.000000	0.000000	0.000000	12.794059	1.619433	1.728101	0.000000	0.000000	0.000000	1.264338	0.086147	0.256872	0.000000	0.000000	0.000000	0.016743	0.263651	0.016743	0.263651	0.016743	1.354693	0.016743	1.279406	5.920176	
2.000000	3.000000	0.000000	0.000000	0.000000	1.280063	0.000000	0.000000	0.000000	0.000000	0.000000	12.800627	1.627817	1.753294	0.000000	0.000000	0.000000	1.265910	0.083842	0.251934	0.000000	0.000000	0.000000	0.015725	0.258681	0.015725	0.258681	0.015725	1.327614	0.015725	1.280063	6.020353	
2.000000	3.000000	0.000000	0.000000	0.000000	1.280686	0.000000	0.000000	0.000000	0.000000	0.000000	12.806857	1.635980	1.778002	0.000000	0.000000	0.000000	1.267388	0.081628	0.247078	0.000000	0.000000	0.000000	0.014776	0.253788	0.014776	0.253788	0.014776	1.301075	0.014776	1.280686	6.120323	
2.000000	3.000000	0.000000	0.000000	0.000000	1.281277	0.000000	0.000000	0.000000	0.000000	0.000000	12.812769	1.643929	1.802233	0.000000	0.000000	0.000000	1.268777	0.079498	0.242304	0.000000	0.000000	0.000000	0.013889	0.248974	0.013889	0.248974	0.013889	1.275064	0.013889	1.281277	6.220391	
2.000000	3.000000	0.000000	0.000000	0.000000	1.281838	0.000000	0.000000	0.000000	0.000000	0.000000	12.818381	1.651674	1.825994	0.000000	0.000000	0.000000	1.270083	0.077448	0.237611	0.000000	0.000000	0.000000	0.013062	0.244237	0.013062	0.244237	0.013062	1.249573	0.013062	1.281838	6.320231	
2.000000	3.000000	0.000000	0.000000	0.000000	1.282371	0.000000	0.000000	0.000000	0.000000	0.000000	12.823713	1.659222	1.849294	0.000000	0.000000	0.000000	1.271312	0.075474	0.233000	0.000000	0.000000	0.000000	0.012289	0.239578	0.012289	0.239578	0.012289	1.224590	0.012289	1.282371	6.420152	
2.000000	3.000000	0.000000	0.000000	0.000000	1.282878	0.000000	0.000000	0.000000	0.000000	0.000000	12.828780	1.666579	1.872141	0.000000	0.000000	0.000000	1.272468	0.073571	0.228469	0.000000	0.000000	0.000000	0.011566	0.234997	0.011566	0.234997	0.011566	1.200106	0.011566	1.282878	6.520174	
2.000000	3.000000	0.000000	0.000000	0.000000	1.283360	0.000000	0.000000	0.000000	0.000000	0.000000	12.833599	1.673752	1.894542	0.000000	0.000000	0.000000	1.273557	0.071736	0.224019	0.000000	0.000000	0.000000	0.010892	0.230492	0.010892	0.230492	0.010892	1.176111	0.010892	1.283360	6.620286	
2.000000	3.000000	0.000000	0.000000	0.000000	1.283818	0.000000	0.000000	0.000000	0.000000	0.000000	12.838184	1.680749	1.916507	0.000000	0.000000	0.000000	1.274583	0.069964	0.219647	0.000000	0.000000	0.000000	0.010261	0.226064	0.010261	0.226064	0.010261	1.152594	0.010261	1.283818	6.720200	
2.000000	3.000000	0.000000	0.000000	0.000000	1.284255	0.000000	0.000000	0.000000	0.000000	0.000000	12.842549	1.687574	1.938043	0.000000	0.000000	0.000000	1.275551	0.068252	0.215355	0.000000	0.000000	0.000000	0.009671	0.221711	0.009671	0.221711	0.009671	1.129548	0.009671	1.284255	6.820136	
2.000000	3.000000	0.000000	0.000000	0.000000	1.284671	0.000000	0.000000	0.000000	0.000000	0.000000	12.846707	1.694234	1.959157	0.000000	0.000000	0.000000	1.276463	0.066598	0.211141	0.000000	0.000000	0.000000	0.009120	0.217434	0.009120	0.217434	0.009120	1.106961	0.009120	1.284671	6.920201	
2.000000	3.000000	0.000000	0.000000	0.000000	1.285067	0.000000	0.000000	0.000000	0.000000	0.000000	12.850669	1.700734	1.979857	0.000000	0.000000	0.000000	1.277323	0.064998	0.207003	0.000000	0.000000	0.000000	0.008604	0.213231	0.008604	0.213231	0.008604	1.084826	0.008604	1.285067	7.020208	
2.000000	3.000000	0.000000	0.000000	0.000000	1.285445	0.000000	0.000000	0.000000	0.000000	0.000000	12.854449	1.707079	2.000151	0.000000	0.000000	0.000000	1.278135	0.063450	0.202942	0.000000	0.000000	0.000000	0.008122	0.209103	0.008122	0.209103	0.008122	1.063133	0.008122	1.285445	7.120848	
2.000000	3.000000	0.000000	0.000000	0.000000	1.285805	0.000000	0.000000	0.000000	0.000000	0.000000	12.858055	1.713274	2.020047	0.000000	0.000000	0.000000	1.278902	0.061951	0.198955	0.000000	0.000000	0.000000	0.007670	0.205047	0.007670	0.205047	0.007670	1.041874	0.007670	1.285805	7.220237	
2.000000	3.000000	0.000000	0.000000	0.000000	1.286150	0.000000	0.000000	0.000000	0.000000	0.000000	12.861498	1.719323	2.039551	0.000000	0.000000	0.000000	1.279627	0.060498	0.195043	0.000000	0.000000	0.000000	0.007248	0.201064	0.007248	0.201064	0.007248	1.021039	0.007248	1.286150	7.320167	
2.000000	3.000000	0.000000	0.000000	0.000000	1.286479	0.000000	0.000000	0.000000	0.000000	0.000000	12.864788	1.725232	2.058672	0.000000	0.000000	0.000000	1.280312	0.059090	0.191204	0.000000	0.000000	0.000000	0.006852	0.197152	0.006852	0.197152	0.006852	1.000620	0.006852	1.286479	7.420402	
2.000000	3.000000	0.000000	0.000000	0.000000	1.286793	0.000000	0.000000	0.000000	0.000000	0.000000	12.867933	1.731005	2.077415	0.000000	0.000000	0.000000	1.280960	0.057724	0.187438	0.000000	0.000000	0.000000	0.006481	0.193312	0.006481	0.193312	0.006481	0.980610	0.006481	1.286793	7.520550	
2.000000	3.000000	0.000000	0.000000	0.000000	1.287094	0.000000	0.000000	0.000000	0.000000	0.000000	12.870941	1.736645	2.095790	0.000000	0.000000	0.000000	1.281574	0.056398	0.183742	0.000000	0.000000	0.000000	0.006134	0.189540	0.006134	0.189540	0.006134	0.961000	0.006134	1.287094	7.620686	
2.000000	3.000000	0.000000	0.000000	0.000000	1.287382	0.000000	0.000000	0.000000	0.000000	0.000000	12.873821	1.742156	2.113801	0.000000	0.000000	0.000000	1.282155	0.055111	0.180116	0.000000	0.000000	0.000000	0.005808	0.185838	0.005808	0.185838	0.005808	0.941782	0.005808	1.287382	7.720248	
2.000000	3.000000	0.000000	0.000000	0.000000	1.287658	0.000000	0.000000	0.000000	0.000000	0.000000	12.876580	1.747542	2.131457	0.000000	0.000000	0.000000	1.282705	0.053862	0.176559	0.000000	0.000000	0.000000	0.005503	0.182204	0.005503	0.182204	0.005503	0.922948	0.005503	1.287658	7.820281	
2.000000	3.000000	0.000000	0.000000	0.000000	1.287922	0.000000	0.000000	0.000000	0.000000	0.000000	12.879224	1.752807	2.148764	0.000000	0.000000	0.000000	1.283227	0.052647	0.173070	0.000000	0.000000	0.000000	0.005218	0.178636	0.005218	0.178636	0.005218	0.904490	0.005218	1.287922	7.920333	
2.000000	3.000000	0.000000	0.000000	0.000000	1.288176	0.000000	0.000000	0.000000	0.000000	0.000000	12.881761	1.757953	2.165729	0.000000	0.000000	0.000000	1.283722	0.051467	0.169647	0.000000	0.000000	0.000000	0.004949	0.175135	0.004949	0.175135	0.004949	0.886401	0.004949	1.288176	8.020222	
2.000000	3.000000	0.000000	0.000000	0.000000	1.288420	0.000000	0.000000	0.000000	0.000000	0.000000	12.884195	1.762985	2.182358	0.000000	0.000000	0.000000	1.284191	0.050319	0.166291	0.000000	0.000000	0.000000	0.004698	0.171699	0.004698	0.171699	0.004698	0.868674	0.004698	1.288420	8.120727	
2.000000	3.000000	0.000000	0.000000	0.000000	1.288653	0.000000	0.000000	0.000000	0.000000	0.000000	12.886534	1.767905	2.198658	0.000000	0.000000	0.000000	1.284638	0.049202	0.162998	0.000000	0.000000	0.000000	0.004462	0.168327	0.004462	0.168327	0.004462	0.851302	0.004462	1.288653	8.220283	
2.000000	3.000000	0.000000	0.000000	0.000000	1.288878	0.000000	0.000000	0.000000	0.000000	0.000000	12.888781	1.772717	2.214635	0.000000	0.000000	0.000000	1.285062	0.048115	0.159770	0.000000	0.000000	0.000000	0.004241	0.165018	0.004241	0.165018	0.004241	0.834277	0.004241	1.288878	8.320296	
2.000000	3.000000	0.000000	0.000000	0.000000	1.289094	0.000000	0.000000	0.000000	0.000000	0.000000	12.890943	1.777423	2.230295	0.000000	0.000000	0.000000	1.285465	0.047057	0.156603	0.000000	0.000000	0.000000	0.004033	0.161771	0.004033	0.161771	0.004033	0.817592	0.004033	1.289094	8.420275	
2.000000	3.000000	0.000000	0.000000	0.000000	1.289302	0.000000	0.000000	0.000000	0.000000	0.000000	12.893025	1.782025	2.245645	0.000000	0.000000	0.000000	1.285849	0.046026	0.153498	0.000000	0.000000	0.000000	0.003838	0.158585	0.003838	0.158585	0.003838	0.801241	0.003838	1.289302	8.520245	
2.000000	3.000000	0.000000	0.000000	0.000000	1.289503	0.000000	0.000000	0.000000	0.000000	0.000000	12.895030	1.786527	2.260690	0.000000	0.000000	0.000000	1.286214	0.045022	0.150453	0.000000	0.000000	0.000000	0.003654	0.155460	0.003654	0.155460	0.003654	0.785217	0.003654	1.289503	8.621041	
2.000000	3.000000	0.000000	0.000000	0.000000	1.289696	0.000000	0.000000	0.000000	0.000000	0.000000	12.896963	1.790932	2.275437	0.000000	0.000000	0.000000	1.286562	0.044044	0.147467	0.000000	0.000000	0.000000	0.003482	0.152394	0.003482	0.152394	0.003482	0.769513	0.003482	1.289696	8.720269	
2.000000	3.000000	0.000000	0.000000	0.000000	1.289883	0.000000	0.000000	0.000000	0.000000	0.000000	12.898828	1.795241	2.289891	0.000000	0.000000	0.000000	1.286894	0.043091	0.144539	0.000000	0.000000	0.000000	0.003320	0.149386	0.003320	0.149386	0.003320	0.754123	0.003320	1.289883	8.820265	
2.000000	3.000000	0.000000	0.000000	0.000000	1.290063	0.000000	0.000000	0.000000	0.000000	0.000000	12.900628	1.799457	2.304057	0.000000	0.000000	0.000000	1.287211	0.042162	0.141669	0.000000	0.000000	0.000000	0.003168	0.146435	0.003168	0.146435	0.003168	0.739041	0.003168	1.290063	8.920354	
2.000000	3.000000	0.000000	0.000000	0.000000	1.290237	0.000000	0.000000	0.000000	0.000000	0.000000	12.902369	1.803583	2.317943	0.000000	0.000000	0.000000	1.287514	0.041256	0.138854	0.000000	0.000000	0.000000	0.003026	0.143541	0.003026	0.143541	0.003026	0.724261	0.003026	1.290237	9.020366	
2.000000	3.000000	0.000000	0.000000	0.000000	1.290405	0.000000	0.000000	0.000000	0.000000	0.000000	12.904052	1.807620	2.331552	0.000000	0.000000	0.000000	1.287803	0.040372	0.136095	0.000000	0.000000	0.000000	0.002891	0.140703	0.002891	0.140703	0.002891	0.709776	0.002891	1.290405	9.120539	
2.000000	3.000000	0.000000	0.000000	0.000000	1.290568	0.000000	0.000000	0.000000	0.000000	0.000000	12.905681	1.811571	2.344891	0.000000	0.000000	0.000000	1.288079	0.039509	0.133389	0.000000	0.000000	0.000000	0.002765	0.137918	0.002765	0.137918	0.002765	0.695581	0.002765	1.290568	9.220253	
2.000000	3.000000	0.000000	0.000000	0.000000	1.290726	0.000000	0.000000	0.000000	0.000000	0.000000	12.907260	1.815438	2.357965	0.000000	0.000000	0.000000	1.288344	0.038668	0.130737	0.000000	0.000000	0.000000	0.002647	0.135187	0.002647	0.135187	0.002647	0.681669	0.002647	1.290726	9.320352	
2.000000	3.000000	0.000000	0.000000	0.000000	1.290879	0.000000	0.000000	0.000000	0.000000	0.000000	12.908790	1.819222	2.370779	0.000000	0.000000	0.000000	1.288598	0.037846	0.128136	0.000000	0.000000	0.000000	0.002535	0.132509	0.002535	0.132509	0.002535	0.668036	0.002535	1.290879	9.420482	
2.000000	3.000000	0.000000	0.000000	0.000000	1.291028	0.000000	0.000000	0.000000	0.000000	0.000000	12.910276	1.822927	2.383337	0.000000	0.000000	0.000000	1.288841	0.037045	0.125587	0.000000	0.000000	0.000000	0.002430	0.129883	0.002430	0.129883	0.002430	0.654676	0.002430	1.291028	9.520718	
2.000000	3.000000	0.000000	0.000000	0.000000	1.291172	0.000000	0.000000	0.000000	0.000000	0.000000	12.911718	1.826553	2.395646	0.000000	0.000000	0.000000	1.289074	0.036262	0.123087	0.000000	0.000000	0.000000	0.002331	0.127307	0.002331	0.127307	0.002331	0.641582	0.002331	1.291172	9.620510	
2.000000	3.000000	0.000000	0.000000	0.000000	1.291312	0.000000	0.000000	0.000000	0.000000	0.000000	12.913121	1.830103	2.407710	0.000000	0.000000	0.000000	1.289298	0.035497	0.120637	0.000000	0.000000	0.000000	0.002238	0.124781	0.002238	0.124781	0.002238	0.628751	0.002238	1.291312	9.720345	
2.000000	3.000000	0.000000	0.000000	0.000000	1.291449	0.000000	0.000000	0.000000	0.000000	0.000000	12.914486	1.833578	2.419533	0.000000	0.000000	0.000000	1.289513	0.034751	0.118235	0.000000	0.000000	0.000000	0.002151	0.122304	0.002151	0.122304	0.002151	0.616176	0.002151	1.291449	9.820321	
2.000000	3.000000	0.000000	0.000000	0.000000	1.291582	0.000000	0.000000	0.000000	0.000000	0.000000	12.915816	1.836980	2.431121	0.000000	0.000000	0.000000	1.289720	0.034021	0.115880	0.000000	0.000000	0.000000	0.002069	0.119874	0.002069	0.119874	0.002069	0.603853	0.002069	1.291582	9.920696	
2.000000	3.000000	0.000000	0.000000	0.000000	1.291711	0.000000	0.000000	0.000000	0.000000	0.000000	12.917112	1.840311	2.442478	0.000000	0.000000	0.000000	1.289919	0.033309	0.113572	0.000000	0.000000	0.000000	0.001992	0.117493	0.001992	0.117493	0.001992	0.591776	0.001992	1.291711	10.020331	
2.000000	3.000000	0.000000	0.000000	0.000000	1.291838	0.000000	0.000000	0.000000	0.000000	0.000000	12.918377	1.843572	2.453609	0.000000	0.000000	0.000000	1.290111	0.032613	0.111310	0.000000	0.000000	0.000000	0.001919	0.115157	0.001919	0.115157	0.001919	0.579941	0.001919	1.291838	10.120713	
2.000000	3.000000	0.000000	0.000000	0.000000	1.291961	0.000000	0.000000	0.000000	0.000000	0.000000	12.919613	1.846765	2.464519	0.000000	0.000000	0.000000	1.290296	0.031932	0.109092	0.000000	0.000000	0.000000	0.001851	0.112867	0.001851	0.112867	0.001851	0.568342	0.001851	1.291961	10.220295	
2.000000	3.000000	0.000000	0.000000	0.000000	1.292082	0.000000	0.000000	0.000000	0.000000	0.000000	12.920821	1.849892	2.475210	0.000000	0.000000	0.000000	1.290474	0.031267	0.106918	0.000000	0.000000	0.000000	0.001786	0.110621	0.001786	0.110621	0.001786	0.556975	0.001786	1.292082	10.320306	
2.000000	3.000000	0.000000	0.000000	0.000000	1.292200	0.000000	0.000000	0.000000	0.000000	0.000000	12.922004	1.852954	2.485689	0.000000	0.000000	0.000000	1.290647	0.030617	0.104786	0.000000	0.000000	0.000000	0.001726	0.108420	0.001726	0.108420	0.001726	0.545836	0.001726	1.292200	10.420389	
2.000000	3.000000	0.000000	0.000000	0.000000	1.292316	0.000000	0.000000	0.000000	0.000000	0.000000	12.923163	1.855952	2.495959	0.000000	0.000000	0.000000	1.290814	0.029982	0.102697	0.000000	0.000000	0.000000	0.001669	0.106261	0.001669	0.106261	0.001669	0.534919	0.001669	1.292316	10.520422	
2.000000	3.000000	0.000000	0.000000	0.000000	1.292430	0.000000	0.000000	0.000000	0.000000	0.000000	12.924299	1.858888	2.506024	0.000000	0.000000	0.000000	1.290975	0.029361	0.100650	0.000000	0.000000	0.000000	0.001616	0.104144	0.001616	0.104144	0.001616	0.524221	0.001616	1.292430	10.620580	
2.000000	3.000000	0.000000	0.000000	0.000000	1.292542	0.000000	0.000000	0.000000	0.000000	0.000000	12.925416	1.861763	2.515888	0.000000	0.000000	0.000000	1.291132	0.028753	0.098643	0.000000	0.000000	0.000000	0.001566	0.102069	0.001566	0.102069	0.001566	0.513737	0.001566	1.292542	10.720348	
2.000000	3.000000	0.000000	0.000000	0.000000	1.292651	0.000000	0.000000	0.000000	0.000000	0.000000	12.926513	1.864579	2.525555	0.000000	0.000000	0.000000	1.291284	0.028159	0.096675	0.000000	0.000000	0.000000	0.001519	0.100034	0.001519	0.100034	0.001519	0.503462	0.001519	1.292651	10.820319	
2.000000	3.000000	0.000000	0.000000	0.000000	1.292759	0.000000	0.000000	0.000000	0.000000	0.000000	12.927593	1.867337	2.535030	0.000000	0.000000	0.000000	1.291432	0.027579	0.094747	0.000000	0.000000	0.000000	0.001475	0.098040	0.001475	0.098040	0.001475	0.493393	0.001475	1.292759	10.920549	
2.000000	3.000000	0.000000	0.000000	0.000000	1.292866	0.000000	0.000000	0.000000	0.000000	0.000000	12.928657	1.870038	2.544316	0.000000	0.000000	0.000000	1.291575	0.027011	0.092857	0.000000	0.000000	0.000000	0.001434	0.096084	0.001434	0.096084	0.001434	0.483525	0.001434	1.292866	11.020343	
2.000000	3.000000	0.000000	0.000000	0.000000	1.292971	0.000000	0.000000	0.000000	0.000000	0.000000	12.929706	1.872684	2.553416	0.000000	0.000000	0.000000	1.291715	0.026455	0.091004	0.000000	0.000000	0.000000	0.001396	0.094166	0.001396	0.094166	0.001396	0.473855	0.001396	1.292971	11.120369	
2.000000	3.000000	0.000000	0.000000	0.000000	1.293074	0.000000	0.000000	0.000000	0.000000	0.000000	12.930742	1.875275	2.562335	0.000000	0.000000	0.000000	1.291850	0.025911	0.089188	0.000000	0.000000	0.000000	0.001360	0.092287	0.001360	0.092287	0.001360	0.464378	0.001360	1.293074	11.220372	
2.000000	3.000000	0.000000	0.000000	0.000000	1.293177	0.000000	0.000000	0.000000	0.000000	0.000000	12.931767	1.877813	2.571076	0.000000	0.000000	0.000000	1.291983	0.025380	0.087408	0.000000	0.000000	0.000000	0.001326	0.090444	0.001326	0.090444	0.001326	0.455090	0.001326	1.293177	11.320340	
2.000000	3.000000	0.000000	0.000000	0.000000	1.293278	0.000000	0.000000	0.000000	0.000000	0.000000	12.932781	1.880299	2.579642	0.000000	0.000000	0.000000	1.292113	0.024860	0.085664	0.000000	0.000000	0.000000	0.001295	0.088637	0.001295	0.088637	0.001295	0.445988	0.001295	1.293278	11.420374	
2.000000	3.000000	0.000000	0.000000	0.000000	1.293379	0.000000	0.000000	0.000000	0.000000	0.000000	12.933786	1.882734	2.588038	0.000000	0.000000	0.000000	1.292239	0.024351	0.083954	0.000000	0.000000	0.000000	0.001266	0.086865	0.001266	0.086865	0.001266	0.437069	0.001266	1.293379	11.520438	
2.000000	3.000000	0.000000	0.000000	0.000000	1.293478	0.000000	0.000000	0.000000	0.000000	0.000000	12.934783	1.885119	2.596266	0.000000	0.000000	0.000000	1.292363	0.023853	0.082278	0.000000	0.000000	0.000000	0.001239	0.085129	0.001239	0.085129	0.001239	0.428327	0.001239	1.293478	11.620392	
2.000000	3.000000	0.000000	0.000000	0.000000	1.293577	0.000000	0.000000	0.000000	0.000000	0.000000	12.935774	1.887456	2.604329	0.000000	0.000000	0.000000	1.292485	0.023366	0.080635	0.000000	0.000000	0.000000	0.001214	0.083426	0.001214	0.083426	0.001214	0.419761	0.001214	1.293577	11.720410	
2.000000	3.000000	0.000000	0.000000	0.000000	1.293676	0.000000	0.000000	0.000000	0.000000	0.000000	12.936760	1.889745	2.612232	0.000000	0.000000	0.000000	1.292604	0.022890	0.079025	0.000000	0.000000	0.000000	0.001191	0.081757	0.001191	0.081757	0.001191	0.411366	0.001191	1.293676	11.820359	
2.000000	3.000000	0.000000	0.000000	0.000000	1.293774	0.000000	0.000000	0.000000	0.000000	0.000000	12.937742	1.891987	2.619976	0.000000	0.000000	0.000000	1.292721	0.022423	0.077447	0.000000	0.000000	0.000000	0.001170	0.080121	0.001170	0.080121	0.001170	0.403138	0.001170	1.293774	11.920408	
2.000000	3.000000	0.000000	0.000000	0.000000	1.293872	0.000000	0.000000	0.000000	0.000000	0.000000	12.938721	1.894184	2.627566	0.000000	0.000000	0.000000	1.292836	0.021967	0.075901	0.000000	0.000000	0.000000	0.001151	0.078517	0.001151	0.078517	0.001151	0.395076	0.001151	1.293872	12.020366	
2.000000	3.000000	0.000000	0.000000	0.000000	1.293970	0.000000	0.000000	0.000000	0.000000	0.000000	12.939700	1.896336	2.635005	0.000000	0.000000	0.000000	1.292949	0.021520	0.074385	0.000000	0.000000	0.000000	0.001134	0.076944	0.001134	0.076944	0.001134	0.387174	0.001134	1.293970	12.120378	
2.000000	3.000000	0.000000	0.000000	0.000000	1.294068	0.000000	0.000000	0.000000	0.000000	0.000000	12.940678	1.898444	2.642295	0.000000	0.000000	0.000000	1.293061	0.021083	0.072899	0.000000	0.000000	0.000000	0.001119	0.075402	0.001119	0.075402	0.001119	0.379431	0.001119	1.294068	12.220401	
2.000000	3.000000	0.000000	0.000000	0.000000	1.294166	0.000000	0.000000	0.000000	0.000000	0.000000	12.941659	1.900510	2.649439	0.000000	0.000000	0.000000	1.293172	0.020656	0.071443	0.000000	0.000000	0.000000	0.001105	0.073890	0.001105	0.073890	0.001105	0.371842	0.001105	1.294166	12.320364	
2.000000	3.000000	0.000000	0.000000	0.000000	1.294264	0.000000	0.000000	0.000000	0.000000	0.000000	12.942642	1.902533	2.656441	0.000000	0.000000	0.000000	1.293281	0.020237	0.070015	0.000000	0.000000	0.000000	0.001093	0.072408	0.001093	0.072408	0.001093	0.364405	0.001093	1.294264	12.420413	
2.000000	3.000000	0.000000	0.000000	0.000000	1.294363	0.000000	0.000000	0.000000	0.000000	0.000000	12.943630	1.904516	2.663302	0.000000	0.000000	0.000000	1.293389	0.019828	0.068617	0.000000	0.000000	0.000000	0.001082	0.070955	0.001082	0.070955	0.001082	0.357117	0.001082	1.294363	12.520431	
2.000000	3.000000	0.000000	0.000000	0.000000	1.294462	0.000000	0.000000	0.000000	0.000000	0.000000	12.944624	1.906459	2.670027	0.000000	0.000000	0.000000	1.293496	0.019427	0.067245	0.000000	0.000000	0.000000	0.001073	0.069530	0.001073	0.069530	0.001073	0.349975	0.001073	1.294462	12.620393	
2.000000	3.000000	0.000000	0.000000	0.000000	1.294562	0.000000	0.000000	0.000000	0.000000	0.000000	12.945625	1.908362	2.676617	0.000000	0.000000	0.000000	1.293603	0.019035	0.065902	0.000000	0.000000	0.000000	0.001066	0.068133	0.001066	0.068133	0.001066	0.342976	0.001066	1.294562	12.720422	
2.000000	3.000000	0.000000	0.000000	0.000000	1.294664	0.000000	0.000000	0.000000	0.000000	0.000000	12.946635	1.910227	2.683075	0.000000	0.000000	0.000000	1.293709	0.018651	0.064585	0.000000	0.000000	0.000000	0.001061	0.066764	0.001061	0.066764	0.001061	0.336116	0.001061	1.294664	12.820415	
2.000000	3.000000	0.000000	0.000000	0.000000	1.294766	0.000000	0.000000	0.000000	0.000000	0.000000	12.947657	1.912055	2.689405	0.000000	0.000000	0.000000	1.293815	0.018276	0.063294	0.000000	0.000000	0.000000	0.001057	0.065421	0.001057	0.065421	0.001057	0.329394	0.001057	1.294766	12.920421	
2.000000	3.000000	0.000000	0.000000	0.000000	1.294869	0.000000	0.000000	0.000000	0.000000	0.000000	12.948691	1.913846	2.695608	0.000000	0.000000	0.000000	1.293920	0.017908	0.062028	0.000000	0.000000	0.000000	0.001054	0.064105	0.001054	0.064105	0.001054	0.322806	0.001054	1.294869	13.020441	
2.000000	3.000000	0.000000	0.000000	0.000000	1.294974	0.000000	0.000000	0.000000	0.000000	0.000000	12.949739	1.915601	2.701686	0.000000	0.000000	0.000000	1.294026	0.017548	0.060788	0.000000	0.000000	0.000000	0.001054	0.062814	0.001054	0.062814	0.001054	0.316350	0.001054	1.294974	13.120404	
2.000000	3.000000	0.000000	0.000000	0.000000	1.295080	0.000000	0.000000	0.000000	0.000000	0.000000	12.950804	1.917320	2.707644	0.000000	0.000000	0.000000	1.294131	0.017196	0.059573	0.000000	0.000000	0.000000	0.001055	0.061548	0.001055	0.061548	0.001055	0.310023	0.001055	1.295080	13.220397	
2.000000	3.000000	0.000000	0.000000	0.000000	1.295189	0.000000	0.000000	0.000000	0.000000	0.000000	12.951887	1.919005	2.713482	0.000000	0.000000	0.000000	1.294237	0.016852	0.058381	0.000000	0.000000	0.000000	0.001058	0.060306	0.001058	0.060306	0.001058	0.303822	0.001058	1.295189	13.320428	
2.000000	3.000000	0.000000	0.000000	0.000000	1.295299	0.000000	0.000000	0.000000	0.000000	0.000000	12.952991	1.920657	2.719203	0.000000	0.000000	0.000000	1.294343	0.016515	0.057214	0.000000	0.000000	0.000000	0.001062	0.059089	0.001062	0.059089	0.001062	0.297746	0.001062	1.295299	13.420435	
2.000000	3.000000	0.000000	0.000000	0.000000	1.295412	0.000000	0.000000	0.000000	0.000000	0.000000	12.954118	1.922276	2.724810	0.000000	0.000000	0.000000	1.294450	0.016186	0.056069	0.000000	0.000000	0.000000	0.001069	0.057895	0.001069	0.057895	0.001069	0.291791	0.001069	1.295412	13.520471	
2.000000	3.000000	0.000000	0.000000	0.000000	1.295527	0.000000	0.000000	0.000000	0.000000	0.000000	12.955271	1.923862	2.730305	0.000000	0.000000	0.000000	1.294558	0.015863	0.054948	0.000000	0.000000	0.000000	0.001077	0.056725	0.001077	0.056725	0.001077	0.285955	0.001077	1.295527	13.620443	
2.000000	3.000000	0.000000	0.000000	0.000000	1.295645	0.000000	0.000000	0.000000	0.000000	0.000000	12.956451	1.925417	2.735690	0.000000	0.000000	0.000000	1.294666	0.015548	0.053848	0.000000	0.000000	0.000000	0.001088	0.055576	0.001088	0.055576	0.001088	0.280236	0.001088	1.295645	13.720451	
2.000000	3.000000	0.000000	0.000000	0.000000	1.295766	0.000000	0.000000	0.000000	0.000000	0.000000	12.957663	1.926941	2.740967	0.000000	0.000000	0.000000	1.294776	0.015239	0.052771	0.000000	0.000000	0.000000	0.001100	0.054450	0.001100	0.054450	0.001100	0.274632	0.001100	1.295766	13.820483	
2.000000	3.000000	0.000000	0.000000	0.000000	1.295891	0.000000	0.000000	0.000000	0.000000	0.000000	12.958910	1.928434	2.746138	0.000000	0.000000	0.000000	1.294888	0.014938	0.051714	0.000000	0.000000	0.000000	0.001115	0.053345	0.001115	0.053345	0.001115	0.269139	0.001115	1.295891	13.920450	
2.000000	3.000000	0.000000	0.000000	0.000000	1.296019	0.000000	0.000000	0.000000	0.000000	0.000000	12.960194	1.929899	2.751206	0.000000	0.000000	0.000000	1.295001	0.014643	0.050679	0.000000	0.000000	0.000000	0.001132	0.052261	0.001132	0.052261	0.001132	0.263756	0.001132	1.296019	14.020485	
2.000000	3.000000	0.000000	0.000000	0.000000	1.296152	0.000000	0.000000	0.000000	0.000000	0.000000	12.961519	1.931334	2.756173	0.000000	0.000000	0.000000	1.295116	0.014354	0.049664	0.000000	0.000000	0.000000	0.001151	0.051198	0.001151	0.051198	0.001151	0.258481	0.001151	1.296152	14.120478	
2.000000	3.000000	0.000000	0.000000	0.000000	1.296289	0.000000	0.000000	0.000000	0.000000	0.000000	12.962890	1.932741	2.761040	0.000000	0.000000	0.000000	1.295233	0.014073	0.048669	0.000000	0.000000	0.000000	0.001173	0.050154	0.001173	0.050154	0.001173	0.253312	0.001173	1.296289	14.220448	
2.000000	3.000000	0.000000	0.000000	0.000000	1.296431	0.000000	0.000000	0.000000	0.000000	0.000000	12.964310	1.934121	2.765809	0.000000	0.000000	0.000000	1.295353	0.013797	0.047694	0.000000	0.000000	0.000000	0.001198	0.049130	0.001198	0.049130	0.001198	0.248245	0.001198	1.296431	14.320508	
2.000000	3.000000	0.000000	0.000000	0.000000	1.296579	0.000000	0.000000	0.000000	0.000000	0.000000	12.965785	1.935474	2.770483	0.000000	0.000000	0.000000	1.295476	0.013528	0.046739	0.000000	0.000000	0.000000	0.001225	0.048125	0.001225	0.048125	0.001225	0.243281	0.001225	1.296579	14.420453	
2.000000	3.000000	0.000000	0.000000	0.000000	1.296732	0.000000	0.000000	0.000000	0.000000	0.000000	12.967320	1.936800	2.775063	0.000000	0.000000	0.000000	1.295601	0.013265	0.045802	0.000000	0.000000	0.000000	0.001256	0.047139	0.001256	0.047139	0.001256	0.238415	0.001256	1.296732	14.520456	
2.000000	3.000000	0.000000	0.000000	0.000000	1.296892	0.000000	0.000000	0.000000	0.000000	0.000000	12.968921	1.938101	2.779551	0.000000	0.000000	0.000000	1.295730	0.013009	0.044883	0.000000	0.000000	0.000000	0.001291	0.046170	0.001291	0.046170	0.001291	0.233647	0.001291	1.296892	14.620496	
2.000000	3.000000	0.000000	0.000000	0.000000	1.297059	0.000000	0.000000	0.000000	0.000000	0.000000	12.970594	1.939377	2.783950	0.000000	0.000000	0.000000	1.295863	0.012758	0.043983	0.000000	0.000000	0.000000	0.001329	0.045219	0.001329	0.045219	0.001329	0.228974	0.001329	1.297059	14.720475	
2.000000	3.000000	0.000000	0.000000	0.000000	1.297235	0.000000	0.000000	0.000000	0.000000	0.000000	12.972346	1.940628	2.788260	0.000000	0.000000	0.000000	1.296000	0.012514	0.043100	0.000000	0.000000	0.000000	0.001371	0.044285	0.001371	0.044285	0.001371	0.224394	0.001371	1.297235	14.820496	
2.000000	3.000000	0.000000	0.000000	0.000000	1.297418	0.000000	0.000000	0.000000	0.000000	0.000000	12.974184	1.941856	2.792483	0.000000	0.000000	0.000000	1.296142	0.012276	0.042235	0.000000	0.000000	0.000000	0.001418	0.043367	0.001418	0.043367	0.001418	0.219907	0.001418	1.297418	14.920464	
2.000000	3.000000	0.000000	0.000000	0.000000	1.297612	0.000000	0.000000	0.000000	0.000000	0.000000	12.976119	1.943060	2.796622	0.000000	0.000000	0.000000	1.296289	0.012043	0.041387	0.000000	0.000000	0.000000	0.001470	0.042465	0.001470	0.042465	0.001470	0.215509	0.001470	1.297612	15.020465	
2.000000	3.000000	0.000000	0.000000	0.000000	1.297816	0.000000	0.000000	0.000000	0.000000	0.000000	12.978158	1.944242	2.800677	0.000000	0.000000	0.000000	1.296442	0.011817	0.040555	0.000000	0.000000	0.000000	0.001527	0.041579	0.001527	0.041579	0.001527	0.211198	0.001527	1.297816	15.120537	
2.000000	3.000000	0.000000	0.000000	0.000000	1.298031	0.000000	0.000000	0.000000	0.000000	0.000000	12.980314	1.945402	2.804651	0.000000	0.000000	0.000000	1.296601	0.011597	0.039739	0.000000	0.000000	0.000000	0.001590	0.040707	0.001590	0.040707	0.001590	0.206975	0.001590	1.298031	15.220520	
2.000000	3.000000	0.000000	0.000000	0.000000	1.298260	0.000000	0.000000	0.000000	0.000000	0.000000	12.982598	1.946540	2.808545	0.000000	0.000000	0.000000	1.296767	0.011384	0.038939	0.000000	0.000000	0.000000	0.001659	0.039849	0.001659	0.039849	0.001659	0.202835	0.001659	1.298260	15.320607	
2.000000	3.000000	0.000000	0.000000	0.000000	1.298502	0.000000	0.000000	0.000000	0.000000	0.000000	12.985023	1.947658	2.812361	0.000000	0.000000	0.000000	1.296940	0.011176	0.038155	0.000000	0.000000	0.000000	0.001736	0.039004	0.001736	0.039004	0.001736	0.198779	0.001736	1.298502	15.420815	
2.000000	3.000000	0.000000	0.000000	0.000000	1.298760	0.000000	0.000000	0.000000	0.000000	0.000000	12.987604	1.948755	2.816099	0.000000	0.000000	0.000000	1.297122	0.010975	0.037386	0.000000	0.000000	0.000000	0.001820	0.038172	0.001820	0.038172	0.001820	0.194803	0.001820	1.298760	15.520482	
2.000000	3.000000	0.000000	0.000000	0.000000	1.299036	0.000000	0.000000	0.000000	0.000000	0.000000	12.990359	1.949833	2.819762	0.000000	0.000000	0.000000	1.297314	0.010780	0.036631	0.000000	0.000000	0.000000	0.001914	0.037353	0.001914	0.037353	0.001914	0.190907	0.001914	1.299036	15.620517	
2.000000	3.000000	0.000000	0.000000	0.000000	1.299331	0.000000	0.000000	0.000000	0.000000	0.000000	12.993307	1.950892	2.823351	0.000000	0.000000	0.000000	1.297515	0.010592	0.035891	0.000000	0.000000	0.000000	0.002017	0.036544	0.002017	0.036544	0.002017	0.187089	0.002017	1.299331	15.720512	
2.000000	3.000000	0.000000	0.000000	0.000000	1.299647	0.000000	0.000000	0.000000	0.000000	0.000000	12.996469	1.951933	2.826868	0.000000	0.000000	0.000000	1.297728	0.010410	0.035165	0.000000	0.000000	0.000000	0.002132	0.035746	0.002132	0.035746	0.002132	0.183347	0.002132	1.299647	15.820666	
2.000000	3.000000	0.000000	0.000000	0.000000	1.299987	0.000000	0.000000	0.000000	0.000000	0.000000	12.999869	1.952957	2.830313	0.000000	0.000000	0.000000	1.297954	0.010235	0.034452	0.000000	0.000000	0.000000	0.002258	0.034958	0.002258	0.034958	0.002258	0.179681	0.002258	1.299987	15.920502	
2.000000	3.000000	0.000000	0.000000	0.000000	1.300354	0.000000	0.000000	0.000000	0.000000	0.000000	13.003537	1.953964	2.833688	0.000000	0.000000	0.000000	1.298194	0.010068	0.033753	0.000000	0.000000	0.000000	0.002399	0.034178	0.002399	0.034178	0.002399	0.176087	0.002399	1.300354	16.020539	
2.000000	3.000000	0.000000	0.000000	0.000000	1.300750	0.000000	0.000000	0.000000	0.000000	0.000000	13.007502	1.954954	2.836995	0.000000	0.000000	0.000000	1.298450	0.009908	0.033067	0.000000	0.000000	0.000000	0.002556	0.033406	0.002556	0.033406	0.002556	0.172566	0.002556	1.300750	16.120543	
2.000000	3.000000	0.000000	0.000000	0.000000	1.301180	0.000000	0.000000	0.000000	0.000000	0.000000	13.011802	1.955930	2.840234	0.000000	0.000000	0.000000	1.298723	0.009755	0.032393	0.000000	0.000000	0.000000	0.002730	0.032640	0.002730	0.032640	0.002730	0.169114	0.002730	1.301180	16.220568	
2.000000	3.000000	0.000000	0.000000	0.000000	1.301648	0.000000	0.000000	0.000000	0.000000	0.000000	13.016478	1.956891	2.843407	0.000000	0.000000	0.000000	1.299015	0.009612	0.031731	0.000000	0.000000	0.000000	0.002925	0.031880	0.002925	0.031880	0.002925	0.165732	0.002925	1.301648	16.320560	
2.000000	3.000000	0.000000	0.000000	0.000000	1.302158	0.000000	0.000000	0.000000	0.000000	0.000000	13.021577	1.957839	2.846515	0.000000	0.000000	0.000000	1.299330	0.009477	0.031080	0.000000	0.000000	0.000000	0.003142	0.031123	0.003142	0.031123	0.003142	0.162418	0.003142	1.302158	16.420563	
2.000000	3.000000	0.000000	0.000000	0.000000	1.302715	0.000000	0.000000	0.000000	0.000000	0.000000	13.027154	1.958774	2.849560	0.000000	0.000000	0.000000	1.299668	0.009352	0.030441	0.000000	0.000000	0.000000	0.003386	0.030368	0.003386	0.030368	0.003386	0.159170	0.003386	1.302715	16.520509	
2.000000	3.000000	0.000000	0.000000	0.000000	1.303327	0.000000	0.000000	0.000000	0.000000	0.000000	13.033272	1.959698	2.852541	0.000000	0.000000	0.000000	1.300034	0.009237	0.029813	0.000000	0.000000	0.000000	0.003659	0.029613	0.003659	0.029613	0.003659	0.155987	0.003659	1.303327	16.620509	
2.000000	3.000000	0.000000	0.000000	0.000000	1.304000	0.000000	0.000000	0.000000	0.000000	0.000000	13.040002	1.960611	2.855460	0.000000	0.000000	0.000000	1.300431	0.009133	0.029194	0.000000	0.000000	0.000000	0.003966	0.028856	0.003966	0.028856	0.003966	0.152868	0.003966	1.304000	16.720544	
2.000000	3.000000	0.000000	0.000000	0.000000	1.304743	0.000000	0.000000	0.000000	0.000000	0.000000	13.047430	1.961515	2.858319	0.000000	0.000000	0.000000	1.300862	0.009041	0.028586	0.000000	0.000000	0.000000	0.004312	0.028095	0.004312	0.028095	0.004312	0.149811	0.004312	1.304743	16.820510	
2.000000	3.000000	0.000000	0.000000	0.000000	1.305565	0.000000	0.000000	0.000000	0.000000	0.000000	13.055653	1.962411	2.861117	0.000000	0.000000	0.000000	1.301332	0.008963	0.027986	0.000000	0.000000	0.000000	0.004703	0.027326	0.004703	0.027326	0.004703	0.146815	0.004703	1.305565	16.920549	
2.000000	3.000000	0.000000	0.000000	0.000000	1.306479	0.000000	0.000000	0.000000	0.000000	0.000000	13.064785	1.963301	2.863857	0.000000	0.000000	0.000000	1.301847	0.008901	0.027395	0.000000	0.000000	0.000000	0.005146	0.026547	0.005146	0.026547	0.005146	0.143879	0.005146	1.306479	17.020563	
2.000000	3.000000	0.000000	0.000000	0.000000	1.307496	0.000000	0.000000	0.000000	0.000000	0.000000	13.074959	1.964187	2.866538	0.000000	0.000000	0.000000	1.302412	0.008855	0.026811	0.000000	0.000000	0.000000	0.005649	0.025754	0.005649	0.025754	0.005649	0.141003	0.005649	1.307496	17.120543	
2.000000	3.000000	0.000000	0.000000	0.000000	1.308633	0.000000	0.000000	0.000000	0.000000	0.000000	13.086332	1.965070	2.869161	0.000000	0.000000	0.000000	1.303034	0.008828	0.026234	0.000000	0.000000	0.000000	0.006221	0.024942	0.006221	0.024942	0.006221	0.138184	0.006221	1.308633	17.220525	
2.000000	3.000000	0.000000	0.000000	0.000000	1.309909	0.000000	0.000000	0.000000	0.000000	0.000000	13.099087	1.965952	2.871728	0.000000	0.000000	0.000000	1.303721	0.008823	0.025664	0.000000	0.000000	0.000000	0.006875	0.024107	0.006875	0.024107	0.006875	0.135421	0.006875	1.309909	17.320528	
2.000000	3.000000	0.000000	0.000000	0.000000	1.311344	0.000000	0.000000	0.000000	0.000000	0.000000	13.113440	1.966836	2.874238	0.000000	0.000000	0.000000	1.304484	0.008843	0.025098	0.000000	0.000000	0.000000	0.007623	0.023241	0.007623	0.023241	0.007623	0.132714	0.007623	1.311344	17.420581	
2.000000	3.000000	0.000000	0.000000	0.000000	1.312965	0.000000	0.000000	0.000000	0.000000	0.000000	13.129647	1.967725	2.876691	0.000000	0.000000	0.000000	1.305332	0.008891	0.024536	0.000000	0.000000	0.000000	0.008481	0.022339	0.008481	0.022339	0.008481	0.130062	0.008481	1.312965	17.520694	
2.000000	3.000000	0.000000	0.000000	0.000000	1.314801	0.000000	0.000000	0.000000	0.000000	0.000000	13.148012	1.968623	2.879089	0.000000	0.000000	0.000000	1.306279	0.008972	0.023977	0.000000	0.000000	0.000000	0.009469	0.021391	0.009469	0.021391	0.009469	0.127463	0.009469	1.314801	17.620577	
2.000000	3.000000	0.000000	0.000000	0.000000	1.316889	0.000000	0.000000	0.000000	0.000000	0.000000	13.168894	1.969532	2.881431	0.000000	0.000000	0.000000	1.307340	0.009092	0.023419	0.000000	0.000000	0.000000	0.010611	0.020387	0.010611	0.020387	0.010611	0.124916	0.010611	1.316889	17.720569	
2.000000	3.000000	0.000000	0.000000	0.000000	1.319273	0.000000	0.000000	0.000000	0.000000	0.000000	13.192727	1.970457	2.883717	0.000000	0.000000	0.000000	1.308533	0.009256	0.022861	0.000000	0.000000	0.000000	0.011933	0.019315	0.011933	0.019315	0.011933	0.122421	0.011933	1.319273	17.820555	
2.000000	3.000000	0.000000	0.000000	0.000000	1.322003	0.000000	0.000000	0.000000	0.000000	0.000000	13.220025	1.971405	2.885947	0.000000	0.000000	0.000000	1.309880	0.009473	0.022300	0.000000	0.000000	0.000000	0.013469	0.018161	0.013469	0.018161	0.013469	0.119977	0.013469	1.322003	17.920554	
2.000000	3.000000	0.000000	0.000000	0.000000	1.325141	0.000000	0.000000	0.000000	0.000000	0.000000	13.251409	1.972380	2.888120	0.000000	0.000000	0.000000	1.311406	0.009752	0.021734	0.000000	0.000000	0.000000	0.015261	0.016906	0.015261	0.016906	0.015261	0.117583	0.015261	1.325141	18.026113	
2.000000	3.000000	0.000000	0.000000	0.000000	1.328763	0.000000	0.000000	0.000000	0.000000	0.000000	13.287626	1.973390	2.890236	0.000000	0.000000	0.000000	1.313142	0.010105	0.021160	0.000000	0.000000	0.000000	0.017357	0.015529	0.017357	0.015529	0.017357	0.115239	0.017357	1.328763	18.126163	
2.000000	3.000000	0.000000	0.000000	0.000000	1.332958	0.000000	0.000000	0.000000	0.000000	0.000000	13.329581	1.974445	2.892294	0.000000	0.000000	0.000000	1.315123	0.010545	0.020576	0.000000	0.000000	0.000000	0.019816	0.014003	0.019816	0.014003	0.019816	0.112943	0.019816	1.332958	18.226112	
2.000000	3.000000	0.000000	0.000000	0.000000	1.337837	0.000000	0.000000	0.000000	0.000000	0.000000	13.378368	1.975554	2.894292	0.000000	0.000000	0.000000	1.317395	0.011091	0.019978	0.000000	0.000000	0.000000	0.022713	0.012298	0.022713	0.012298	0.022713	0.110696	0.022713	1.337837	18.326207	
2.000000	3.000000	0.000000	0.000000	0.000000	1.343532	0.000000	0.000000	0.000000	0.000000	0.000000	13.435324	1.976730	2.896228	0.000000	0.000000	0.000000	1.320009	0.011764	0.019361	0.000000	0.000000	0.000000	0.026138	0.010374	0.026138	0.010374	0.026138	0.108498	0.026138	1.343532	18.426112	
2.000000	3.000000	0.000000	0.000000	0.000000	1.350208	0.000000	0.000000	0.000000	0.000000	0.000000	13.502078	1.977989	2.898100	0.000000	0.000000	0.000000	1.323028	0.012590	0.018721	0.000000	0.000000	0.000000	0.030199	0.008183	0.030199	0.008183	0.030199	0.106349	0.030199	1.350208	18.526194	
2.000000	3.000000	0.000000	0.000000	0.000000	1.358062	0.000000	0.000000	0.000000	0.000000	0.000000	13.580623	1.979349	2.899905	0.000000	0.000000	0.000000	1.326532	0.013601	0.018053	0.000000	0.000000	0.000000	0.035034	0.005667	0.035034	0.005667	0.035034	0.104250	0.035034	1.358062	18.626165	
2.000000	3.000000	0.000000	0.000000	0.000000	1.367341	0.000000	0.000000	0.000000	0.000000	0.000000	13.673411	1.980833	2.901640	0.000000	0.000000	0.000000	1.330613	0.014839	0.017350	0.000000	0.000000	0.000000	0.040809	0.002753	0.040809	0.002753	0.040809	0.102203	0.040809	1.367341	18.726360	
2.000000	3.000000	0.000000	0.000000	0.000000	1.378345	0.000000	0.000000	0.000000	0.000000	0.000000	13.783453	1.982469	2.903301	0.000000	0.000000	0.000000	1.335386	0.016353	0.016606	0.000000	0.000000	0.000000	0.047733	-0.000650	0.047733	-0.000650	0.047733	0.100210	0.047733	1.378345	18.826173	
2.000000	3.000000	0.000000	0.000000	0.000000	1.391446	0.000000	0.000000	0.000000	0.000000	0.000000	13.914463	1.984289	2.904882	0.000000	0.000000	0.000000	1.340992	0.018206	0.015814	0.000000	0.000000	0.000000	0.056060	-0.004651	0.056060	-0.004651	0.056060	0.098275	0.056060	1.391446	18.926160	
