2.000000	3.000000	0.000000	0.000000	0.000000	0.982794	0.000000	0.000000	0.000000	0.000000	0.000000	9.827937	0.040000	-0.049140	0.000000	0.000000	0.000000	0.098279	0.400000	-0.491397	0.000000	0.000000	0.000000	0.982794	0.400000	0.982794	0.400000	0.982794	3.605551	0.982794	0.982794	0.117144	
2.000000	3.000000	0.000000	0.000000	0.000000	0.999496	0.000000	0.000000	0.000000	0.000000	0.000000	9.994963	0.089178	-0.089352	0.000000	0.000000	0.000000	0.188401	0.491775	-0.402121	0.000000	0.000000	0.000000	0.901217	0.405731	0.901217	0.405731	0.901217	3.624756	0.901217	0.999496	0.820021	
2.000000	3.000000	0.000000	0.000000	0.000000	1.016871	0.000000	0.000000	0.000000	0.000000	0.000000	10.168712	0.145042	-0.120124	0.000000	0.000000	0.000000	0.271248	0.558640	-0.307723	0.000000	0.000000	0.000000	0.828470	0.413541	0.828470	0.413541	0.828470	3.632539	0.828470	1.016871	0.920277	
2.000000	3.000000	0.000000	0.000000	0.000000	1.034420	0.000000	0.000000	0.000000	0.000000	0.000000	10.344202	0.205436	-0.141487	0.000000	0.000000	0.000000	0.347565	0.603945	-0.213628	0.000000	0.000000	0.000000	0.763172	0.422385	0.763172	0.422385	0.763172	3.629882	0.763172	1.034420	1.020512	
2.000000	3.000000	0.000000	0.000000	0.000000	1.051787	0.000000	0.000000	0.000000	0.000000	0.000000	10.517873	0.268560	-0.153830	0.000000	0.000000	0.000000	0.417987	0.631242	-0.123430	0.000000	0.000000	0.000000	0.704222	0.431523	0.704222	0.431523	0.704222	3.617928	0.704222	1.051787	1.123971	
2.000000	3.000000	0.000000	0.000000	0.000000	1.068724	0.000000	0.000000	0.000000	0.000000	0.000000	10.687243	0.332953	-0.157766	0.000000	0.000000	0.000000	0.483061	0.643931	-0.039359	0.000000	0.000000	0.000000	0.650737	0.440443	0.650737	0.440443	0.650737	3.597850	0.650737	1.068724	1.219247	
2.000000	3.000000	0.000000	0.000000	0.000000	1.085063	0.000000	0.000000	0.000000	0.000000	0.000000	10.850633	0.397461	-0.154031	0.000000	0.000000	0.000000	0.543261	0.645076	0.037346	0.000000	0.000000	0.000000	0.602002	0.448799	0.602002	0.448799	0.602002	3.570788	0.602002	1.085063	1.319560	
2.000000	3.000000	0.000000	0.000000	0.000000	1.100696	0.000000	0.000000	0.000000	0.000000	0.000000	11.006958	0.461194	-0.143416	0.000000	0.000000	0.000000	0.599005	0.637333	0.106150	0.000000	0.000000	0.000000	0.557434	0.456369	0.557434	0.456369	0.557434	3.537802	0.557434	1.100696	1.419236	
2.000000	3.000000	0.000000	0.000000	0.000000	1.115557	0.000000	0.000000	0.000000	0.000000	0.000000	11.155574	0.523489	-0.126717	0.000000	0.000000	0.000000	0.650660	0.622946	0.166994	0.000000	0.000000	0.000000	0.516553	0.463022	0.516553	0.463022	0.516553	3.499855	0.516553	1.115557	1.519222	
2.000000	3.000000	0.000000	0.000000	0.000000	1.129615	0.000000	0.000000	0.000000	0.000000	0.000000	11.296153	0.583865	-0.104703	0.000000	0.000000	0.000000	0.698556	0.603765	0.220136	0.000000	0.000000	0.000000	0.478955	0.468691	0.478955	0.468691	0.478955	3.457809	0.478955	1.129615	1.619219	
2.000000	3.000000	0.000000	0.000000	0.000000	1.142860	0.000000	0.000000	0.000000	0.000000	0.000000	11.428600	0.641994	-0.078100	0.000000	0.000000	0.000000	0.742986	0.581290	0.266028	0.000000	0.000000	0.000000	0.444304	0.473353	0.444304	0.473353	0.444304	3.412421	0.444304	1.142860	1.719305	
2.000000	3.000000	0.000000	0.000000	0.000000	1.155299	0.000000	0.000000	0.000000	0.000000	0.000000	11.552987	0.697666	-0.047577	0.000000	0.000000	0.000000	0.784217	0.556717	0.305233	0.000000	0.000000	0.000000	0.412313	0.477019	0.412313	0.477019	0.412313	3.364354	0.412313	1.155299	1.819689	
2.000000	3.000000	0.000000	0.000000	0.000000	1.166950	0.000000	0.000000	0.000000	0.000000	0.000000	11.669502	0.750764	-0.013741	0.000000	0.000000	0.000000	0.822491	0.530981	0.338362	0.000000	0.000000	0.000000	0.382733	0.479722	0.382733	0.479722	0.382733	3.314182	0.382733	1.166950	1.919253	
2.000000	3.000000	0.000000	0.000000	0.000000	1.177841	0.000000	0.000000	0.000000	0.000000	0.000000	11.778413	0.801244	0.022863	0.000000	0.000000	0.000000	0.858026	0.504803	0.366038	0.000000	0.000000	0.000000	0.355351	0.481507	0.355351	0.481507	0.355351	3.262396	0.355351	1.177841	2.019234	
2.000000	3.000000	0.000000	0.000000	0.000000	1.188004	0.000000	0.000000	0.000000	0.000000	0.000000	11.880043	0.849117	0.061749	0.000000	0.000000	0.000000	0.891024	0.478729	0.388865	0.000000	0.000000	0.000000	0.329979	0.482430	0.329979	0.482430	0.329979	3.209417	0.329979	1.188004	2.119232	
2.000000	3.000000	0.000000	0.000000	0.000000	1.197474	0.000000	0.000000	0.000000	0.000000	0.000000	11.974744	0.894433	0.102491	0.000000	0.000000	0.000000	0.921669	0.453159	0.407417	0.000000	0.000000	0.000000	0.306451	0.482552	0.306451	0.482552	0.306451	3.155606	0.306451	1.197474	2.219644	
2.000000	3.000000	0.000000	0.000000	0.000000	1.206289	0.000000	0.000000	0.000000	0.000000	0.000000	12.062889	0.937271	0.144713	0.000000	0.000000	0.000000	0.950131	0.428382	0.422220	0.000000	0.000000	0.000000	0.284620	0.481933	0.284620	0.481933	0.284620	3.101264	0.284620	1.206289	2.319290	
2.000000	3.000000	0.000000	0.000000	0.000000	1.214486	0.000000	0.000000	0.000000	0.000000	0.000000	12.144855	0.977731	0.188089	0.000000	0.000000	0.000000	0.976566	0.404596	0.433758	0.000000	0.000000	0.000000	0.264355	0.480637	0.264355	0.480637	0.264355	3.046647	0.264355	1.214486	2.419659	
2.000000	3.000000	0.000000	0.000000	0.000000	1.222102	0.000000	0.000000	0.000000	0.000000	0.000000	12.221020	1.015924	0.232335	0.000000	0.000000	0.000000	1.001120	0.381927	0.442464	0.000000	0.000000	0.000000	0.245536	0.478723	0.245536	0.478723	0.245536	2.991969	0.245536	1.222102	2.519653	
2.000000	3.000000	0.000000	0.000000	0.000000	1.229175	0.000000	0.000000	0.000000	0.000000	0.000000	12.291751	1.051968	0.277208	0.000000	0.000000	0.000000	1.023925	0.360449	0.448723	0.000000	0.000000	0.000000	0.228055	0.476251	0.228055	0.476251	0.228055	2.937409	0.228055	1.229175	2.619373	
2.000000	3.000000	0.000000	0.000000	0.000000	1.235741	0.000000	0.000000	0.000000	0.000000	0.000000	12.357406	1.085988	0.322496	0.000000	0.000000	0.000000	1.045107	0.340194	0.452879	0.000000	0.000000	0.000000	0.211815	0.473275	0.211815	0.473275	0.211815	2.883117	0.211815	1.235741	2.719383	
2.000000	3.000000	0.000000	0.000000	0.000000	1.241833	0.000000	0.000000	0.000000	0.000000	0.000000	12.418328	1.118104	0.368019	0.000000	0.000000	0.000000	1.064779	0.321163	0.455232	0.000000	0.000000	0.000000	0.196726	0.469847	0.196726	0.469847	0.196726	2.829213	0.196726	1.241833	2.819417	
2.000000	3.000000	0.000000	0.000000	0.000000	1.247484	0.000000	0.000000	0.000000	0.000000	0.000000	12.474843	1.148438	0.413623	0.000000	0.000000	0.000000	1.083050	0.303335	0.456045	0.000000	0.000000	0.000000	0.182705	0.466015	0.182705	0.466015	0.182705	2.775800	0.182705	1.247484	2.919382	
2.000000	3.000000	0.000000	0.000000	0.000000	1.252726	0.000000	0.000000	0.000000	0.000000	0.000000	12.527261	1.177105	0.459178	0.000000	0.000000	0.000000	1.100018	0.286672	0.455547	0.000000	0.000000	0.000000	0.169676	0.461826	0.169676	0.461826	0.169676	2.722958	0.169676	1.252726	3.019598	
2.000000	3.000000	0.000000	0.000000	0.000000	1.257587	0.000000	0.000000	0.000000	0.000000	0.000000	12.575872	1.204218	0.504572	0.000000	0.000000	0.000000	1.115774	0.271127	0.453937	0.000000	0.000000	0.000000	0.157570	0.457319	0.157570	0.457319	0.157570	2.670755	0.157570	1.257587	3.119404	
2.000000	3.000000	0.000000	0.000000	0.000000	1.262095	0.000000	0.000000	0.000000	0.000000	0.000000	12.620951	1.229882	0.549711	0.000000	0.000000	0.000000	1.130407	0.256643	0.451389	0.000000	0.000000	0.000000	0.146321	0.452534	0.146321	0.452534	0.146321	2.619243	0.146321	1.262095	3.219496	
2.000000	3.000000	0.000000	0.000000	0.000000	1.266275	0.000000	0.000000	0.000000	0.000000	0.000000	12.662754	1.254198	0.594516	0.000000	0.000000	0.000000	1.143993	0.243162	0.448051	0.000000	0.000000	0.000000	0.135869	0.447506	0.135869	0.447506	0.135869	2.568463	0.135869	1.266275	3.319385	
2.000000	3.000000	0.000000	0.000000	0.000000	1.270152	0.000000	0.000000	0.000000	0.000000	0.000000	12.701521	1.277260	0.638921	0.000000	0.000000	0.000000	1.156609	0.230622	0.444052	0.000000	0.000000	0.000000	0.126159	0.442266	0.126159	0.442266	0.126159	2.518447	0.126159	1.270152	3.419629	
2.000000	3.000000	0.000000	0.000000	0.000000	1.273747	0.000000	0.000000	0.000000	0.000000	0.000000	12.737475	1.299156	0.682871	0.000000	0.000000	0.000000	1.168323	0.218961	0.439502	0.000000	0.000000	0.000000	0.117138	0.436843	0.117138	0.436843	0.117138	2.469220	0.117138	1.273747	3.519611	
2.000000	3.000000	0.000000	0.000000	0.000000	1.277082	0.000000	0.000000	0.000000	0.000000	0.000000	12.770823	1.319969	0.726321	0.000000	0.000000	0.000000	1.179199	0.208121	0.434498	0.000000	0.000000	0.000000	0.108759	0.431265	0.108759	0.431265	0.108759	2.420799	0.108759	1.277082	3.619425	
2.000000	3.000000	0.000000	0.000000	0.000000	1.280176	0.000000	0.000000	0.000000	0.000000	0.000000	12.801759	1.339773	0.769233	0.000000	0.000000	0.000000	1.189297	0.198042	0.429120	0.000000	0.000000	0.000000	0.100977	0.425555	0.100977	0.425555	0.100977	2.373196	0.100977	1.280176	3.719615	
2.000000	3.000000	0.000000	0.000000	0.000000	1.283046	0.000000	0.000000	0.000000	0.000000	0.000000	12.830461	1.358639	0.811577	0.000000	0.000000	0.000000	1.198672	0.188668	0.423439	0.000000	0.000000	0.000000	0.093749	0.419736	0.093749	0.419736	0.093749	2.326418	0.093749	1.283046	3.819543	
2.000000	3.000000	0.000000	0.000000	0.000000	1.285710	0.000000	0.000000	0.000000	0.000000	0.000000	12.857097	1.376634	0.853328	0.000000	0.000000	0.000000	1.207375	0.179946	0.417516	0.000000	0.000000	0.000000	0.087038	0.413827	0.087038	0.413827	0.087038	2.280469	0.087038	1.285710	3.919479	
2.000000	3.000000	0.000000	0.000000	0.000000	1.288182	0.000000	0.000000	0.000000	0.000000	0.000000	12.881818	1.393817	0.894468	0.000000	0.000000	0.000000	1.215456	0.171827	0.411401	0.000000	0.000000	0.000000	0.080806	0.407847	0.080806	0.407847	0.080806	2.235349	0.080806	1.288182	4.019440	
2.000000	3.000000	0.000000	0.000000	0.000000	1.290477	0.000000	0.000000	0.000000	0.000000	0.000000	12.904768	1.410243	0.934982	0.000000	0.000000	0.000000	1.222958	0.164264	0.405139	0.000000	0.000000	0.000000	0.075021	0.401811	0.075021	0.401811	0.075021	2.191055	0.075021	1.290477	4.119553	
2.000000	3.000000	0.000000	0.000000	0.000000	1.292608	0.000000	0.000000	0.000000	0.000000	0.000000	12.926078	1.425964	0.974859	0.000000	0.000000	0.000000	1.229923	0.157212	0.398768	0.000000	0.000000	0.000000	0.069650	0.395736	0.069650	0.395736	0.069650	2.147583	0.069650	1.292608	4.219621	
2.000000	3.000000	0.000000	0.000000	0.000000	1.294587	0.000000	0.000000	0.000000	0.000000	0.000000	12.945870	1.441028	1.014091	0.000000	0.000000	0.000000	1.236390	0.150632	0.392320	0.000000	0.000000	0.000000	0.064664	0.389634	0.064664	0.389634	0.064664	2.104926	0.064664	1.294587	4.319898	
2.000000	3.000000	0.000000	0.000000	0.000000	1.296426	0.000000	0.000000	0.000000	0.000000	0.000000	12.964257	1.455476	1.052674	0.000000	0.000000	0.000000	1.242393	0.144486	0.385823	0.000000	0.000000	0.000000	0.060036	0.383517	0.060036	0.383517	0.060036	2.063076	0.060036	1.296426	4.419505	
2.000000	3.000000	0.000000	0.000000	0.000000	1.298134	0.000000	0.000000	0.000000	0.000000	0.000000	12.981342	1.469350	1.090603	0.000000	0.000000	0.000000	1.247967	0.138740	0.379299	0.000000	0.000000	0.000000	0.055741	0.377396	0.055741	0.377396	0.055741	2.022025	0.055741	1.298134	4.519558	
2.000000	3.000000	0.000000	0.000000	0.000000	1.299722	0.000000	0.000000	0.000000	0.000000	0.000000	12.997222	1.482686	1.127880	0.000000	0.000000	0.000000	1.253143	0.133360	0.372770	0.000000	0.000000	0.000000	0.051755	0.371281	0.051755	0.371281	0.051755	1.981763	0.051755	1.299722	4.619514	
2.000000	3.000000	0.000000	0.000000	0.000000	1.301199	0.000000	0.000000	0.000000	0.000000	0.000000	13.011986	1.495518	1.164506	0.000000	0.000000	0.000000	1.257948	0.128319	0.366252	0.000000	0.000000	0.000000	0.048056	0.365181	0.048056	0.365181	0.048056	1.942278	0.048056	1.301199	4.719790	
2.000000	3.000000	0.000000	0.000000	0.000000	1.302572	0.000000	0.000000	0.000000	0.000000	0.000000	13.025715	1.507877	1.200481	0.000000	0.000000	0.000000	1.262411	0.123589	0.359759	0.000000	0.000000	0.000000	0.044623	0.359104	0.044623	0.359104	0.044623	1.903560	0.044623	1.302572	4.819558	
2.000000	3.000000	0.000000	0.000000	0.000000	1.303849	0.000000	0.000000	0.000000	0.000000	0.000000	13.038486	1.519791	1.235812	0.000000	0.000000	0.000000	1.266554	0.119144	0.353303	0.000000	0.000000	0.000000	0.041438	0.353058	0.041438	0.353058	0.041438	1.865597	0.041438	1.303849	4.919876	
2.000000	3.000000	0.000000	0.000000	0.000000	1.305037	0.000000	0.000000	0.000000	0.000000	0.000000	13.050370	1.531288	1.270501	0.000000	0.000000	0.000000	1.270403	0.114964	0.346896	0.000000	0.000000	0.000000	0.038483	0.347047	0.038483	0.347047	0.038483	1.828376	0.038483	1.305037	5.019610	
2.000000	3.000000	0.000000	0.000000	0.000000	1.306143	0.000000	0.000000	0.000000	0.000000	0.000000	13.061429	1.542390	1.304556	0.000000	0.000000	0.000000	1.273977	0.111026	0.340546	0.000000	0.000000	0.000000	0.035740	0.341078	0.035740	0.341078	0.035740	1.791886	0.035740	1.306143	5.119550	
2.000000	3.000000	0.000000	0.000000	0.000000	1.307173	0.000000	0.000000	0.000000	0.000000	0.000000	13.071726	1.553122	1.337982	0.000000	0.000000	0.000000	1.277296	0.107311	0.334259	0.000000	0.000000	0.000000	0.033196	0.335157	0.033196	0.335157	0.033196	1.756114	0.033196	1.307173	5.219641	
2.000000	3.000000	0.000000	0.000000	0.000000	1.308131	0.000000	0.000000	0.000000	0.000000	0.000000	13.081315	1.563502	1.370786	0.000000	0.000000	0.000000	1.280380	0.103804	0.328043	0.000000	0.000000	0.000000	0.030835	0.329288	0.030835	0.329288	0.030835	1.721047	0.030835	1.308131	5.319589	
2.000000	3.000000	0.000000	0.000000	0.000000	1.309025	0.000000	0.000000	0.000000	0.000000	0.000000	13.090247	1.573551	1.402976	0.000000	0.000000	0.000000	1.283244	0.100486	0.321902	0.000000	0.000000	0.000000	0.028645	0.323474	0.028645	0.323474	0.028645	1.686674	0.028645	1.309025	5.419630	
2.000000	3.000000	0.000000	0.000000	0.000000	1.309857	0.000000	0.000000	0.000000	0.000000	0.000000	13.098569	1.583285	1.434560	0.000000	0.000000	0.000000	1.285906	0.097344	0.315840	0.000000	0.000000	0.000000	0.026613	0.317719	0.026613	0.317719	0.026613	1.652980	0.026613	1.309857	5.519615	
2.000000	3.000000	0.000000	0.000000	0.000000	1.310633	0.000000	0.000000	0.000000	0.000000	0.000000	13.106326	1.592722	1.465546	0.000000	0.000000	0.000000	1.288378	0.094365	0.309860	0.000000	0.000000	0.000000	0.024727	0.312027	0.024727	0.312027	0.024727	1.619954	0.024727	1.310633	5.619552	
2.000000	3.000000	0.000000	0.000000	0.000000	1.311356	0.000000	0.000000	0.000000	0.000000	0.000000	13.113559	1.601875	1.495943	0.000000	0.000000	0.000000	1.290676	0.091537	0.303965	0.000000	0.000000	0.000000	0.022978	0.306399	0.022978	0.306399	0.022978	1.587584	0.022978	1.311356	5.719672	
2.000000	3.000000	0.000000	0.000000	0.000000	1.312030	0.000000	0.000000	0.000000	0.000000	0.000000	13.120304	1.610760	1.525759	0.000000	0.000000	0.000000	1.292811	0.088847	0.298158	0.000000	0.000000	0.000000	0.021354	0.300839	0.021354	0.300839	0.021354	1.555857	0.021354	1.312030	5.819555	
2.000000	3.000000	0.000000	0.000000	0.000000	1.312660	0.000000	0.000000	0.000000	0.000000	0.000000	13.126596	1.619389	1.555003	0.000000	0.000000	0.000000	1.294796	0.086287	0.292440	0.000000	0.000000	0.000000	0.019848	0.295349	0.019848	0.295349	0.019848	1.524761	0.019848	1.312660	5.919737	
2.000000	3.000000	0.000000	0.000000	0.000000	1.313247	0.000000	0.000000	0.000000	0.000000	0.000000	13.132467	1.627773	1.583684	0.000000	0.000000	0.000000	1.296641	0.083846	0.286812	0.000000	0.000000	0.000000	0.018450	0.289930	0.018450	0.289930	0.018450	1.494283	0.018450	1.313247	6.019630	
2.000000	3.000000	0.000000	0.000000	0.000000	1.313795	0.000000	0.000000	0.000000	0.000000	0.000000	13.137948	1.635925	1.611811	0.000000	0.000000	0.000000	1.298357	0.081517	0.281274	0.000000	0.000000	0.000000	0.017154	0.284583	0.017154	0.284583	0.017154	1.464412	0.017154	1.313795	6.119679	
2.000000	3.000000	0.000000	0.000000	0.000000	1.314307	0.000000	0.000000	0.000000	0.000000	0.000000	13.143066	1.643854	1.639394	0.000000	0.000000	0.000000	1.299952	0.079291	0.275828	0.000000	0.000000	0.000000	0.015950	0.279310	0.015950	0.279310	0.015950	1.435137	0.015950	1.314307	6.219701	
2.000000	3.000000	0.000000	0.000000	0.000000	1.314785	0.000000	0.000000	0.000000	0.000000	0.000000	13.147846	1.651570	1.666442	0.000000	0.000000	0.000000	1.301435	0.077161	0.270474	0.000000	0.000000	0.000000	0.014833	0.274112	0.014833	0.274112	0.014833	1.406445	0.014833	1.314785	6.319668	
2.000000	3.000000	0.000000	0.000000	0.000000	1.315231	0.000000	0.000000	0.000000	0.000000	0.000000	13.152312	1.659082	1.692963	0.000000	0.000000	0.000000	1.302815	0.075121	0.265211	0.000000	0.000000	0.000000	0.013796	0.268989	0.013796	0.268989	0.013796	1.378326	0.013796	1.315231	6.419977	
2.000000	3.000000	0.000000	0.000000	0.000000	1.315649	0.000000	0.000000	0.000000	0.000000	0.000000	13.156486	1.666399	1.718967	0.000000	0.000000	0.000000	1.304098	0.073165	0.260040	0.000000	0.000000	0.000000	0.012834	0.263943	0.012834	0.263943	0.012834	1.350767	0.012834	1.315649	6.519678	
2.000000	3.000000	0.000000	0.000000	0.000000	1.316039	0.000000	0.000000	0.000000	0.000000	0.000000	13.160389	1.673528	1.744463	0.000000	0.000000	0.000000	1.305292	0.071288	0.254959	0.000000	0.000000	0.000000	0.011941	0.258973	0.011941	0.258973	0.011941	1.323758	0.011941	1.316039	6.619668	
2.000000	3.000000	0.000000	0.000000	0.000000	1.316404	0.000000	0.000000	0.000000	0.000000	0.000000	13.164038	1.680476	1.769459	0.000000	0.000000	0.000000	1.306403	0.069483	0.249968	0.000000	0.000000	0.000000	0.011112	0.254081	0.011112	0.254081	0.011112	1.297289	0.011112	1.316404	6.720044	
2.000000	3.000000	0.000000	0.000000	0.000000	1.316745	0.000000	0.000000	0.000000	0.000000	0.000000	13.167452	1.687251	1.793966	0.000000	0.000000	0.000000	1.307437	0.067747	0.245068	0.000000	0.000000	0.000000	0.010342	0.249265	0.010342	0.249265	0.010342	1.271348	0.010342	1.316745	6.819724	
2.000000	3.000000	0.000000	0.000000	0.000000	1.317065	0.000000	0.000000	0.000000	0.000000	0.000000	13.170647	1.693858	1.817992	0.000000	0.000000	0.000000	1.308400	0.066076	0.240256	0.000000	0.000000	0.000000	0.009627	0.244526	0.009627	0.244526	0.009627	1.245925	0.009627	1.317065	6.919766	
2.000000	3.000000	0.000000	0.000000	0.000000	1.317364	0.000000	0.000000	0.000000	0.000000	0.000000	13.173638	1.700305	1.841545	0.000000	0.000000	0.000000	1.309297	0.064465	0.235532	0.000000	0.000000	0.000000	0.008964	0.239864	0.008964	0.239864	0.008964	1.221010	0.008964	1.317364	7.019929	
2.000000	3.000000	0.000000	0.000000	0.000000	1.317644	0.000000	0.000000	0.000000	0.000000	0.000000	13.176439	1.706596	1.864635	0.000000	0.000000	0.000000	1.310131	0.062911	0.230896	0.000000	0.000000	0.000000	0.008347	0.235279	0.008347	0.235279	0.008347	1.196593	0.008347	1.317644	7.119983	
2.000000	3.000000	0.000000	0.000000	0.000000	1.317906	0.000000	0.000000	0.000000	0.000000	0.000000	13.179062	1.712737	1.887269	0.000000	0.000000	0.000000	1.310909	0.061411	0.226345	0.000000	0.000000	0.000000	0.007775	0.230770	0.007775	0.230770	0.007775	1.172664	0.007775	1.317906	7.219756	
2.000000	3.000000	0.000000	0.000000	0.000000	1.318152	0.000000	0.000000	0.000000	0.000000	0.000000	13.181521	1.718733	1.909457	0.000000	0.000000	0.000000	1.311633	0.059961	0.221879	0.000000	0.000000	0.000000	0.007243	0.226336	0.007243	0.226336	0.007243	1.149213	0.007243	1.318152	7.319745	
2.000000	3.000000	0.000000	0.000000	0.000000	1.318383	0.000000	0.000000	0.000000	0.000000	0.000000	13.183825	1.724589	1.931207	0.000000	0.000000	0.000000	1.312308	0.058559	0.217497	0.000000	0.000000	0.000000	0.006749	0.221979	0.006749	0.221979	0.006749	1.126230	0.006749	1.318383	7.419732	
2.000000	3.000000	0.000000	0.000000	0.000000	1.318599	0.000000	0.000000	0.000000	0.000000	0.000000	13.185986	1.730309	1.952527	0.000000	0.000000	0.000000	1.312937	0.057202	0.213198	0.000000	0.000000	0.000000	0.006291	0.217696	0.006291	0.217696	0.006291	1.103708	0.006291	1.318599	7.519770	
2.000000	3.000000	0.000000	0.000000	0.000000	1.318801	0.000000	0.000000	0.000000	0.000000	0.000000	13.188013	1.735898	1.973425	0.000000	0.000000	0.000000	1.313524	0.055888	0.208981	0.000000	0.000000	0.000000	0.005864	0.213488	0.005864	0.213488	0.005864	1.081635	0.005864	1.318801	7.619731	
2.000000	3.000000	0.000000	0.000000	0.000000	1.318992	0.000000	0.000000	0.000000	0.000000	0.000000	13.189916	1.741359	1.993909	0.000000	0.000000	0.000000	1.314070	0.054614	0.204843	0.000000	0.000000	0.000000	0.005468	0.209353	0.005468	0.209353	0.005468	1.060003	0.005468	1.318992	7.720348	
2.000000	3.000000	0.000000	0.000000	0.000000	1.319170	0.000000	0.000000	0.000000	0.000000	0.000000	13.191701	1.746697	2.013987	0.000000	0.000000	0.000000	1.314580	0.053379	0.200785	0.000000	0.000000	0.000000	0.005100	0.205292	0.005100	0.205292	0.005100	1.038804	0.005100	1.319170	7.819791	
2.000000	3.000000	0.000000	0.000000	0.000000	1.319338	0.000000	0.000000	0.000000	0.000000	0.000000	13.193378	1.751915	2.033668	0.000000	0.000000	0.000000	1.315056	0.052181	0.196804	0.000000	0.000000	0.000000	0.004757	0.201302	0.004757	0.201302	0.004757	1.018029	0.004757	1.319338	7.919724	
2.000000	3.000000	0.000000	0.000000	0.000000	1.319495	0.000000	0.000000	0.000000	0.000000	0.000000	13.194953	1.757017	2.052958	0.000000	0.000000	0.000000	1.315500	0.051017	0.192900	0.000000	0.000000	0.000000	0.004439	0.197384	0.004439	0.197384	0.004439	0.997669	0.004439	1.319495	8.019883	
2.000000	3.000000	0.000000	0.000000	0.000000	1.319643	0.000000	0.000000	0.000000	0.000000	0.000000	13.196433	1.762006	2.071865	0.000000	0.000000	0.000000	1.315914	0.049887	0.189072	0.000000	0.000000	0.000000	0.004143	0.193537	0.004143	0.193537	0.004143	0.977716	0.004143	1.319643	8.119739	
2.000000	3.000000	0.000000	0.000000	0.000000	1.319782	0.000000	0.000000	0.000000	0.000000	0.000000	13.197825	1.766884	2.090397	0.000000	0.000000	0.000000	1.316301	0.048788	0.185317	0.000000	0.000000	0.000000	0.003868	0.189760	0.003868	0.189760	0.003868	0.958163	0.003868	1.319782	8.219848	
2.000000	3.000000	0.000000	0.000000	0.000000	1.319913	0.000000	0.000000	0.000000	0.000000	0.000000	13.199134	1.771656	2.108560	0.000000	0.000000	0.000000	1.316662	0.047720	0.181635	0.000000	0.000000	0.000000	0.003612	0.186051	0.003612	0.186051	0.003612	0.939000	0.003612	1.319913	8.319767	
2.000000	3.000000	0.000000	0.000000	0.000000	1.320036	0.000000	0.000000	0.000000	0.000000	0.000000	13.200365	1.776324	2.126363	0.000000	0.000000	0.000000	1.317000	0.046680	0.178025	0.000000	0.000000	0.000000	0.003374	0.182410	0.003374	0.182410	0.003374	0.920220	0.003374	1.320036	8.419809	
2.000000	3.000000	0.000000	0.000000	0.000000	1.320152	0.000000	0.000000	0.000000	0.000000	0.000000	13.201524	1.780891	2.143811	0.000000	0.000000	0.000000	1.317315	0.045669	0.174485	0.000000	0.000000	0.000000	0.003153	0.178837	0.003153	0.178837	0.003153	0.901816	0.003153	1.320152	8.520004	
2.000000	3.000000	0.000000	0.000000	0.000000	1.320261	0.000000	0.000000	0.000000	0.000000	0.000000	13.202615	1.785360	2.160913	0.000000	0.000000	0.000000	1.317610	0.044684	0.171014	0.000000	0.000000	0.000000	0.002946	0.175329	0.002946	0.175329	0.002946	0.883780	0.002946	1.320261	8.619805	
2.000000	3.000000	0.000000	0.000000	0.000000	1.320364	0.000000	0.000000	0.000000	0.000000	0.000000	13.203643	1.789732	2.177674	0.000000	0.000000	0.000000	1.317885	0.043724	0.167611	0.000000	0.000000	0.000000	0.002755	0.171887	0.002755	0.171887	0.002755	0.866105	0.002755	1.320364	8.719757	
2.000000	3.000000	0.000000	0.000000	0.000000	1.320461	0.000000	0.000000	0.000000	0.000000	0.000000	13.204611	1.794011	2.194101	0.000000	0.000000	0.000000	1.318143	0.042789	0.164275	0.000000	0.000000	0.000000	0.002576	0.168509	0.002576	0.168509	0.002576	0.848783	0.002576	1.320461	8.819977	
2.000000	3.000000	0.000000	0.000000	0.000000	1.320552	0.000000	0.000000	0.000000	0.000000	0.000000	13.205525	1.798199	2.210202	0.000000	0.000000	0.000000	1.318384	0.041878	0.161004	0.000000	0.000000	0.000000	0.002410	0.165194	0.002410	0.165194	0.002410	0.831808	0.002410	1.320552	8.919802	
2.000000	3.000000	0.000000	0.000000	0.000000	1.320639	0.000000	0.000000	0.000000	0.000000	0.000000	13.206386	1.802298	2.225982	0.000000	0.000000	0.000000	1.318609	0.040989	0.157797	0.000000	0.000000	0.000000	0.002255	0.161942	0.002255	0.161942	0.002255	0.815172	0.002255	1.320639	9.019817	
2.000000	3.000000	0.000000	0.000000	0.000000	1.320720	0.000000	0.000000	0.000000	0.000000	0.000000	13.207198	1.806310	2.241447	0.000000	0.000000	0.000000	1.318820	0.040122	0.154654	0.000000	0.000000	0.000000	0.002111	0.158751	0.002111	0.158751	0.002111	0.798868	0.002111	1.320720	9.119785	
2.000000	3.000000	0.000000	0.000000	0.000000	1.320797	0.000000	0.000000	0.000000	0.000000	0.000000	13.207966	1.810237	2.256604	0.000000	0.000000	0.000000	1.319018	0.039276	0.151572	0.000000	0.000000	0.000000	0.001976	0.155621	0.001976	0.155621	0.001976	0.782891	0.001976	1.320797	9.219865	
2.000000	3.000000	0.000000	0.000000	0.000000	1.320869	0.000000	0.000000	0.000000	0.000000	0.000000	13.208690	1.814083	2.271459	0.000000	0.000000	0.000000	1.319203	0.038451	0.148551	0.000000	0.000000	0.000000	0.001851	0.152550	0.001851	0.152550	0.001851	0.767233	0.001851	1.320869	9.319801	
2.000000	3.000000	0.000000	0.000000	0.000000	1.320937	0.000000	0.000000	0.000000	0.000000	0.000000	13.209374	1.817847	2.286018	0.000000	0.000000	0.000000	1.319376	0.037645	0.145589	0.000000	0.000000	0.000000	0.001734	0.149538	0.001734	0.149538	0.001734	0.751889	0.001734	1.320937	9.419859	
2.000000	3.000000	0.000000	0.000000	0.000000	1.321002	0.000000	0.000000	0.000000	0.000000	0.000000	13.210021	1.821533	2.300287	0.000000	0.000000	0.000000	1.319539	0.036858	0.142686	0.000000	0.000000	0.000000	0.001626	0.146583	0.001626	0.146583	0.001626	0.736851	0.001626	1.321002	9.519816	
2.000000	3.000000	0.000000	0.000000	0.000000	1.321063	0.000000	0.000000	0.000000	0.000000	0.000000	13.210633	1.825142	2.314271	0.000000	0.000000	0.000000	1.319691	0.036090	0.139841	0.000000	0.000000	0.000000	0.001524	0.143684	0.001524	0.143684	0.001524	0.722114	0.001524	1.321063	9.620041	
2.000000	3.000000	0.000000	0.000000	0.000000	1.321121	0.000000	0.000000	0.000000	0.000000	0.000000	13.211212	1.828676	2.327976	0.000000	0.000000	0.000000	1.319834	0.035340	0.137051	0.000000	0.000000	0.000000	0.001430	0.140842	0.001430	0.140842	0.001430	0.707672	0.001430	1.321121	9.719828	
2.000000	3.000000	0.000000	0.000000	0.000000	1.321176	0.000000	0.000000	0.000000	0.000000	0.000000	13.211760	1.832137	2.341408	0.000000	0.000000	0.000000	1.319969	0.034606	0.134317	0.000000	0.000000	0.000000	0.001342	0.138054	0.001342	0.138054	0.001342	0.693519	0.001342	1.321176	9.819880	
2.000000	3.000000	0.000000	0.000000	0.000000	1.321228	0.000000	0.000000	0.000000	0.000000	0.000000	13.212279	1.835526	2.354572	0.000000	0.000000	0.000000	1.320095	0.033890	0.131637	0.000000	0.000000	0.000000	0.001259	0.135320	0.001259	0.135320	0.001259	0.679648	0.001259	1.321228	9.919830	
2.000000	3.000000	0.000000	0.000000	0.000000	1.321277	0.000000	0.000000	0.000000	0.000000	0.000000	13.212771	1.838844	2.367473	0.000000	0.000000	0.000000	1.320213	0.033190	0.129010	0.000000	0.000000	0.000000	0.001183	0.132638	0.001183	0.132638	0.001183	0.666055	0.001183	1.321277	10.020081	
2.000000	3.000000	0.000000	0.000000	0.000000	1.321324	0.000000	0.000000	0.000000	0.000000	0.000000	13.213237	1.842095	2.380116	0.000000	0.000000	0.000000	1.320324	0.032505	0.126435	0.000000	0.000000	0.000000	0.001111	0.130009	0.001111	0.130009	0.001111	0.652734	0.001111	1.321324	10.119914	
2.000000	3.000000	0.000000	0.000000	0.000000	1.321368	0.000000	0.000000	0.000000	0.000000	0.000000	13.213679	1.845279	2.392507	0.000000	0.000000	0.000000	1.320428	0.031836	0.123912	0.000000	0.000000	0.000000	0.001044	0.127430	0.001044	0.127430	0.001044	0.639680	0.001044	1.321368	10.219883	
2.000000	3.000000	0.000000	0.000000	0.000000	1.321410	0.000000	0.000000	0.000000	0.000000	0.000000	13.214098	1.848397	2.404651	0.000000	0.000000	0.000000	1.320526	0.031181	0.121438	0.000000	0.000000	0.000000	0.000982	0.124902	0.000982	0.124902	0.000982	0.626886	0.000982	1.321410	10.319873	
2.000000	3.000000	0.000000	0.000000	0.000000	1.321450	0.000000	0.000000	0.000000	0.000000	0.000000	13.214496	1.851451	2.416552	0.000000	0.000000	0.000000	1.320619	0.030541	0.119013	0.000000	0.000000	0.000000	0.000923	0.122422	0.000923	0.122422	0.000923	0.614348	0.000923	1.321450	10.419902	
2.000000	3.000000	0.000000	0.000000	0.000000	1.321487	0.000000	0.000000	0.000000	0.000000	0.000000	13.214875	1.854442	2.428216	0.000000	0.000000	0.000000	1.320706	0.029915	0.116637	0.000000	0.000000	0.000000	0.000869	0.119991	0.000869	0.119991	0.000869	0.602061	0.000869	1.321487	10.519851	
2.000000	3.000000	0.000000	0.000000	0.000000	1.321523	0.000000	0.000000	0.000000	0.000000	0.000000	13.215234	1.857373	2.439647	0.000000	0.000000	0.000000	1.320787	0.029303	0.114308	0.000000	0.000000	0.000000	0.000818	0.117608	0.000818	0.117608	0.000818	0.590020	0.000818	1.321523	10.620136	
2.000000	3.000000	0.000000	0.000000	0.000000	1.321558	0.000000	0.000000	0.000000	0.000000	0.000000	13.215576	1.860243	2.450849	0.000000	0.000000	0.000000	1.320864	0.028704	0.112025	0.000000	0.000000	0.000000	0.000770	0.115271	0.000770	0.115271	0.000770	0.578220	0.000770	1.321558	10.720169	
2.000000	3.000000	0.000000	0.000000	0.000000	1.321590	0.000000	0.000000	0.000000	0.000000	0.000000	13.215901	1.863055	2.461828	0.000000	0.000000	0.000000	1.320937	0.028118	0.109788	0.000000	0.000000	0.000000	0.000726	0.112979	0.000726	0.112979	0.000726	0.566655	0.000726	1.321590	10.819919	
2.000000	3.000000	0.000000	0.000000	0.000000	1.321621	0.000000	0.000000	0.000000	0.000000	0.000000	13.216211	1.865809	2.472588	0.000000	0.000000	0.000000	1.321005	0.027545	0.107595	0.000000	0.000000	0.000000	0.000684	0.110733	0.000684	0.110733	0.000684	0.555322	0.000684	1.321621	10.919964	
2.000000	3.000000	0.000000	0.000000	0.000000	1.321651	0.000000	0.000000	0.000000	0.000000	0.000000	13.216506	1.868508	2.483132	0.000000	0.000000	0.000000	1.321070	0.026983	0.105445	0.000000	0.000000	0.000000	0.000645	0.108531	0.000645	0.108531	0.000645	0.544216	0.000645	1.321651	11.019941	
2.000000	3.000000	0.000000	0.000000	0.000000	1.321679	0.000000	0.000000	0.000000	0.000000	0.000000	13.216787	1.871151	2.493466	0.000000	0.000000	0.000000	1.321131	0.026434	0.103339	0.000000	0.000000	0.000000	0.000609	0.106371	0.000609	0.106371	0.000609	0.533332	0.000609	1.321679	11.119896	
2.000000	3.000000	0.000000	0.000000	0.000000	1.321706	0.000000	0.000000	0.000000	0.000000	0.000000	13.217056	1.873741	2.503593	0.000000	0.000000	0.000000	1.321188	0.025897	0.101274	0.000000	0.000000	0.000000	0.000575	0.104255	0.000575	0.104255	0.000575	0.522665	0.000575	1.321706	11.220219	
2.000000	3.000000	0.000000	0.000000	0.000000	1.321731	0.000000	0.000000	0.000000	0.000000	0.000000	13.217311	1.876278	2.513519	0.000000	0.000000	0.000000	1.321243	0.025371	0.099251	0.000000	0.000000	0.000000	0.000543	0.102179	0.000543	0.102179	0.000543	0.512212	0.000543	1.321731	11.319979	
2.000000	3.000000	0.000000	0.000000	0.000000	1.321756	0.000000	0.000000	0.000000	0.000000	0.000000	13.217556	1.878763	2.523245	0.000000	0.000000	0.000000	1.321294	0.024856	0.097268	0.000000	0.000000	0.000000	0.000513	0.100145	0.000513	0.100145	0.000513	0.501967	0.000513	1.321756	11.420022	
2.000000	3.000000	0.000000	0.000000	0.000000	1.321779	0.000000	0.000000	0.000000	0.000000	0.000000	13.217789	1.881199	2.532778	0.000000	0.000000	0.000000	1.321342	0.024352	0.095324	0.000000	0.000000	0.000000	0.000485	0.098151	0.000485	0.098151	0.000485	0.491928	0.000485	1.321779	11.519941	
2.000000	3.000000	0.000000	0.000000	0.000000	1.321801	0.000000	0.000000	0.000000	0.000000	0.000000	13.218013	1.883584	2.542120	0.000000	0.000000	0.000000	1.321388	0.023858	0.093420	0.000000	0.000000	0.000000	0.000459	0.096196	0.000459	0.096196	0.000459	0.482090	0.000459	1.321801	11.619919	
2.000000	3.000000	0.000000	0.000000	0.000000	1.321823	0.000000	0.000000	0.000000	0.000000	0.000000	13.218226	1.885922	2.551275	0.000000	0.000000	0.000000	1.321432	0.023375	0.091553	0.000000	0.000000	0.000000	0.000434	0.094279	0.000434	0.094279	0.000434	0.472448	0.000434	1.321823	11.720243	
2.000000	3.000000	0.000000	0.000000	0.000000	1.321843	0.000000	0.000000	0.000000	0.000000	0.000000	13.218431	1.888212	2.560247	0.000000	0.000000	0.000000	1.321473	0.022902	0.089723	0.000000	0.000000	0.000000	0.000411	0.092400	0.000411	0.092400	0.000411	0.462999	0.000411	1.321843	11.820263	
2.000000	3.000000	0.000000	0.000000	0.000000	1.321863	0.000000	0.000000	0.000000	0.000000	0.000000	13.218626	1.890456	2.569040	0.000000	0.000000	0.000000	1.321512	0.022438	0.087930	0.000000	0.000000	0.000000	0.000390	0.090559	0.000390	0.090559	0.000390	0.453739	0.000390	1.321863	11.919936	
2.000000	3.000000	0.000000	0.000000	0.000000	1.321881	0.000000	0.000000	0.000000	0.000000	0.000000	13.218814	1.892654	2.577658	0.000000	0.000000	0.000000	1.321549	0.021985	0.086173	0.000000	0.000000	0.000000	0.000370	0.088754	0.000370	0.088754	0.000370	0.444664	0.000370	1.321881	12.020240	
2.000000	3.000000	0.000000	0.000000	0.000000	1.321899	0.000000	0.000000	0.000000	0.000000	0.000000	13.218994	1.894808	2.586103	0.000000	0.000000	0.000000	1.321584	0.021541	0.084450	0.000000	0.000000	0.000000	0.000351	0.086984	0.000351	0.086984	0.000351	0.435771	0.000351	1.321899	12.120047	
2.000000	3.000000	0.000000	0.000000	0.000000	1.321917	0.000000	0.000000	0.000000	0.000000	0.000000	13.219167	1.896919	2.594379	0.000000	0.000000	0.000000	1.321617	0.021106	0.082762	0.000000	0.000000	0.000000	0.000333	0.085250	0.000333	0.085250	0.000333	0.427055	0.000333	1.321917	12.219997	
2.000000	3.000000	0.000000	0.000000	0.000000	1.321933	0.000000	0.000000	0.000000	0.000000	0.000000	13.219333	1.898987	2.602490	0.000000	0.000000	0.000000	1.321649	0.020680	0.081108	0.000000	0.000000	0.000000	0.000316	0.083550	0.000316	0.083550	0.000316	0.418514	0.000316	1.321933	12.320068	
2.000000	3.000000	0.000000	0.000000	0.000000	1.321949	0.000000	0.000000	0.000000	0.000000	0.000000	13.219493	1.901013	2.610438	0.000000	0.000000	0.000000	1.321679	0.020262	0.079487	0.000000	0.000000	0.000000	0.000301	0.081883	0.000301	0.081883	0.000301	0.410144	0.000301	1.321949	12.419991	
2.000000	3.000000	0.000000	0.000000	0.000000	1.321965	0.000000	0.000000	0.000000	0.000000	0.000000	13.219646	1.902999	2.618228	0.000000	0.000000	0.000000	1.321707	0.019854	0.077898	0.000000	0.000000	0.000000	0.000286	0.080250	0.000286	0.080250	0.000286	0.401941	0.000286	1.321965	12.520011	
2.000000	3.000000	0.000000	0.000000	0.000000	1.321979	0.000000	0.000000	0.000000	0.000000	0.000000	13.219794	1.904944	2.625862	0.000000	0.000000	0.000000	1.321735	0.019454	0.076341	0.000000	0.000000	0.000000	0.000272	0.078649	0.000272	0.078649	0.000272	0.393902	0.000272	1.321979	12.620093	
2.000000	3.000000	0.000000	0.000000	0.000000	1.321994	0.000000	0.000000	0.000000	0.000000	0.000000	13.219936	1.906850	2.633344	0.000000	0.000000	0.000000	1.321760	0.019062	0.074815	0.000000	0.000000	0.000000	0.000259	0.077079	0.000259	0.077079	0.000259	0.386024	0.000259	1.321994	12.720044	
2.000000	3.000000	0.000000	0.000000	0.000000	1.322007	0.000000	0.000000	0.000000	0.000000	0.000000	13.220073	1.908718	2.640676	0.000000	0.000000	0.000000	1.321785	0.018678	0.073319	0.000000	0.000000	0.000000	0.000247	0.075541	0.000247	0.075541	0.000247	0.378304	0.000247	1.322007	12.820017	
2.000000	3.000000	0.000000	0.000000	0.000000	1.322021	0.000000	0.000000	0.000000	0.000000	0.000000	13.220206	1.910548	2.647861	0.000000	0.000000	0.000000	1.321809	0.018301	0.071853	0.000000	0.000000	0.000000	0.000235	0.074033	0.000235	0.074033	0.000235	0.370738	0.000235	1.322021	12.920029	
2.000000	3.000000	0.000000	0.000000	0.000000	1.322033	0.000000	0.000000	0.000000	0.000000	0.000000	13.220334	1.912341	2.654903	0.000000	0.000000	0.000000	1.321831	0.017933	0.070417	0.000000	0.000000	0.000000	0.000225	0.072556	0.000225	0.072556	0.000225	0.363323	0.000225	1.322033	13.020245	
2.000000	3.000000	0.000000	0.000000	0.000000	1.322046	0.000000	0.000000	0.000000	0.000000	0.000000	13.220457	1.914099	2.661804	0.000000	0.000000	0.000000	1.321853	0.017572	0.069009	0.000000	0.000000	0.000000	0.000215	0.071107	0.000215	0.071107	0.000215	0.356056	0.000215	1.322046	13.120066	
2.000000	3.000000	0.000000	0.000000	0.000000	1.322058	0.000000	0.000000	0.000000	0.000000	0.000000	13.220577	1.915820	2.668567	0.000000	0.000000	0.000000	1.321873	0.017219	0.067630	0.000000	0.000000	0.000000	0.000205	0.069688	0.000205	0.069688	0.000205	0.348935	0.000205	1.322058	13.220326	
2.000000	3.000000	0.000000	0.000000	0.000000	1.322069	0.000000	0.000000	0.000000	0.000000	0.000000	13.220693	1.917508	2.675194	0.000000	0.000000	0.000000	1.321893	0.016872	0.066277	0.000000	0.000000	0.000000	0.000196	0.068296	0.000196	0.068296	0.000196	0.341957	0.000196	1.322069	13.320020	
2.000000	3.000000	0.000000	0.000000	0.000000	1.322080	0.000000	0.000000	0.000000	0.000000	0.000000	13.220805	1.919161	2.681690	0.000000	0.000000	0.000000	1.321912	0.016533	0.064952	0.000000	0.000000	0.000000	0.000188	0.066933	0.000188	0.066933	0.000188	0.335118	0.000188	1.322080	13.420313	
2.000000	3.000000	0.000000	0.000000	0.000000	1.322091	0.000000	0.000000	0.000000	0.000000	0.000000	13.220913	1.920781	2.688055	0.000000	0.000000	0.000000	1.321930	0.016201	0.063654	0.000000	0.000000	0.000000	0.000180	0.065596	0.000180	0.065596	0.000180	0.328415	0.000180	1.322091	13.520281	
2.000000	3.000000	0.000000	0.000000	0.000000	1.322102	0.000000	0.000000	0.000000	0.000000	0.000000	13.221019	1.922369	2.694293	0.000000	0.000000	0.000000	1.321947	0.015875	0.062381	0.000000	0.000000	0.000000	0.000172	0.064286	0.000172	0.064286	0.000172	0.321847	0.000172	1.322102	13.620067	
2.000000	3.000000	0.000000	0.000000	0.000000	1.322112	0.000000	0.000000	0.000000	0.000000	0.000000	13.221121	1.923924	2.700406	0.000000	0.000000	0.000000	1.321963	0.015556	0.061134	0.000000	0.000000	0.000000	0.000165	0.063002	0.000165	0.063002	0.000165	0.315410	0.000165	1.322112	13.720028	
2.000000	3.000000	0.000000	0.000000	0.000000	1.322122	0.000000	0.000000	0.000000	0.000000	0.000000	13.221221	1.925449	2.706398	0.000000	0.000000	0.000000	1.321979	0.015244	0.059911	0.000000	0.000000	0.000000	0.000159	0.061743	0.000159	0.061743	0.000159	0.309102	0.000159	1.322122	13.820059	
2.000000	3.000000	0.000000	0.000000	0.000000	1.322132	0.000000	0.000000	0.000000	0.000000	0.000000	13.221318	1.926942	2.712269	0.000000	0.000000	0.000000	1.321994	0.014937	0.058714	0.000000	0.000000	0.000000	0.000153	0.060510	0.000153	0.060510	0.000153	0.302920	0.000153	1.322132	13.920046	
2.000000	3.000000	0.000000	0.000000	0.000000	1.322141	0.000000	0.000000	0.000000	0.000000	0.000000	13.221413	1.928406	2.718023	0.000000	0.000000	0.000000	1.322009	0.014638	0.057540	0.000000	0.000000	0.000000	0.000147	0.059301	0.000147	0.059301	0.000147	0.296861	0.000147	1.322141	14.020157	
2.000000	3.000000	0.000000	0.000000	0.000000	1.322150	0.000000	0.000000	0.000000	0.000000	0.000000	13.221505	1.929840	2.723662	0.000000	0.000000	0.000000	1.322023	0.014344	0.056389	0.000000	0.000000	0.000000	0.000141	0.058116	0.000141	0.058116	0.000141	0.290924	0.000141	1.322150	14.120069	
2.000000	3.000000	0.000000	0.000000	0.000000	1.322159	0.000000	0.000000	0.000000	0.000000	0.000000	13.221595	1.931246	2.729188	0.000000	0.000000	0.000000	1.322037	0.014056	0.055262	0.000000	0.000000	0.000000	0.000136	0.056955	0.000136	0.056955	0.000136	0.285106	0.000136	1.322159	14.220077	
2.000000	3.000000	0.000000	0.000000	0.000000	1.322168	0.000000	0.000000	0.000000	0.000000	0.000000	13.221682	1.932623	2.734604	0.000000	0.000000	0.000000	1.322050	0.013774	0.054157	0.000000	0.000000	0.000000	0.000131	0.055817	0.000131	0.055817	0.000131	0.279403	0.000131	1.322168	14.320044	
2.000000	3.000000	0.000000	0.000000	0.000000	1.322177	0.000000	0.000000	0.000000	0.000000	0.000000	13.221768	1.933973	2.739911	0.000000	0.000000	0.000000	1.322063	0.013497	0.053074	0.000000	0.000000	0.000000	0.000127	0.054702	0.000127	0.054702	0.000127	0.273815	0.000127	1.322177	14.420027	
2.000000	3.000000	0.000000	0.000000	0.000000	1.322185	0.000000	0.000000	0.000000	0.000000	0.000000	13.221852	1.935296	2.745112	0.000000	0.000000	0.000000	1.322075	0.013226	0.052012	0.000000	0.000000	0.000000	0.000123	0.053608	0.000123	0.053608	0.000123	0.268339	0.000123	1.322185	14.520058	
2.000000	3.000000	0.000000	0.000000	0.000000	1.322193	0.000000	0.000000	0.000000	0.000000	0.000000	13.221935	1.936592	2.750209	0.000000	0.000000	0.000000	1.322087	0.012961	0.050972	0.000000	0.000000	0.000000	0.000119	0.052537	0.000119	0.052537	0.000119	0.262972	0.000119	1.322193	14.620063	
2.000000	3.000000	0.000000	0.000000	0.000000	1.322202	0.000000	0.000000	0.000000	0.000000	0.000000	13.222015	1.937862	2.755205	0.000000	0.000000	0.000000	1.322098	0.012701	0.049953	0.000000	0.000000	0.000000	0.000115	0.051487	0.000115	0.051487	0.000115	0.257713	0.000115	1.322202	14.720157	
2.000000	3.000000	0.000000	0.000000	0.000000	1.322209	0.000000	0.000000	0.000000	0.000000	0.000000	13.222095	1.939107	2.760100	0.000000	0.000000	0.000000	1.322109	0.012446	0.048954	0.000000	0.000000	0.000000	0.000111	0.050458	0.000111	0.050458	0.000111	0.252559	0.000111	1.322209	14.820168	
2.000000	3.000000	0.000000	0.000000	0.000000	1.322217	0.000000	0.000000	0.000000	0.000000	0.000000	13.222173	1.940326	2.764898	0.000000	0.000000	0.000000	1.322120	0.012197	0.047975	0.000000	0.000000	0.000000	0.000108	0.049449	0.000108	0.049449	0.000108	0.247507	0.000108	1.322217	14.920252	
2.000000	3.000000	0.000000	0.000000	0.000000	1.322225	0.000000	0.000000	0.000000	0.000000	0.000000	13.222250	1.941521	2.769599	0.000000	0.000000	0.000000	1.322131	0.011952	0.047016	0.000000	0.000000	0.000000	0.000105	0.048461	0.000105	0.048461	0.000105	0.242557	0.000105	1.322225	15.020210	
2.000000	3.000000	0.000000	0.000000	0.000000	1.322233	0.000000	0.000000	0.000000	0.000000	0.000000	13.222325	1.942693	2.774207	0.000000	0.000000	0.000000	1.322141	0.011713	0.046076	0.000000	0.000000	0.000000	0.000102	0.047492	0.000102	0.047492	0.000102	0.237706	0.000102	1.322233	15.120088	
2.000000	3.000000	0.000000	0.000000	0.000000	1.322240	0.000000	0.000000	0.000000	0.000000	0.000000	13.222400	1.943840	2.778722	0.000000	0.000000	0.000000	1.322151	0.011478	0.045154	0.000000	0.000000	0.000000	0.000099	0.046542	0.000099	0.046542	0.000099	0.232952	0.000099	1.322240	15.220333	
2.000000	3.000000	0.000000	0.000000	0.000000	1.322247	0.000000	0.000000	0.000000	0.000000	0.000000	13.222473	1.944965	2.783148	0.000000	0.000000	0.000000	1.322160	0.011248	0.044252	0.000000	0.000000	0.000000	0.000097	0.045612	0.000097	0.045612	0.000097	0.228293	0.000097	1.322247	15.320187	
2.000000	3.000000	0.000000	0.000000	0.000000	1.322255	0.000000	0.000000	0.000000	0.000000	0.000000	13.222546	1.946067	2.787484	0.000000	0.000000	0.000000	1.322170	0.011022	0.043367	0.000000	0.000000	0.000000	0.000094	0.044700	0.000094	0.044700	0.000094	0.223727	0.000094	1.322255	15.420363	
2.000000	3.000000	0.000000	0.000000	0.000000	1.322262	0.000000	0.000000	0.000000	0.000000	0.000000	13.222618	1.947148	2.791734	0.000000	0.000000	0.000000	1.322179	0.010801	0.042499	0.000000	0.000000	0.000000	0.000092	0.043806	0.000092	0.043806	0.000092	0.219253	0.000092	1.322262	15.520235	
2.000000	3.000000	0.000000	0.000000	0.000000	1.322269	0.000000	0.000000	0.000000	0.000000	0.000000	13.222690	1.948206	2.795899	0.000000	0.000000	0.000000	1.322188	0.010585	0.041650	0.000000	0.000000	0.000000	0.000090	0.042930	0.000090	0.042930	0.000090	0.214868	0.000090	1.322269	15.620243	
2.000000	3.000000	0.000000	0.000000	0.000000	1.322276	0.000000	0.000000	0.000000	0.000000	0.000000	13.222761	1.949243	2.799981	0.000000	0.000000	0.000000	1.322197	0.010373	0.040817	0.000000	0.000000	0.000000	0.000088	0.042071	0.000088	0.042071	0.000088	0.210570	0.000088	1.322276	15.720132	
2.000000	3.000000	0.000000	0.000000	0.000000	1.322283	0.000000	0.000000	0.000000	0.000000	0.000000	13.222831	1.950260	2.803981	0.000000	0.000000	0.000000	1.322205	0.010165	0.040000	0.000000	0.000000	0.000000	0.000086	0.041230	0.000086	0.041230	0.000086	0.206359	0.000086	1.322283	15.820086	
2.000000	3.000000	0.000000	0.000000	0.000000	1.322290	0.000000	0.000000	0.000000	0.000000	0.000000	13.222901	1.951256	2.807901	0.000000	0.000000	0.000000	1.322214	0.009961	0.039200	0.000000	0.000000	0.000000	0.000085	0.040405	0.000085	0.040405	0.000085	0.202232	0.000085	1.322290	15.920102	
2.000000	3.000000	0.000000	0.000000	0.000000	1.322297	0.000000	0.000000	0.000000	0.000000	0.000000	13.222971	1.952232	2.811742	0.000000	0.000000	0.000000	1.322222	0.009762	0.038417	0.000000	0.000000	0.000000	0.000083	0.039597	0.000083	0.039597	0.000083	0.198187	0.000083	1.322297	16.020122	
2.000000	3.000000	0.000000	0.000000	0.000000	1.322304	0.000000	0.000000	0.000000	0.000000	0.000000	13.223041	1.953189	2.815507	0.000000	0.000000	0.000000	1.322230	0.009566	0.037648	0.000000	0.000000	0.000000	0.000082	0.038805	0.000082	0.038805	0.000082	0.194223	0.000082	1.322304	16.120118	
2.000000	3.000000	0.000000	0.000000	0.000000	1.322311	0.000000	0.000000	0.000000	0.000000	0.000000	13.223110	1.954126	2.819197	0.000000	0.000000	0.000000	1.322238	0.009375	0.036895	0.000000	0.000000	0.000000	0.000081	0.038029	0.000081	0.038029	0.000081	0.190339	0.000081	1.322311	16.220126	
2.000000	3.000000	0.000000	0.000000	0.000000	1.322318	0.000000	0.000000	0.000000	0.000000	0.000000	13.223180	1.955045	2.822813	0.000000	0.000000	0.000000	1.322246	0.009187	0.036158	0.000000	0.000000	0.000000	0.000080	0.037268	0.000080	0.037268	0.000080	0.186532	0.000080	1.322318	16.320303	
2.000000	3.000000	0.000000	0.000000	0.000000	1.322325	0.000000	0.000000	0.000000	0.000000	0.000000	13.223250	1.955945	2.826356	0.000000	0.000000	0.000000	1.322254	0.009003	0.035434	0.000000	0.000000	0.000000	0.000079	0.036522	0.000079	0.036522	0.000079	0.182801	0.000079	1.322325	16.420138	
2.000000	3.000000	0.000000	0.000000	0.000000	1.322332	0.000000	0.000000	0.000000	0.000000	0.000000	13.223320	1.956828	2.829829	0.000000	0.000000	0.000000	1.322262	0.008823	0.034726	0.000000	0.000000	0.000000	0.000078	0.035791	0.000078	0.035791	0.000078	0.179145	0.000078	1.322332	16.520437	
2.000000	3.000000	0.000000	0.000000	0.000000	1.322339	0.000000	0.000000	0.000000	0.000000	0.000000	13.223390	1.957692	2.833232	0.000000	0.000000	0.000000	1.322270	0.008646	0.034031	0.000000	0.000000	0.000000	0.000077	0.035075	0.000077	0.035075	0.000077	0.175562	0.000077	1.322339	16.620461	
2.000000	3.000000	0.000000	0.000000	0.000000	1.322346	0.000000	0.000000	0.000000	0.000000	0.000000	13.223461	1.958540	2.836567	0.000000	0.000000	0.000000	1.322277	0.008473	0.033351	0.000000	0.000000	0.000000	0.000076	0.034373	0.000076	0.034373	0.000076	0.172051	0.000076	1.322346	16.720154	
2.000000	3.000000	0.000000	0.000000	0.000000	1.322353	0.000000	0.000000	0.000000	0.000000	0.000000	13.223532	1.959370	2.839835	0.000000	0.000000	0.000000	1.322285	0.008304	0.032684	0.000000	0.000000	0.000000	0.000076	0.033685	0.000076	0.033685	0.000076	0.168610	0.000076	1.322353	16.820220	
2.000000	3.000000	0.000000	0.000000	0.000000	1.322360	0.000000	0.000000	0.000000	0.000000	0.000000	13.223604	1.960184	2.843038	0.000000	0.000000	0.000000	1.322293	0.008137	0.032030	0.000000	0.000000	0.000000	0.000075	0.033011	0.000075	0.033011	0.000075	0.165238	0.000075	1.322360	16.920317	
2.000000	3.000000	0.000000	0.000000	0.000000	1.322368	0.000000	0.000000	0.000000	0.000000	0.000000	13.223676	1.960981	2.846177	0.000000	0.000000	0.000000	1.322300	0.007975	0.031389	0.000000	0.000000	0.000000	0.000075	0.032350	0.000075	0.032350	0.000075	0.161933	0.000075	1.322368	17.020226	
2.000000	3.000000	0.000000	0.000000	0.000000	1.322375	0.000000	0.000000	0.000000	0.000000	0.000000	13.223750	1.961763	2.849253	0.000000	0.000000	0.000000	1.322308	0.007815	0.030762	0.000000	0.000000	0.000000	0.000075	0.031703	0.000075	0.031703	0.000075	0.158695	0.000075	1.322375	17.120216	
2.000000	3.000000	0.000000	0.000000	0.000000	1.322382	0.000000	0.000000	0.000000	0.000000	0.000000	13.223824	1.962529	2.852268	0.000000	0.000000	0.000000	1.322315	0.007659	0.030147	0.000000	0.000000	0.000000	0.000075	0.031068	0.000075	0.031068	0.000075	0.155521	0.000075	1.322382	17.220444	
2.000000	3.000000	0.000000	0.000000	0.000000	1.322390	0.000000	0.000000	0.000000	0.000000	0.000000	13.223900	1.963279	2.855222	0.000000	0.000000	0.000000	1.322323	0.007505	0.029544	0.000000	0.000000	0.000000	0.000075	0.030446	0.000075	0.030446	0.000075	0.152410	0.000075	1.322390	17.320275	
2.000000	3.000000	0.000000	0.000000	0.000000	1.322398	0.000000	0.000000	0.000000	0.000000	0.000000	13.223977	1.964015	2.858118	0.000000	0.000000	0.000000	1.322330	0.007355	0.028953	0.000000	0.000000	0.000000	0.000075	0.029836	0.000075	0.029836	0.000075	0.149362	0.000075	1.322398	17.420240	
2.000000	3.000000	0.000000	0.000000	0.000000	1.322406	0.000000	0.000000	0.000000	0.000000	0.000000	13.224056	1.964735	2.860955	0.000000	0.000000	0.000000	1.322338	0.007208	0.028374	0.000000	0.000000	0.000000	0.000076	0.029238	0.000076	0.029238	0.000076	0.146375	0.000076	1.322406	17.520215	
2.000000	3.000000	0.000000	0.000000	0.000000	1.322414	0.000000	0.000000	0.000000	0.000000	0.000000	13.224136	1.965442	2.863736	0.000000	0.000000	0.000000	1.322345	0.007064	0.027806	0.000000	0.000000	0.000000	0.000076	0.028653	0.000076	0.028653	0.000076	0.143447	0.000076	1.322414	17.620256	
2.000000	3.000000	0.000000	0.000000	0.000000	1.322422	0.000000	0.000000	0.000000	0.000000	0.000000	13.224218	1.966134	2.866461	0.000000	0.000000	0.000000	1.322353	0.006923	0.027250	0.000000	0.000000	0.000000	0.000077	0.028079	0.000077	0.028079	0.000077	0.140578	0.000077	1.322422	17.720256	
2.000000	3.000000	0.000000	0.000000	0.000000	1.322430	0.000000	0.000000	0.000000	0.000000	0.000000	13.224302	1.966813	2.869131	0.000000	0.000000	0.000000	1.322361	0.006784	0.026705	0.000000	0.000000	0.000000	0.000077	0.027516	0.000077	0.027516	0.000077	0.137767	0.000077	1.322430	17.820265	
2.000000	3.000000	0.000000	0.000000	0.000000	1.322439	0.000000	0.000000	0.000000	0.000000	0.000000	13.224388	1.967477	2.871748	0.000000	0.000000	0.000000	1.322368	0.006649	0.026171	0.000000	0.000000	0.000000	0.000078	0.026964	0.000078	0.026964	0.000078	0.135011	0.000078	1.322439	17.920257	
2.000000	3.000000	0.000000	0.000000	0.000000	1.322448	0.000000	0.000000	0.000000	0.000000	0.000000	13.224477	1.968129	2.874313	0.000000	0.000000	0.000000	1.322376	0.006516	0.025647	0.000000	0.000000	0.000000	0.000079	0.026424	0.000079	0.026424	0.000079	0.132311	0.000079	1.322448	18.020539	
2.000000	3.000000	0.000000	0.000000	0.000000	1.322457	0.000000	0.000000	0.000000	0.000000	0.000000	13.224568	1.968768	2.876826	0.000000	0.000000	0.000000	1.322384	0.006386	0.025134	0.000000	0.000000	0.000000	0.000080	0.025894	0.000080	0.025894	0.000080	0.129665	0.000080	1.322457	18.120537	
2.000000	3.000000	0.000000	0.000000	0.000000	1.322466	0.000000	0.000000	0.000000	0.000000	0.000000	13.224663	1.969393	2.879290	0.000000	0.000000	0.000000	1.322393	0.006258	0.024632	0.000000	0.000000	0.000000	0.000082	0.025375	0.000082	0.025375	0.000082	0.127072	0.000082	1.322466	18.220239	
2.000000	3.000000	0.000000	0.000000	0.000000	1.322476	0.000000	0.000000	0.000000	0.000000	0.000000	13.224760	1.970007	2.881703	0.000000	0.000000	0.000000	1.322401	0.006133	0.024139	0.000000	0.000000	0.000000	0.000083	0.024866	0.000083	0.024866	0.000083	0.124530	0.000083	1.322476	18.320273	
2.000000	3.000000	0.000000	0.000000	0.000000	1.322486	0.000000	0.000000	0.000000	0.000000	0.000000	13.224861	1.970608	2.884069	0.000000	0.000000	0.000000	1.322409	0.006011	0.023656	0.000000	0.000000	0.000000	0.000085	0.024367	0.000085	0.024367	0.000085	0.122040	0.000085	1.322486	18.420256	
2.000000	3.000000	0.000000	0.000000	0.000000	1.322497	0.000000	0.000000	0.000000	0.000000	0.000000	13.224966	1.971197	2.886387	0.000000	0.000000	0.000000	1.322418	0.005891	0.023183	0.000000	0.000000	0.000000	0.000087	0.023878	0.000087	0.023878	0.000087	0.119599	0.000087	1.322497	18.520259	
2.000000	3.000000	0.000000	0.000000	0.000000	1.322508	0.000000	0.000000	0.000000	0.000000	0.000000	13.225075	1.971774	2.888659	0.000000	0.000000	0.000000	1.322427	0.005773	0.022719	0.000000	0.000000	0.000000	0.000089	0.023398	0.000089	0.023398	0.000089	0.117207	0.000089	1.322508	18.620255	
2.000000	3.000000	0.000000	0.000000	0.000000	1.322519	0.000000	0.000000	0.000000	0.000000	0.000000	13.225189	1.972340	2.890886	0.000000	0.000000	0.000000	1.322436	0.005658	0.022265	0.000000	0.000000	0.000000	0.000092	0.022928	0.000092	0.022928	0.000092	0.114863	0.000092	1.322519	18.720241	
2.000000	3.000000	0.000000	0.000000	0.000000	1.322531	0.000000	0.000000	0.000000	0.000000	0.000000	13.225308	1.972895	2.893068	0.000000	0.000000	0.000000	1.322446	0.005545	0.021819	0.000000	0.000000	0.000000	0.000095	0.022467	0.000095	0.022467	0.000095	0.112565	0.000095	1.322531	18.820251	
2.000000	3.000000	0.000000	0.000000	0.000000	1.322543	0.000000	0.000000	0.000000	0.000000	0.000000	13.225433	1.973438	2.895206	0.000000	0.000000	0.000000	1.322455	0.005435	0.021383	0.000000	0.000000	0.000000	0.000098	0.022016	0.000098	0.022016	0.000098	0.110314	0.000098	1.322543	18.920255	
2.000000	3.000000	0.000000	0.000000	0.000000	1.322556	0.000000	0.000000	0.000000	0.000000	0.000000	13.225564	1.973971	2.897302	0.000000	0.000000	0.000000	1.322466	0.005327	0.020955	0.000000	0.000000	0.000000	0.000101	0.021573	0.000101	0.021573	0.000101	0.108108	0.000101	1.322556	19.020343	
2.000000	3.000000	0.000000	0.000000	0.000000	1.322570	0.000000	0.000000	0.000000	0.000000	0.000000	13.225701	1.974493	2.899355	0.000000	0.000000	0.000000	1.322476	0.005220	0.020536	0.000000	0.000000	0.000000	0.000105	0.021138	0.000105	0.021138	0.000105	0.105946	0.000105	1.322570	19.120283	
2.000000	3.000000	0.000000	0.000000	0.000000	1.322585	0.000000	0.000000	0.000000	0.000000	0.000000	13.225846	1.975004	2.901368	0.000000	0.000000	0.000000	1.322487	0.005117	0.020125	0.000000	0.000000	0.000000	0.000109	0.020713	0.000109	0.020713	0.000109	0.103827	0.000109	1.322585	19.220510	
2.000000	3.000000	0.000000	0.000000	0.000000	1.322600	0.000000	0.000000	0.000000	0.000000	0.000000	13.226000	1.975506	2.903340	0.000000	0.000000	0.000000	1.322498	0.005015	0.019722	0.000000	0.000000	0.000000	0.000113	0.020295	0.000113	0.020295	0.000113	0.101750	0.000113	1.322600	19.320290	
2.000000	3.000000	0.000000	0.000000	0.000000	1.322616	0.000000	0.000000	0.000000	0.000000	0.000000	13.226162	1.975997	2.905273	0.000000	0.000000	0.000000	1.322510	0.004915	0.019328	0.000000	0.000000	0.000000	0.000118	0.019886	0.000118	0.019886	0.000118	0.099715	0.000118	1.322616	19.420352	
