2.000000	3.000000	0.000000	0.000000	0.000000	0.000000	0.000000	0.000000	0.000000	0.000000	0.000000	0.000000	0.000000	-0.000000	0.000000	0.000000	0.000000	0.000000	0.000000	0.000000	0.000000	0.000000	0.000000	0.000000	0.000000	0.000000	0.000000	0.000000	3.605551	0.982794	0.982794	0.122462	
2.000000	3.000000	0.000000	0.000000	0.000000	0.000000	0.000000	0.000000	0.000000	0.000000	0.000000	0.000000	0.000000	-0.000000	0.000000	0.000000	0.000000	0.000000	0.000000	0.000000	0.000000	0.000000	0.000000	0.000000	0.000000	0.000000	0.000000	0.000000	3.605551	0.982794	0.982794	0.324965	
2.000000	3.000000	0.000000	0.000000	0.000000	0.000000	0.000000	0.000000	0.000000	0.000000	0.000000	0.000000	0.003595	-0.000269	0.000000	0.000000	0.000000	0.016874	0.029996	0.000506	0.000000	0.000000	0.000000	0.174533	0.000000	0.000000	0.030000	0.174533	3.603782	0.966791	0.983665	0.424514	
2.000000	3.000000	0.000000	0.000000	0.000000	0.000000	0.000000	0.000000	0.000000	0.000000	0.000000	0.000000	0.008595	-0.000365	0.000000	0.000000	0.000000	0.052156	0.060917	0.003180	0.000000	0.000000	0.000000	0.349066	0.000000	0.000000	0.061000	0.349066	3.601095	0.932680	0.984836	0.529708	
2.000000	3.000000	0.000000	0.000000	0.000000	0.000000	0.000000	0.000000	0.000000	0.000000	0.000000	0.000000	0.017804	0.000058	0.000000	0.000000	0.000000	0.104312	0.090505	0.009475	0.000000	0.000000	0.000000	0.523599	0.000000	0.000000	0.091000	0.523599	3.595657	0.882593	0.986905	0.631406	
2.000000	3.000000	0.000000	0.000000	0.000000	0.000000	0.000000	0.000000	0.000000	0.000000	0.000000	0.000000	0.030437	0.001616	0.000000	0.000000	0.000000	0.174876	0.119155	0.021052	0.000000	0.000000	0.000000	0.698132	0.000000	0.000000	0.121000	0.698132	3.587407	0.814727	0.989603	0.733698	
2.000000	3.000000	0.000000	0.000000	0.000000	0.000000	0.000000	0.000000	0.000000	0.000000	0.000000	0.000000	0.045088	0.004135	0.000000	0.000000	0.000000	0.243906	0.147016	0.036586	0.000000	0.000000	0.000000	0.750492	0.000000	0.000000	0.151500	0.750492	3.577274	0.748734	0.992640	0.833701	
2.000000	3.000000	0.000000	0.000000	0.000000	0.000000	0.000000	0.000000	0.000000	0.000000	0.000000	0.000000	0.063776	0.008577	0.000000	0.000000	0.000000	0.331344	0.171627	0.059045	0.000000	0.000000	0.000000	0.715585	0.000000	0.000000	0.181500	0.715585	3.563366	0.665007	0.996351	0.939854	
2.000000	3.000000	0.000000	0.000000	0.000000	0.000000	0.000000	0.000000	0.000000	0.000000	0.000000	0.000000	0.083523	0.015999	0.000000	0.000000	0.000000	0.383500	0.197064	0.079511	0.000000	0.000000	0.000000	0.680678	0.000000	0.000000	0.212500	0.680678	3.546428	0.616388	0.999888	1.044112	
2.000000	3.000000	0.000000	0.000000	0.000000	0.000000	0.000000	0.000000	0.000000	0.000000	0.000000	0.000000	0.105903	0.025171	0.000000	0.000000	0.000000	0.454064	0.217928	0.106366	0.000000	0.000000	0.000000	0.628319	0.000000	0.000000	0.242500	0.628319	3.526643	0.549758	1.003822	1.147686	
2.000000	3.000000	0.000000	0.000000	0.000000	0.000000	0.000000	0.000000	0.000000	0.000000	0.000000	0.000000	0.130744	0.037496	0.000000	0.000000	0.000000	0.506220	0.238324	0.132128	0.000000	0.000000	0.000000	0.575959	0.000000	0.000000	0.272500	0.575959	3.502934	0.501694	1.007914	1.250735	
2.000000	3.000000	0.000000	0.000000	0.000000	0.000000	0.000000	0.000000	0.000000	0.000000	0.000000	0.000000	0.157431	0.052186	0.000000	0.000000	0.000000	0.558376	0.257403	0.160797	0.000000	0.000000	0.000000	0.523599	0.000000	0.000000	0.303500	0.523599	3.476301	0.453776	1.012152	1.352837	
2.000000	3.000000	0.000000	0.000000	0.000000	0.000000	0.000000	0.000000	0.000000	0.000000	0.000000	0.000000	0.186579	0.070030	0.000000	0.000000	0.000000	0.610532	0.273251	0.191197	0.000000	0.000000	0.000000	0.471239	0.000000	0.000000	0.333500	0.471239	3.445754	0.406048	1.016580	1.455471	
2.000000	3.000000	0.000000	0.000000	0.000000	0.000000	0.000000	0.000000	0.000000	0.000000	0.000000	0.000000	0.215997	0.091469	0.000000	0.000000	0.000000	0.662688	0.287350	0.224254	0.000000	0.000000	0.000000	0.436332	0.000000	0.000000	0.364500	0.436332	3.412070	0.357917	1.020605	1.560866	
2.000000	3.000000	0.000000	0.000000	0.000000	0.000000	0.000000	0.000000	0.000000	0.000000	0.000000	0.000000	0.247875	0.116061	0.000000	0.000000	0.000000	0.697970	0.302246	0.253531	0.000000	0.000000	0.000000	0.401426	0.000000	0.000000	0.394500	0.401426	3.374470	0.326877	1.024847	1.664151	
2.000000	3.000000	0.000000	0.000000	0.000000	0.000000	0.000000	0.000000	0.000000	0.000000	0.000000	0.000000	0.314803	0.174186	0.000000	0.000000	0.000000	0.767000	0.327958	0.316107	0.000000	0.000000	0.000000	0.314159	0.000000	0.000000	0.455500	0.314159	3.290154	0.266059	1.033059	1.767138	
2.000000	3.000000	0.000000	0.000000	0.000000	0.000000	0.000000	0.000000	0.000000	0.000000	0.000000	0.000000	0.349854	0.207719	0.000000	0.000000	0.000000	0.802282	0.337455	0.349047	0.000000	0.000000	0.000000	0.314159	0.000000	0.000000	0.485500	0.314159	3.243426	0.234763	1.037045	1.870799	
2.000000	3.000000	0.000000	0.000000	0.000000	0.000000	0.000000	0.000000	0.000000	0.000000	0.000000	0.000000	0.386577	0.245021	0.000000	0.000000	0.000000	0.820690	0.352107	0.377880	0.000000	0.000000	0.000000	0.296706	0.000000	0.000000	0.516500	0.296706	3.192655	0.220313	1.041003	1.972269	
2.000000	3.000000	0.000000	0.000000	0.000000	0.000000	0.000000	0.000000	0.000000	0.000000	0.000000	0.000000	0.424358	0.285303	0.000000	0.000000	0.000000	0.854438	0.358855	0.412171	0.000000	0.000000	0.000000	0.244346	0.000000	0.000000	0.546500	0.244346	3.138826	0.190466	1.044904	2.076343	
2.000000	3.000000	0.000000	0.000000	0.000000	0.000000	0.000000	0.000000	0.000000	0.000000	0.000000	0.000000	0.462407	0.329180	0.000000	0.000000	0.000000	0.872846	0.370487	0.441692	0.000000	0.000000	0.000000	0.209440	0.000000	0.000000	0.576500	0.209440	3.081797	0.175590	1.048436	2.179912	
2.000000	3.000000	0.000000	0.000000	0.000000	0.000000	0.000000	0.000000	0.000000	0.000000	0.000000	0.000000	0.501514	0.376038	0.000000	0.000000	0.000000	0.889720	0.382500	0.471964	0.000000	0.000000	0.000000	0.209440	0.000000	0.000000	0.607500	0.209440	3.021695	0.162195	1.051915	2.283024	
2.000000	3.000000	0.000000	0.000000	0.000000	0.000000	0.000000	0.000000	0.000000	0.000000	0.000000	0.000000	0.541679	0.425875	0.000000	0.000000	0.000000	0.909583	0.391473	0.503146	0.000000	0.000000	0.000000	0.174533	0.000000	0.000000	0.637500	0.174533	2.958516	0.145767	1.055350	2.382852	
2.000000	3.000000	0.000000	0.000000	0.000000	0.000000	0.000000	0.000000	0.000000	0.000000	0.000000	0.000000	0.583516	0.479482	0.000000	0.000000	0.000000	0.926457	0.400947	0.533664	0.000000	0.000000	0.000000	0.157080	0.000000	0.000000	0.667500	0.157080	2.891269	0.132344	1.058801	2.485960	
2.000000	3.000000	0.000000	0.000000	0.000000	0.000000	0.000000	0.000000	0.000000	0.000000	0.000000	0.000000	0.625796	0.535280	0.000000	0.000000	0.000000	0.943331	0.410085	0.565449	0.000000	0.000000	0.000000	0.157080	0.000000	0.000000	0.698500	0.157080	2.821929	0.118844	1.062175	2.588017	
2.000000	3.000000	0.000000	0.000000	0.000000	0.000000	0.000000	0.000000	0.000000	0.000000	0.000000	0.000000	0.669748	0.594847	0.000000	0.000000	0.000000	0.961739	0.416771	0.597507	0.000000	0.000000	0.000000	0.139626	0.000000	0.000000	0.728500	0.139626	2.748515	0.103849	1.065588	2.691696	
2.000000	3.000000	0.000000	0.000000	0.000000	0.000000	0.000000	0.000000	0.000000	0.000000	0.000000	0.000000	0.712123	0.655644	0.000000	0.000000	0.000000	0.961739	0.422492	0.605709	0.000000	0.000000	0.000000	0.122173	0.000000	0.000000	0.738500	0.122173	2.674814	0.106711	1.068451	2.794324	
2.000000	3.000000	0.000000	0.000000	0.000000	0.000000	0.000000	0.000000	0.000000	0.000000	0.000000	0.000000	0.754499	0.716442	0.000000	0.000000	0.000000	0.978613	0.412211	0.612751	0.000000	0.000000	0.000000	0.122173	0.000000	0.000000	0.738500	0.122173	2.601137	0.092862	1.071475	2.897112	
2.000000	3.000000	0.000000	0.000000	0.000000	0.000000	0.000000	0.000000	0.000000	0.000000	0.000000	0.000000	0.796701	0.778643	0.000000	0.000000	0.000000	0.995487	0.402358	0.620458	0.000000	0.000000	0.000000	0.104720	0.000000	0.000000	0.739500	0.104720	2.526333	0.078864	1.074351	3.001101	
2.000000	3.000000	0.000000	0.000000	0.000000	0.000000	0.000000	0.000000	0.000000	0.000000	0.000000	0.000000	0.837500	0.840671	0.000000	0.000000	0.000000	0.995487	0.401813	0.619619	0.000000	0.000000	0.000000	0.104720	0.000000	0.000000	0.738500	0.104720	2.452368	0.081445	1.076932	3.108884	
2.000000	3.000000	0.000000	0.000000	0.000000	0.000000	0.000000	0.000000	0.000000	0.000000	0.000000	0.000000	0.877510	0.903314	0.000000	0.000000	0.000000	1.013895	0.390340	0.626911	0.000000	0.000000	0.000000	0.087266	0.000000	0.000000	0.738500	0.087266	2.378251	0.065364	1.079260	3.214768	
2.000000	3.000000	0.000000	0.000000	0.000000	0.000000	0.000000	0.000000	0.000000	0.000000	0.000000	0.000000	0.916732	0.966572	0.000000	0.000000	0.000000	1.013895	0.389811	0.626062	0.000000	0.000000	0.000000	0.069813	0.000000	0.000000	0.737500	0.069813	2.303974	0.067414	1.081309	3.319158	
2.000000	3.000000	0.000000	0.000000	0.000000	0.000000	0.000000	0.000000	0.000000	0.000000	0.000000	0.000000	0.955955	1.029830	0.000000	0.000000	0.000000	1.030769	0.378678	0.631692	0.000000	0.000000	0.000000	0.087266	0.000000	0.000000	0.736500	0.087266	2.229708	0.052726	1.083495	3.424586	
2.000000	3.000000	0.000000	0.000000	0.000000	0.000000	0.000000	0.000000	0.000000	0.000000	0.000000	0.000000	0.994561	1.092301	0.000000	0.000000	0.000000	1.030769	0.378164	0.630835	0.000000	0.000000	0.000000	0.069813	0.000000	0.000000	0.735500	0.069813	2.156438	0.054980	1.085750	3.528061	
2.000000	3.000000	0.000000	0.000000	0.000000	0.000000	0.000000	0.000000	0.000000	0.000000	0.000000	0.000000	1.032995	1.156174	0.000000	0.000000	0.000000	1.030769	0.377136	0.629119	0.000000	0.000000	0.000000	0.069813	0.000000	0.000000	0.733500	0.069813	2.082016	0.057007	1.087776	3.632550	
2.000000	3.000000	0.000000	0.000000	0.000000	0.000000	0.000000	0.000000	0.000000	0.000000	0.000000	0.000000	1.070026	1.219875	0.000000	0.000000	0.000000	1.049177	0.364495	0.634220	0.000000	0.000000	0.000000	0.052360	0.000000	0.000000	0.731500	0.052360	2.008407	0.040196	1.089373	3.736263	
2.000000	3.000000	0.000000	0.000000	0.000000	0.000000	0.000000	0.000000	0.000000	0.000000	0.000000	0.000000	1.107056	1.283575	0.000000	0.000000	0.000000	1.049177	0.363000	0.631619	0.000000	0.000000	0.000000	0.052360	0.000000	0.000000	0.728500	0.052360	1.934803	0.041915	1.091092	3.842564	
2.000000	3.000000	0.000000	0.000000	0.000000	0.000000	0.000000	0.000000	0.000000	0.000000	0.000000	0.000000	1.143471	1.346488	0.000000	0.000000	0.000000	1.049177	0.361505	0.629018	0.000000	0.000000	0.000000	0.052360	0.000000	0.000000	0.725500	0.052360	1.862188	0.043671	1.092848	3.948190	
2.000000	3.000000	0.000000	0.000000	0.000000	0.000000	0.000000	0.000000	0.000000	0.000000	0.000000	0.000000	1.179097	1.410015	0.000000	0.000000	0.000000	1.066051	0.349390	0.632403	0.000000	0.000000	0.000000	0.034907	0.000000	0.000000	0.722500	0.034907	1.789395	0.028146	1.094197	4.054544	
2.000000	3.000000	0.000000	0.000000	0.000000	0.000000	0.000000	0.000000	0.000000	0.000000	0.000000	0.000000	1.215512	1.472927	0.000000	0.000000	0.000000	1.066051	0.347455	0.628902	0.000000	0.000000	0.000000	0.052360	0.000000	0.000000	0.718500	0.052360	1.716791	0.030182	1.096233	4.157941	
2.000000	3.000000	0.000000	0.000000	0.000000	0.000000	0.000000	0.000000	0.000000	0.000000	0.000000	0.000000	1.250524	1.535666	0.000000	0.000000	0.000000	1.066051	0.345037	0.624525	0.000000	0.000000	0.000000	0.052360	0.000000	0.000000	0.713500	0.052360	1.644989	0.031686	1.097737	4.263492	
2.000000	3.000000	0.000000	0.000000	0.000000	0.000000	0.000000	0.000000	0.000000	0.000000	0.000000	0.000000	1.284132	1.598233	0.000000	0.000000	0.000000	1.066051	0.342619	0.620149	0.000000	0.000000	0.000000	0.034907	0.000000	0.000000	0.708500	0.034907	1.573982	0.032582	1.098633	4.368776	
2.000000	3.000000	0.000000	0.000000	0.000000	0.000000	0.000000	0.000000	0.000000	0.000000	0.000000	0.000000	1.318528	1.660183	0.000000	0.000000	0.000000	1.082925	0.329294	0.620541	0.000000	0.000000	0.000000	0.034907	0.000000	0.000000	0.702500	0.034907	1.503168	0.017342	1.100268	4.474338	
2.000000	3.000000	0.000000	0.000000	0.000000	0.000000	0.000000	0.000000	0.000000	0.000000	0.000000	0.000000	1.352135	1.722749	0.000000	0.000000	0.000000	1.082925	0.326013	0.614358	0.000000	0.000000	0.000000	0.034907	0.000000	0.000000	0.695500	0.034907	1.432165	0.018453	1.101378	4.578928	
2.000000	3.000000	0.000000	0.000000	0.000000	0.000000	0.000000	0.000000	0.000000	0.000000	0.000000	0.000000	1.384513	1.783739	0.000000	0.000000	0.000000	1.082925	0.322263	0.607291	0.000000	0.000000	0.000000	0.034907	0.000000	0.000000	0.687500	0.034907	1.363127	0.019396	1.102322	4.683943	
2.000000	3.000000	0.000000	0.000000	0.000000	0.000000	0.000000	0.000000	0.000000	0.000000	0.000000	0.000000	1.417063	1.843325	0.000000	0.000000	0.000000	1.082925	0.318044	0.599341	0.000000	0.000000	0.000000	0.017453	0.000000	0.000000	0.678500	0.017453	1.295266	0.021047	1.103973	4.788711	
2.000000	3.000000	0.000000	0.000000	0.000000	0.000000	0.000000	0.000000	0.000000	0.000000	0.000000	0.000000	1.448825	1.903526	0.000000	0.000000	0.000000	1.082925	0.313357	0.590508	0.000000	0.000000	0.000000	0.017453	0.000000	0.000000	0.668500	0.017453	1.227212	0.022082	1.105008	4.894534	
2.000000	3.000000	0.000000	0.000000	0.000000	0.000000	0.000000	0.000000	0.000000	0.000000	0.000000	0.000000	1.479357	1.962150	0.000000	0.000000	0.000000	1.082925	0.308201	0.580791	0.000000	0.000000	0.000000	0.017453	0.000000	0.000000	0.657500	0.017453	1.161121	0.022900	1.105825	5.001566	
2.000000	3.000000	0.000000	0.000000	0.000000	0.000000	0.000000	0.000000	0.000000	0.000000	0.000000	0.000000	1.538747	2.075631	0.000000	0.000000	0.000000	1.101333	0.285243	0.562287	0.000000	0.000000	0.000000	0.034907	0.000000	0.000000	0.630500	0.034907	1.033060	0.006622	1.107955	5.110626	
2.000000	3.000000	0.000000	0.000000	0.000000	0.000000	0.000000	0.000000	0.000000	0.000000	0.000000	0.000000	1.567606	2.130486	0.000000	0.000000	0.000000	1.101333	0.278457	0.548910	0.000000	0.000000	0.000000	0.034907	0.000000	0.000000	0.615500	0.034907	0.971091	0.007992	1.109325	5.214930	
2.000000	3.000000	0.000000	0.000000	0.000000	0.000000	0.000000	0.000000	0.000000	0.000000	0.000000	0.000000	1.595676	2.185958	0.000000	0.000000	0.000000	1.101333	0.278457	0.548910	0.000000	0.000000	0.000000	0.034907	0.000000	0.000000	0.615500	0.034907	0.908924	0.008470	1.109803	5.321138	
2.000000	3.000000	0.000000	0.000000	0.000000	0.000000	0.000000	0.000000	0.000000	0.000000	0.000000	0.000000	1.622690	2.238448	0.000000	0.000000	0.000000	1.101333	0.265111	0.522601	0.000000	0.000000	0.000000	0.000000	0.000000	0.000000	0.586000	0.000000	0.849896	0.009462	1.110796	5.426308	
2.000000	3.000000	0.000000	0.000000	0.000000	0.000000	0.000000	0.000000	0.000000	0.000000	0.000000	0.000000	1.648472	2.289363	0.000000	0.000000	0.000000	1.101333	0.254027	0.500752	0.000000	0.000000	0.000000	0.017453	0.000000	0.000000	0.561500	0.017453	0.792829	0.010092	1.111425	5.532347	
2.000000	3.000000	0.000000	0.000000	0.000000	0.000000	0.000000	0.000000	0.000000	0.000000	0.000000	0.000000	1.673197	2.337297	0.000000	0.000000	0.000000	1.101333	0.244074	0.481132	0.000000	0.000000	0.000000	0.017453	0.000000	0.000000	0.539500	0.017453	0.738902	0.011322	1.112655	5.638096	
2.000000	3.000000	0.000000	0.000000	0.000000	0.000000	0.000000	0.000000	0.000000	0.000000	0.000000	0.000000	1.696692	2.383654	0.000000	0.000000	0.000000	1.101333	0.234121	0.461512	0.000000	0.000000	0.000000	0.017453	0.000000	0.000000	0.517500	0.017453	0.686934	0.012150	1.113483	5.747378	
2.000000	3.000000	0.000000	0.000000	0.000000	0.000000	0.000000	0.000000	0.000000	0.000000	0.000000	0.000000	1.718956	2.428435	0.000000	0.000000	0.000000	1.101333	0.223715	0.441001	0.000000	0.000000	0.000000	0.017453	0.000000	0.000000	0.494500	0.017453	0.636924	0.012470	1.113803	5.854400	
2.000000	3.000000	0.000000	0.000000	0.000000	0.000000	0.000000	0.000000	0.000000	0.000000	0.000000	0.000000	1.740778	2.471023	0.000000	0.000000	0.000000	1.101333	0.212858	0.419597	0.000000	0.000000	0.000000	0.017453	0.000000	0.000000	0.470500	0.017453	0.589077	0.013812	1.115145	5.960898	
2.000000	3.000000	0.000000	0.000000	0.000000	0.000000	0.000000	0.000000	0.000000	0.000000	0.000000	0.000000	1.760754	2.511247	0.000000	0.000000	0.000000	1.118207	0.195252	0.401545	0.000000	0.000000	0.000000	0.017453	0.000000	0.000000	0.446500	0.017453	0.544167	-0.002626	1.115582	6.071816	
2.000000	3.000000	0.000000	0.000000	0.000000	0.000000	0.000000	0.000000	0.000000	0.000000	0.000000	0.000000	1.779500	2.549894	0.000000	0.000000	0.000000	1.118207	0.184320	0.379063	0.000000	0.000000	0.000000	0.017453	0.000000	0.000000	0.421500	0.017453	0.501214	-0.002934	1.115273	6.177399	
2.000000	3.000000	0.000000	0.000000	0.000000	0.000000	0.000000	0.000000	0.000000	0.000000	0.000000	0.000000	1.797188	2.585561	0.000000	0.000000	0.000000	1.118207	0.173388	0.356580	0.000000	0.000000	0.000000	0.017453	0.000000	0.000000	0.396500	0.017453	0.461402	-0.002514	1.115693	6.283509	
2.000000	3.000000	0.000000	0.000000	0.000000	0.000000	0.000000	0.000000	0.000000	0.000000	0.000000	0.000000	1.813646	2.619651	0.000000	0.000000	0.000000	1.118207	0.162674	0.334546	0.000000	0.000000	0.000000	0.000000	0.000000	0.000000	0.372000	0.000000	0.423548	-0.002991	1.115216	6.389337	
2.000000	3.000000	0.000000	0.000000	0.000000	0.000000	0.000000	0.000000	0.000000	0.000000	0.000000	0.000000	1.829046	2.650761	0.000000	0.000000	0.000000	1.118207	0.151741	0.312063	0.000000	0.000000	0.000000	0.000000	0.000000	0.000000	0.347000	0.000000	0.388835	-0.002627	1.115581	6.495700	
2.000000	3.000000	0.000000	0.000000	0.000000	0.000000	0.000000	0.000000	0.000000	0.000000	0.000000	0.000000	1.844004	2.679679	0.000000	0.000000	0.000000	1.118207	0.141246	0.290480	0.000000	0.000000	0.000000	0.000000	0.000000	0.000000	0.323000	0.000000	0.356286	-0.000603	1.117604	6.603439	
2.000000	3.000000	0.000000	0.000000	0.000000	0.000000	0.000000	0.000000	0.000000	0.000000	0.000000	0.000000	1.856328	2.706848	0.000000	0.000000	0.000000	1.118207	0.131189	0.269795	0.000000	0.000000	0.000000	0.000000	0.000000	0.000000	0.300000	0.000000	0.326466	-0.003101	1.115106	6.710844	
2.000000	3.000000	0.000000	0.000000	0.000000	0.000000	0.000000	0.000000	0.000000	0.000000	0.000000	0.000000	1.869614	2.731997	0.000000	0.000000	0.000000	1.118207	0.121568	0.250010	0.000000	0.000000	0.000000	0.000000	0.000000	0.000000	0.278000	0.000000	0.298037	-0.000209	1.117999	6.818801	
2.000000	3.000000	0.000000	0.000000	0.000000	0.000000	0.000000	0.000000	0.000000	0.000000	0.000000	0.000000	1.891263	2.775990	0.000000	0.000000	0.000000	1.118207	0.103202	0.212239	0.000000	0.000000	0.000000	0.000000	0.000000	0.000000	0.236000	0.000000	0.249007	0.000680	1.118888	6.927960	
2.000000	3.000000	0.000000	0.000000	0.000000	0.000000	0.000000	0.000000	0.000000	0.000000	0.000000	0.000000	1.900857	2.796409	0.000000	0.000000	0.000000	1.118207	0.094893	0.195152	0.000000	0.000000	0.000000	0.000000	0.000000	0.000000	0.217000	0.000000	0.226448	-0.000583	1.117624	7.035228	
2.000000	3.000000	0.000000	0.000000	0.000000	0.000000	0.000000	0.000000	0.000000	0.000000	0.000000	0.000000	1.910624	2.815425	0.000000	0.000000	0.000000	1.118207	0.094893	0.195152	0.000000	0.000000	0.000000	0.000000	0.000000	0.000000	0.217000	0.000000	0.205076	0.001639	1.119846	7.143094	
2.000000	3.000000	0.000000	0.000000	0.000000	0.000000	0.000000	0.000000	0.000000	0.000000	0.000000	0.000000	1.918545	2.832076	0.000000	0.000000	0.000000	1.118207	0.081774	0.168172	0.000000	0.000000	0.000000	0.000000	0.000000	0.000000	0.187000	0.000000	0.186637	0.000956	1.119163	7.251427	
2.000000	3.000000	0.000000	0.000000	0.000000	0.000000	0.000000	0.000000	0.000000	0.000000	0.000000	0.000000	1.926639	2.847323	0.000000	0.000000	0.000000	1.118207	0.073028	0.150186	0.000000	0.000000	0.000000	0.000000	0.000000	0.000000	0.167000	0.000000	0.169387	0.004665	1.122872	7.357312	
2.000000	3.000000	0.000000	0.000000	0.000000	0.000000	0.000000	0.000000	0.000000	0.000000	0.000000	0.000000	1.932715	2.861609	0.000000	0.000000	0.000000	1.118207	0.066469	0.136696	0.000000	0.000000	0.000000	0.000000	0.000000	0.000000	0.152000	0.000000	0.153881	0.000044	1.118252	7.464939	
2.000000	3.000000	0.000000	0.000000	0.000000	0.000000	0.000000	0.000000	0.000000	0.000000	0.000000	0.000000	1.939136	2.873088	0.000000	0.000000	0.000000	1.118207	0.060347	0.124106	0.000000	0.000000	0.000000	0.000000	0.000000	0.000000	0.138000	0.000000	0.140752	0.005416	1.123623	7.572706	
2.000000	3.000000	0.000000	0.000000	0.000000	0.000000	0.000000	0.000000	0.000000	0.000000	0.000000	0.000000	1.944770	2.885182	0.000000	0.000000	0.000000	1.118207	0.055099	0.113314	0.000000	0.000000	0.000000	0.000000	0.000000	0.000000	0.126000	0.000000	0.127411	0.004236	1.122444	7.678775	
2.000000	3.000000	0.000000	0.000000	0.000000	0.000000	0.000000	0.000000	0.000000	0.000000	0.000000	0.000000	1.949961	2.895084	0.000000	0.000000	0.000000	1.118207	0.049852	0.102522	0.000000	0.000000	0.000000	0.000000	0.000000	0.000000	0.114000	0.000000	0.116238	0.007554	1.125762	7.786359	
2.000000	3.000000	0.000000	0.000000	0.000000	0.000000	0.000000	0.000000	0.000000	0.000000	0.000000	0.000000	1.953748	2.904813	0.000000	0.000000	0.000000	1.118207	0.045916	0.094428	0.000000	0.000000	0.000000	0.000000	0.000000	0.000000	0.105000	0.000000	0.105829	0.000282	1.118489	7.895001	
2.000000	3.000000	0.000000	0.000000	0.000000	0.000000	0.000000	0.000000	0.000000	0.000000	0.000000	0.000000	1.959113	2.913312	0.000000	0.000000	0.000000	1.118207	0.041543	0.085435	0.000000	0.000000	0.000000	0.000000	0.000000	0.000000	0.095000	0.000000	0.095847	0.011869	1.130076	8.003329	
2.000000	3.000000	0.000000	0.000000	0.000000	0.000000	0.000000	0.000000	0.000000	0.000000	0.000000	0.000000	1.962458	2.920849	0.000000	0.000000	0.000000	1.118207	0.037826	0.077791	0.000000	0.000000	0.000000	0.017453	0.000000	0.000000	0.086500	0.017453	0.087603	0.009705	1.127912	8.112387	
2.000000	3.000000	0.000000	0.000000	0.000000	0.000000	0.000000	0.000000	0.000000	0.000000	0.000000	0.000000	1.965803	2.928386	0.000000	0.000000	0.000000	1.118207	0.034546	0.071046	0.000000	0.000000	0.000000	0.000000	0.000000	0.000000	0.079000	0.000000	0.079360	0.007091	1.125299	8.219850	
2.000000	3.000000	0.000000	0.000000	0.000000	0.000000	0.000000	0.000000	0.000000	0.000000	0.000000	0.000000	1.969322	2.934520	0.000000	0.000000	0.000000	1.118207	0.031267	0.064301	0.000000	0.000000	0.000000	0.017453	0.000000	0.000000	0.071500	0.017453	0.072311	0.014449	1.132656	8.328018	
2.000000	3.000000	0.000000	0.000000	0.000000	0.000000	0.000000	0.000000	0.000000	0.000000	0.000000	0.000000	1.972052	2.941268	0.000000	0.000000	0.000000	1.118207	0.028643	0.058905	0.000000	0.000000	0.000000	0.017453	0.000000	0.000000	0.065500	0.017453	0.065042	0.008438	1.126645	8.436032	
2.000000	3.000000	0.000000	0.000000	0.000000	0.000000	0.000000	0.000000	0.000000	0.000000	0.000000	0.000000	1.977243	2.951171	0.000000	0.000000	0.000000	1.118207	0.023395	0.048114	0.000000	0.000000	0.000000	0.017453	0.000000	0.000000	0.053500	0.017453	0.053872	0.016468	1.134675	8.547343	
2.000000	3.000000	0.000000	0.000000	0.000000	0.000000	0.000000	0.000000	0.000000	0.000000	0.000000	0.000000	1.979531	2.955728	0.000000	0.000000	0.000000	1.118207	0.021209	0.043617	0.000000	0.000000	0.000000	0.017453	0.000000	0.000000	0.048500	0.017453	0.048775	0.019519	1.137727	8.654845	
