0.078719	0.052841	0.000000	0.000000	0.000000	0.000000	0.623817	0.415430	0.000000	0.000000	0.000000	0.000000	0.000000	0.000000	0.000000	0.000000	0.000000	0.000000	0.000000	0.000000	0.000000	0.000000	0.000000	0.000000	0.964290	1.000000	0.000000	0.000000	0.141058	
0.142837	0.095184	0.000000	0.000000	0.000000	0.000000	0.623328	0.414134	0.000000	0.000000	0.000000	0.000000	0.000000	0.000000	0.000000	0.000000	0.000000	0.000000	0.000000	0.000000	0.000000	0.000000	0.000000	0.000000	1.000000	1.000000	0.000000	0.000000	0.232457	
0.205135	0.136463	0.000000	0.000000	0.000000	0.000000	0.622576	0.412132	0.000000	0.000000	0.000000	0.000000	0.000000	0.000000	0.000000	0.000000	0.000000	0.000000	0.000000	0.000000	0.000000	0.000000	0.000000	0.000000	1.000000	1.000000	0.000000	0.000000	0.331506	
0.267346	0.177537	0.000000	0.000000	0.000000	0.000000	0.621554	0.409415	0.000000	0.000000	0.000000	0.000000	0.000000	0.000000	0.000000	0.000000	0.000000	0.000000	0.000000	0.000000	0.000000	0.000000	0.000000	0.000000	1.000000	1.000000	0.000000	0.000000	0.431416	
0.329440	0.218313	0.000000	0.000000	0.000000	0.000000	0.620263	0.405989	0.000000	0.000000	0.000000	0.000000	0.000000	0.000000	0.000000	0.000000	0.000000	0.000000	0.000000	0.000000	0.000000	0.000000	0.000000	0.000000	1.000000	1.000000	0.000000	0.000000	0.545591	
0.391392	0.258713	0.000000	0.000000	0.000000	0.000000	0.618703	0.401860	0.000000	0.000000	0.000000	0.000000	0.000000	0.000000	0.000000	0.000000	0.000000	0.000000	0.000000	0.000000	0.000000	0.000000	0.000000	0.000000	1.000000	1.000000	0.000000	0.000000	0.630709	
0.453175	0.298664	0.000000	0.000000	0.000000	0.000000	0.616876	0.397036	0.000000	0.000000	0.000000	0.000000	0.000000	0.000000	0.000000	0.000000	0.000000	0.000000	0.000000	0.000000	0.000000	0.000000	0.000000	0.000000	1.000000	1.000000	0.000000	0.000000	0.729717	
0.514762	0.338098	0.000000	0.000000	0.000000	0.000000	0.614782	0.391525	0.000000	0.000000	0.000000	0.000000	0.000000	0.000000	0.000000	0.000000	0.000000	0.000000	0.000000	0.000000	0.000000	0.000000	0.000000	0.000000	1.000000	1.000000	0.000000	0.000000	0.829606	
0.578330	0.378336	0.000000	0.000000	0.000000	0.000000	0.612331	0.385100	0.000000	0.000000	0.000000	0.000000	0.000000	0.000000	0.000000	0.000000	0.000000	0.000000	0.000000	0.000000	0.000000	0.000000	0.000000	0.000000	1.000000	1.000000	0.000000	0.000000	0.933608	
0.639435	0.416512	0.000000	0.000000	0.000000	0.000000	0.609696	0.378219	0.000000	0.000000	0.000000	0.000000	0.000000	0.000000	0.000000	0.000000	0.000000	0.000000	0.000000	0.000000	0.000000	0.000000	0.000000	0.000000	1.000000	1.000000	0.000000	0.000000	1.033412	
