0.000000	0.000000	1.500000	-0.151473	-0.196006	0.000000	0.000000	0.000000	0.000000	0.000000	0.000000	0.000000	1.044364	-0.306000	0.751403	0.053322	0.056511	-0.096174	1.180902	-4.182721	21.491957	1.109519	1.716535	-20.719505	0.514693	-0.473436	1.000000	0.383011	0.203673	0.215857	21.491957	-11.871402	0.153535	
0.000000	0.000000	1.500000	-0.031022	-0.126252	0.000000	0.000000	0.000000	0.000000	0.000000	0.000000	0.000000	1.060791	-0.327963	0.751029	0.019837	0.034160	-0.539650	0.492790	-0.658911	-0.011204	-1.004552	-0.670531	-13.304295	0.319179	-0.438463	0.999723	0.711041	0.075770	0.130482	-0.011204	-7.622799	0.168273	
0.000000	0.000000	1.500000	-0.006863	-0.070813	0.000000	0.000000	0.000000	0.000000	0.000000	0.000000	0.000000	1.065195	-0.335073	0.750463	0.009943	0.018885	-0.660942	0.132133	-0.213279	-0.016994	-0.296803	-0.458259	-3.638770	0.306446	-0.372418	0.843522	0.678166	0.037980	0.072135	-0.016994	-2.084861	0.200984	
0.000000	0.000000	1.500000	0.002549	-0.071458	0.000000	0.000000	0.000000	0.000000	0.000000	0.000000	0.000000	1.069895	-0.341673	0.750524	0.002955	0.000754	-0.764519	0.141009	-0.198021	0.001831	-0.209634	-0.543924	-3.107292	0.308724	-0.376500	0.459125	0.648930	0.011288	0.002880	0.001831	-1.780347	0.235698	
0.000000	0.000000	1.500000	0.009696	-0.071752	0.000000	0.000000	0.000000	0.000000	0.000000	0.000000	0.000000	1.074640	-0.348112	0.751595	0.002321	-0.011229	-0.857663	0.142332	-0.193166	0.032136	-0.019035	-0.359483	-2.794331	0.292358	-0.372869	0.325725	0.608599	0.008865	-0.042891	0.032136	-1.601034	0.274493	
0.000000	0.000000	1.500000	0.015735	-0.069623	0.000000	0.000000	0.000000	0.000000	0.000000	0.000000	0.000000	1.078957	-0.354016	0.754206	0.019579	-0.011111	-0.941979	0.129522	-0.177105	0.078313	0.517749	0.003538	-2.529470	0.246566	-0.324421	0.309558	0.562296	0.074786	-0.042440	0.078313	-1.449280	0.300561	
0.000000	0.000000	1.500000	0.021355	-0.069357	0.000000	0.000000	0.000000	0.000000	0.000000	0.000000	0.000000	1.083290	-0.359868	0.757895	0.043492	-0.000025	-1.018115	0.129991	-0.175555	0.110664	0.717385	0.332584	-2.284088	0.218558	-0.257030	0.323687	0.515234	0.166127	-0.000094	0.110664	-1.308686	0.334842	
0.000000	0.000000	1.500000	0.024217	-0.067163	0.000000	0.000000	0.000000	0.000000	0.000000	0.000000	0.000000	1.087057	-0.365576	0.762402	0.066586	0.020741	-1.084418	0.113014	-0.171259	0.135226	0.692835	0.622985	-1.989096	0.192547	-0.206182	0.340262	0.460248	0.254341	0.079227	0.135226	-1.139668	0.367935	
0.000000	0.000000	1.500000	0.024550	-0.068219	0.000000	0.000000	0.000000	0.000000	0.000000	0.000000	0.000000	1.090233	-0.371994	0.767579	0.087633	0.047690	-1.141573	0.095279	-0.192525	0.155305	0.631405	0.808441	-1.714641	0.167130	-0.161560	0.355131	0.393014	0.334734	0.182160	0.155305	-0.982417	0.400802	
0.000000	0.000000	1.500000	0.024766	-0.068156	0.000000	0.000000	0.000000	0.000000	0.000000	0.000000	0.000000	1.092809	-0.378786	0.773182	0.106098	0.075467	-1.189583	0.077283	-0.203780	0.168085	0.553948	0.833315	-1.440303	0.142114	-0.120816	0.367368	0.311992	0.405265	0.288261	0.168085	-0.825233	0.433583	
0.000000	0.000000	1.500000	0.022534	-0.072200	0.000000	0.000000	0.000000	0.000000	0.000000	0.000000	0.000000	1.094652	-0.386918	0.779409	0.118113	0.099086	-1.228770	0.055289	-0.243933	0.186827	0.360436	0.708570	-1.175623	0.119513	-0.083604	0.378021	0.216845	0.451157	0.378479	0.186827	-0.673583	0.466542	
0.000000	0.000000	1.500000	0.019140	-0.075304	0.000000	0.000000	0.000000	0.000000	0.000000	0.000000	0.000000	1.095518	-0.396219	0.785954	0.124803	0.116625	-1.260918	0.025978	-0.279035	0.196343	0.200698	0.526173	-0.964416	0.104740	-0.050725	0.387041	0.120850	0.476711	0.445474	0.196343	-0.552570	0.500413	
0.000000	0.000000	1.500000	0.014104	-0.080581	0.000000	0.000000	0.000000	0.000000	0.000000	0.000000	0.000000	1.095257	-0.407243	0.792844	0.124459	0.127679	-1.285353	-0.007854	-0.330738	0.206687	-0.010303	0.331623	-0.733057	0.116970	-0.026704	0.392998	0.036891	0.475399	0.487697	0.206687	-0.420011	0.535197	
0.000000	0.000000	1.500000	0.012425	-0.085976	0.000000	0.000000	0.000000	0.000000	0.000000	0.000000	0.000000	1.094548	-0.419641	0.800463	0.118278	0.134553	-1.305507	-0.021254	-0.371929	0.228590	-0.185441	0.206232	-0.604621	0.139584	-0.012730	0.400243	-0.036956	0.451788	0.513956	0.228590	-0.346422	0.566088	
0.000000	0.000000	1.500000	0.006724	-0.091150	0.000000	0.000000	0.000000	0.000000	0.000000	0.000000	0.000000	1.092644	-0.433676	0.808583	0.110207	0.135430	-1.318894	-0.057110	-0.421043	0.243598	-0.242132	0.026292	-0.401599	0.154623	-0.025103	0.408387	-0.087321	0.420959	0.517303	0.243598	-0.230099	0.599746	
0.000000	0.000000	1.500000	0.003589	-0.096854	0.000000	0.000000	0.000000	0.000000	0.000000	0.000000	0.000000	1.090153	-0.449358	0.817135	0.100953	0.130405	-1.328901	-0.074755	-0.470461	0.256557	-0.277615	-0.150740	-0.300227	0.168738	-0.056734	0.414203	-0.129359	0.385612	0.498110	0.256557	-0.172017	0.632942	
0.000000	0.000000	1.500000	0.000182	-0.102064	0.000000	0.000000	0.000000	0.000000	0.000000	0.000000	0.000000	1.087033	-0.466461	0.826424	0.095161	0.120426	-1.334965	-0.093595	-0.513090	0.278662	-0.173762	-0.299374	-0.181905	0.173489	-0.085847	0.421313	-0.161068	0.363488	0.459993	0.278662	-0.104224	0.665966	
0.000000	0.000000	1.500000	-0.003568	-0.105597	0.000000	0.000000	0.000000	0.000000	0.000000	0.000000	0.000000	1.083236	-0.484708	0.835917	0.089771	0.106660	-1.337554	-0.113894	-0.547430	0.284799	-0.161685	-0.412980	-0.077691	0.180344	-0.110498	0.426651	-0.181658	0.342901	0.407411	0.284799	-0.044514	0.699468	
0.000000	0.000000	1.500000	-0.005394	-0.109292	0.000000	0.000000	0.000000	0.000000	0.000000	0.000000	0.000000	1.079184	-0.504043	0.845611	0.086869	0.092336	-1.339507	-0.121558	-0.580038	0.290803	-0.087074	-0.429718	-0.058573	0.177123	-0.130072	0.428748	-0.212130	0.331815	0.352697	0.290803	-0.033560	0.732380	
0.000000	0.000000	1.500000	-0.010190	-0.111473	0.000000	0.000000	0.000000	0.000000	0.000000	0.000000	0.000000	1.074288	-0.524115	0.855596	0.086290	0.079820	-1.336847	-0.146892	-0.602167	0.299558	-0.017371	-0.375472	0.079788	0.167643	-0.145862	0.431209	-0.217696	0.329603	0.304891	0.299558	0.045715	0.765654	
0.000000	0.000000	1.500000	-0.011668	-0.113580	0.000000	0.000000	0.000000	0.000000	0.000000	0.000000	0.000000	1.069266	-0.544731	0.865666	0.089909	0.070413	-1.333488	-0.150665	-0.618485	0.302113	0.108573	-0.282226	0.100764	0.142321	-0.155006	0.432995	-0.236950	0.343427	0.268957	0.302113	0.057733	0.798850	
0.000000	0.000000	1.500000	-0.016535	-0.114829	0.000000	0.000000	0.000000	0.000000	0.000000	0.000000	0.000000	1.063430	-0.566026	0.875603	0.091591	0.064470	-1.327931	-0.175066	-0.638845	0.298094	0.050455	-0.178289	0.166730	0.137925	-0.155399	0.431861	-0.240764	0.349851	0.246256	0.298094	0.095529	0.832218	
0.000000	0.000000	1.500000	-0.021430	-0.115545	0.000000	0.000000	0.000000	0.000000	0.000000	0.000000	0.000000	1.056800	-0.587673	0.885632	0.095736	0.063320	-1.319840	-0.198920	-0.649390	0.300862	0.124358	-0.034496	0.242731	0.117747	-0.135345	0.430743	-0.241974	0.365685	0.241864	0.300862	0.139075	0.866217	
0.000000	0.000000	1.500000	-0.023491	-0.116548	0.000000	0.000000	0.000000	0.000000	0.000000	0.000000	0.000000	1.049953	-0.609656	0.895557	0.100172	0.063516	-1.313570	-0.205389	-0.659514	0.297777	0.133087	0.005877	0.188104	0.102574	-0.118820	0.429340	-0.259187	0.382630	0.242612	0.297777	0.107775	0.899343	
0.000000	0.000000	1.500000	-0.029332	-0.117019	0.000000	0.000000	0.000000	0.000000	0.000000	0.000000	0.000000	1.042126	-0.632265	0.905302	0.103925	0.064914	-1.304281	-0.234808	-0.678261	0.292346	0.112589	0.041937	0.278667	0.092386	-0.100225	0.426290	-0.254877	0.396965	0.247952	0.292346	0.159665	0.934697	
0.000000	0.000000	1.500000	-0.034780	-0.117421	0.000000	0.000000	0.000000	0.000000	0.000000	0.000000	0.000000	1.033428	-0.655357	0.915048	0.108057	0.066576	-1.293527	-0.260954	-0.692759	0.292361	0.123942	0.049885	0.322600	0.079954	-0.084330	0.423613	-0.253120	0.412746	0.254303	0.292361	0.184836	0.965386	
0.000000	0.000000	1.500000	-0.038344	-0.117677	0.000000	0.000000	0.000000	0.000000	0.000000	0.000000	0.000000	1.024254	-0.678798	0.924639	0.109255	0.067289	-1.283186	-0.275216	-0.703243	0.287737	0.035945	0.021369	0.310231	0.083147	-0.075565	0.420608	-0.255322	0.417323	0.257024	0.287737	0.177749	0.999303	
0.000000	0.000000	1.500000	-0.042705	-0.118467	0.000000	0.000000	0.000000	0.000000	0.000000	0.000000	0.000000	1.014444	-0.702907	0.934190	0.108774	0.065584	-1.273531	-0.294313	-0.723267	0.286531	-0.014415	-0.051136	0.289670	0.088708	-0.079549	0.417231	-0.257645	0.415487	0.250513	0.286531	0.165969	1.033046	
0.000000	0.000000	1.500000	-0.048242	-0.118541	0.000000	0.000000	0.000000	0.000000	0.000000	0.000000	0.000000	1.003695	-0.727532	0.943758	0.107438	0.063580	-1.263052	-0.322459	-0.738734	0.287036	-0.040079	-0.060139	0.314369	0.094321	-0.077796	0.414811	-0.254718	0.410384	0.242856	0.287036	0.180120	1.065619	
0.000000	0.000000	1.500000	-0.051663	-0.118816	0.000000	0.000000	0.000000	0.000000	0.000000	0.000000	0.000000	0.992541	-0.752535	0.953306	0.103516	0.062950	-1.251765	-0.334613	-0.750105	0.286462	-0.117676	-0.018895	0.338590	0.109780	-0.066289	0.412532	-0.250605	0.395401	0.240450	0.286462	0.193998	1.100011	
0.000000	0.000000	1.500000	-0.055282	-0.119534	0.000000	0.000000	0.000000	0.000000	0.000000	0.000000	0.000000	0.980925	-0.778031	0.963022	0.099733	0.060966	-1.242347	-0.348494	-0.764884	0.291465	-0.113470	-0.059523	0.282554	0.117327	-0.067494	0.411296	-0.256222	0.380954	0.232872	0.291465	0.161892	1.133614	
0.000000	0.000000	1.500000	-0.059564	-0.119617	0.000000	0.000000	0.000000	0.000000	0.000000	0.000000	0.000000	0.968664	-0.803974	0.972783	0.095976	0.057859	-1.231983	-0.367826	-0.778275	0.292827	-0.112725	-0.093193	0.310911	0.124640	-0.071208	0.410493	-0.251959	0.366601	0.221006	0.292827	0.178139	1.167134	
0.000000	0.000000	1.500000	-0.063949	-0.119352	0.000000	0.000000	0.000000	0.000000	0.000000	0.000000	0.000000	0.955676	-0.830284	0.982549	0.092495	0.054107	-1.222226	-0.389634	-0.789288	0.292971	-0.104433	-0.112568	0.292701	0.129946	-0.074648	0.408775	-0.253314	0.353304	0.206673	0.292971	0.167706	1.201953	
0.000000	0.000000	1.500000	-0.066798	-0.119301	0.000000	0.000000	0.000000	0.000000	0.000000	0.000000	0.000000	0.942403	-0.856782	0.992362	0.090574	0.049796	-1.211524	-0.398183	-0.794950	0.294396	-0.057631	-0.129314	0.321086	0.127885	-0.078918	0.406969	-0.249387	0.345967	0.190209	0.294396	0.183969	1.233096	
0.000000	0.000000	1.500000	-0.069995	-0.119767	0.000000	0.000000	0.000000	0.000000	0.000000	0.000000	0.000000	0.928803	-0.883781	1.002283	0.090233	0.046294	-1.201297	-0.408019	-0.809977	0.297632	-0.010228	-0.105063	0.306805	0.120630	-0.076700	0.405845	-0.251352	0.344664	0.176832	0.297632	0.175786	1.268323	
0.000000	0.000000	1.500000	-0.072730	-0.119353	0.000000	0.000000	0.000000	0.000000	0.000000	0.000000	0.000000	0.914920	-0.910761	1.012281	0.094029	0.044414	-1.190778	-0.416474	-0.809394	0.299935	0.113870	-0.056402	0.315555	0.096320	-0.066762	0.405282	-0.252674	0.359163	0.169650	0.299935	0.180799	1.301192	
0.000000	0.000000	1.500000	-0.076803	-0.118886	0.000000	0.000000	0.000000	0.000000	0.000000	0.000000	0.000000	0.900386	-0.937980	1.022378	0.097104	0.044485	-1.180965	-0.436016	-0.816570	0.302911	0.092262	0.002116	0.294401	0.086602	-0.048699	0.404571	-0.257269	0.370910	0.169920	0.302911	0.168679	1.334165	
0.000000	0.000000	1.500000	-0.079193	-0.118342	0.000000	0.000000	0.000000	0.000000	0.000000	0.000000	0.000000	0.885710	-0.965360	1.032334	0.099798	0.044601	-1.168548	-0.440288	-0.821409	0.298684	0.080814	0.003480	0.372521	0.078267	-0.037589	0.402257	-0.247918	0.381200	0.170363	0.298684	0.213439	1.367092	
0.000000	0.000000	1.500000	-0.084121	-0.117984	0.000000	0.000000	0.000000	0.000000	0.000000	0.000000	0.000000	0.870252	-0.993289	1.042445	0.102069	0.044333	-1.157004	-0.463738	-0.837865	0.303329	0.068135	-0.008050	0.346317	0.071397	-0.029027	0.400035	-0.249231	0.389875	0.169338	0.303329	0.198425	1.399541	
0.000000	0.000000	1.500000	-0.088022	-0.116855	0.000000	0.000000	0.000000	0.000000	0.000000	0.000000	0.000000	0.854185	-1.021342	1.052531	0.103564	0.041866	-1.145202	-0.482018	-0.841579	0.302575	0.044856	-0.073984	0.354043	0.068264	-0.033713	0.398160	-0.245767	0.395586	0.159918	0.302575	0.202852	1.433916	
0.000000	0.000000	1.500000	-0.090635	-0.117155	0.000000	0.000000	0.000000	0.000000	0.000000	0.000000	0.000000	0.838028	-1.049590	1.062918	0.105533	0.039086	-1.134808	-0.484711	-0.847453	0.311608	0.059051	-0.083403	0.311815	0.060546	-0.032742	0.397509	-0.250089	0.403105	0.149299	0.311608	0.178657	1.466563	
0.000000	0.000000	1.500000	-0.093585	-0.116649	0.000000	0.000000	0.000000	0.000000	0.000000	0.000000	0.000000	0.821567	-1.078099	1.073271	0.103899	0.036516	-1.124172	-0.493822	-0.855260	0.310600	-0.049008	-0.077108	0.319096	0.074747	-0.029376	0.396372	-0.247802	0.396865	0.139481	0.310600	0.182829	1.499910	
0.000000	0.000000	1.500000	-0.118427	-0.121033	0.000000	0.000000	0.000000	0.000000	0.000000	0.000000	0.000000	0.799599	-1.114111	1.086191	0.098322	0.033202	-1.108677	-0.659055	-1.080376	0.387604	-0.167316	-0.099425	0.464832	0.096833	-0.031173	0.411076	-0.225266	0.375561	0.126822	0.387604	0.266329	1.542608	
0.000000	0.000000	1.500000	-0.101362	-0.115286	0.000000	0.000000	0.000000	0.000000	0.000000	0.000000	0.000000	0.782282	-1.143120	1.096773	0.093346	0.030447	-1.098580	-0.519515	-0.870273	0.317452	-0.149270	-0.082653	0.302917	0.105720	-0.026390	0.409327	-0.239641	0.356556	0.116298	0.317452	0.173559	1.576068	
0.000000	0.000000	1.500000	-0.104951	-0.114175	0.000000	0.000000	0.000000	0.000000	0.000000	0.000000	0.000000	0.764387	-1.172255	1.107330	0.088172	0.027426	-1.089064	-0.536833	-0.874043	0.316712	-0.155226	-0.090636	0.285494	0.115786	-0.024966	0.392751	-0.242127	0.336792	0.104758	0.316712	0.163576	1.608775	
0.000000	0.000000	1.500000	-0.108948	-0.113188	0.000000	0.000000	0.000000	0.000000	0.000000	0.000000	0.000000	0.745909	-1.201505	1.118046	0.084041	0.022682	-1.078526	-0.554346	-0.877490	0.321475	-0.123925	-0.142314	0.316142	0.120616	-0.032160	0.386968	-0.237174	0.321013	0.086638	0.321475	0.181136	1.641009	
0.000000	0.000000	1.500000	-0.111707	-0.112722	0.000000	0.000000	0.000000	0.000000	0.000000	0.000000	0.000000	0.727330	-1.230538	1.129095	0.082090	0.017046	-1.068173	-0.557379	-0.870985	0.331492	-0.058525	-0.169058	0.310592	0.116145	-0.038285	0.385978	-0.236993	0.313561	0.065113	0.331492	0.177956	1.676651	
0.000000	0.000000	1.500000	-0.107722	-0.108942	0.000000	0.000000	0.000000	0.000000	0.000000	0.000000	0.000000	0.709694	-1.257476	1.139082	0.082012	0.012488	-1.058925	-0.529059	-0.808153	0.299592	-0.002360	-0.136759	0.277427	0.106191	-0.036172	0.377915	-0.242585	0.313261	0.047700	0.299592	0.158954	1.708101	
0.000000	0.000000	1.500000	-0.117121	-0.111684	0.000000	0.000000	0.000000	0.000000	0.000000	0.000000	0.000000	0.690852	-1.286497	1.150438	0.080838	0.009959	-1.048541	-0.565272	-0.870631	0.340691	-0.035199	-0.075858	0.311520	0.107701	-0.024782	0.375735	-0.239326	0.308779	0.038042	0.340691	0.178488	1.744070	
0.000000	0.000000	1.500000	-0.120297	-0.110659	0.000000	0.000000	0.000000	0.000000	0.000000	0.000000	0.000000	0.671676	-1.315347	1.161933	0.081375	0.011704	-1.039259	-0.575280	-0.865502	0.344832	0.016114	0.052348	0.278456	0.095716	0.010195	0.381274	-0.247271	0.310831	0.044707	0.344832	0.159543	1.773919	
0.000000	0.000000	1.500000	-0.162230	-0.118586	0.000000	0.000000	0.000000	0.000000	0.000000	0.000000	0.000000	0.642604	-1.358087	1.179294	0.080780	0.015980	-1.023429	-0.872147	-1.282196	0.520849	-0.017861	0.128287	0.474915	0.095514	0.046838	0.425452	-0.222796	0.308557	0.061041	0.520849	0.272106	1.821673	
0.000000	0.000000	1.500000	-0.127319	-0.108213	0.000000	0.000000	0.000000	0.000000	0.000000	0.000000	0.000000	0.623108	-1.386761	1.190866	0.079960	0.019477	-1.012394	-0.584884	-0.860217	0.347139	-0.024587	0.104887	0.331029	0.093651	0.068031	0.416390	-0.236165	0.305426	0.074395	0.347139	0.189665	1.855289	
0.000000	0.000000	1.500000	-0.130154	-0.107825	0.000000	0.000000	0.000000	0.000000	0.000000	0.000000	0.000000	0.603627	-1.415546	1.202546	0.080166	0.022394	-1.002015	-0.584443	-0.863543	0.350407	0.006153	0.087507	0.311385	0.084837	0.087214	0.380972	-0.239772	0.306210	0.085537	0.350407	0.178410	1.888910	
0.000000	0.000000	1.500000	-0.133110	-0.106350	0.000000	0.000000	0.000000	0.000000	0.000000	0.000000	0.000000	0.583958	-1.444126	1.214203	0.081209	0.022841	-0.991201	-0.590056	-0.857420	0.349721	0.031298	0.013411	0.324415	0.074467	0.090724	0.369342	-0.238205	0.310195	0.087245	0.349721	0.185876	1.922142	
0.000000	0.000000	1.500000	-0.136650	-0.106360	0.000000	0.000000	0.000000	0.000000	0.000000	0.000000	0.000000	0.564237	-1.472846	1.226189	0.081224	0.018700	-0.982285	-0.591629	-0.861593	0.359563	0.000461	-0.124232	0.267486	0.072958	0.072246	0.364577	-0.245501	0.310254	0.071427	0.359563	0.153258	1.958085	
0.000000	0.000000	1.500000	-0.137247	-0.103690	0.000000	0.000000	0.000000	0.000000	0.000000	0.000000	0.000000	0.544623	-1.501233	1.237321	0.080860	0.015904	-0.970723	-0.588423	-0.851619	0.333964	-0.010933	-0.083871	0.346857	0.071056	0.076779	0.355713	-0.235089	0.308862	0.060748	0.333964	0.198734	1.992043	
0.000000	0.000000	1.500000	-0.143395	-0.103583	0.000000	0.000000	0.000000	0.000000	0.000000	0.000000	0.000000	0.524405	-1.530262	1.249014	0.078941	0.008936	-0.961113	-0.606539	-0.870852	0.350797	-0.057568	-0.209038	0.288300	0.076999	0.056237	0.347740	-0.239654	0.301532	0.034133	0.350797	0.165183	2.022869	
0.000000	0.000000	1.500000	-0.144578	-0.100847	0.000000	0.000000	0.000000	0.000000	0.000000	0.000000	0.000000	0.504235	-1.558764	1.260130	0.077049	0.003480	-0.949681	-0.605117	-0.855070	0.333495	-0.056755	-0.163674	0.342949	0.078025	0.053723	0.341334	-0.231062	0.294305	0.013293	0.333495	0.196495	2.056040	
0.000000	0.000000	1.500000	-0.147851	-0.100064	0.000000	0.000000	0.000000	0.000000	0.000000	0.000000	0.000000	0.484052	-1.587265	1.271383	0.075560	-0.003488	-0.940150	-0.605471	-0.855017	0.337565	-0.044684	-0.209053	0.285944	0.076420	0.041836	0.332737	-0.236803	0.288616	-0.013324	0.337565	0.163834	2.088686	
0.000000	0.000000	1.500000	-0.151003	-0.098593	0.000000	0.000000	0.000000	0.000000	0.000000	0.000000	0.000000	0.463701	-1.615584	1.282626	0.073383	-0.010985	-0.931593	-0.610534	-0.849588	0.337307	-0.065282	-0.224908	0.256696	0.079781	0.031925	0.327067	-0.241726	0.280304	-0.041961	0.337307	0.147076	2.122943	
0.000000	0.000000	1.500000	-0.153283	-0.096624	0.000000	0.000000	0.000000	0.000000	0.000000	0.000000	0.000000	0.443315	-1.643708	1.293568	0.069031	-0.016096	-0.921834	-0.611595	-0.843698	0.328256	-0.130580	-0.153323	0.292774	0.091801	0.034022	0.319148	-0.237733	0.263678	-0.061482	0.328256	0.167747	2.158697	
0.000000	0.000000	1.500000	-0.156732	-0.094249	0.000000	0.000000	0.000000	0.000000	0.000000	0.000000	0.000000	0.422615	-1.671498	1.304463	0.064287	-0.019279	-0.912288	-0.621002	-0.833713	0.326858	-0.142322	-0.095485	0.286383	0.099174	0.042377	0.310359	-0.239712	0.245557	-0.073640	0.326858	0.164086	2.190556	
0.000000	0.000000	1.500000	-0.159635	-0.090888	0.000000	0.000000	0.000000	0.000000	0.000000	0.000000	0.000000	0.401597	-1.698786	1.315099	0.060369	-0.020520	-0.901078	-0.630512	-0.818639	0.319076	-0.117535	-0.037248	0.336291	0.101189	0.058219	0.301766	-0.232928	0.230592	-0.078382	0.319076	0.192680	2.256022	
0.000000	0.000000	1.500000	-0.162868	-0.088322	0.000000	0.000000	0.000000	0.000000	0.000000	0.000000	0.000000	0.380340	-1.725828	1.325591	0.057479	-0.020513	-0.891189	-0.637726	-0.811265	0.314763	-0.086710	0.000236	0.296674	0.099216	0.076178	0.292481	-0.238187	0.219552	-0.078352	0.314763	0.169981	2.260973	
0.000000	0.000000	1.500000	-0.180909	-0.086434	0.000000	0.000000	0.000000	0.000000	0.000000	0.000000	0.000000	0.354647	-1.758717	1.335868	0.054621	-0.021527	-0.881440	-0.770786	-0.986674	0.308311	-0.085723	-0.030439	0.292486	0.099383	0.081436	0.283402	-0.238965	0.208637	-0.082228	0.308311	0.167582	2.294724	
0.000000	0.000000	1.500000	-0.146233	-0.072858	0.000000	0.000000	0.000000	0.000000	0.000000	0.000000	0.000000	0.333687	-1.784986	1.338462	0.050108	-0.021839	-0.870891	-0.628811	-0.788076	0.077798	-0.135399	-0.009358	0.316449	0.107175	0.093735	0.240248	-0.235584	0.191398	-0.083420	0.077798	0.181312	2.331070	
0.000000	0.000000	1.500000	-0.134818	-0.063974	0.000000	0.000000	0.000000	0.000000	0.000000	0.000000	0.000000	0.312655	-1.811096	1.335555	0.050800	-0.022484	-0.861140	-0.630958	-0.783277	-0.087204	0.020764	-0.019356	0.292538	0.084099	0.097802	0.144024	-0.236833	0.194042	-0.085884	-0.087204	0.167612	2.361715	
0.000000	0.000000	1.500000	-0.134818	-0.063974	0.000000	0.000000	0.000000	0.000000	0.000000	0.000000	0.000000	0.312655	-1.811096	1.335555	0.050800	-0.022484	-0.861140	-0.630958	-0.783277	-0.087204	0.020764	-0.019356	0.292538	0.074519	0.102313	0.074455	-0.236498	0.194042	-0.085884	-0.087204	0.167612	2.394215	
0.000000	0.000000	1.500000	-0.134818	-0.063974	0.000000	0.000000	0.000000	0.000000	0.000000	0.000000	0.000000	0.312655	-1.811096	1.335555	0.050800	-0.022484	-0.861140	-0.630958	-0.783277	-0.087204	0.020764	-0.019356	0.292538	0.065229	0.107825	0.058271	-0.236242	0.194042	-0.085884	-0.087204	0.167612	2.426235	
0.000000	0.000000	1.500000	-0.134818	-0.063974	0.000000	0.000000	0.000000	0.000000	0.000000	0.000000	0.000000	0.312655	-1.811096	1.335555	0.050800	-0.022484	-0.861140	-0.630958	-0.783277	-0.087204	0.020764	-0.019356	0.292538	0.056227	0.113152	0.054532	-0.236003	0.194042	-0.085884	-0.087204	0.167612	2.459495	
0.000000	0.000000	1.500000	-0.134818	-0.063974	0.000000	0.000000	0.000000	0.000000	0.000000	0.000000	0.000000	0.312655	-1.811096	1.335555	0.050800	-0.022484	-0.861140	-0.630958	-0.783277	-0.087204	0.020764	-0.019356	0.292538	0.047507	0.118301	0.053669	-0.235778	0.194042	-0.085884	-0.087204	0.167612	2.492947	
0.000000	0.000000	1.500000	-0.134818	-0.063974	0.000000	0.000000	0.000000	0.000000	0.000000	0.000000	0.000000	0.312655	-1.811096	1.335555	0.050800	-0.022484	-0.861140	-0.630958	-0.783277	-0.087204	0.020764	-0.019356	0.292538	0.039062	0.123278	0.053469	-0.235567	0.194042	-0.085884	-0.087204	0.167612	2.526873	
0.000000	0.000000	1.500000	-0.134818	-0.063974	0.000000	0.000000	0.000000	0.000000	0.000000	0.000000	0.000000	0.312655	-1.811096	1.335555	0.050800	-0.022484	-0.861140	-0.630958	-0.783277	-0.087204	0.020764	-0.019356	0.292538	0.030883	0.128089	0.053423	-0.235369	0.194042	-0.085884	-0.087204	0.167612	2.560771	
0.000000	0.000000	1.500000	-0.134818	-0.063974	0.000000	0.000000	0.000000	0.000000	0.000000	0.000000	0.000000	0.312655	-1.811096	1.335555	0.050800	-0.022484	-0.861140	-0.630958	-0.783277	-0.087204	0.020764	-0.019356	0.292538	0.022965	0.132739	0.053413	-0.235184	0.194042	-0.085884	-0.087204	0.167612	2.593115	
0.000000	0.000000	1.500000	-0.134818	-0.063974	0.000000	0.000000	0.000000	0.000000	0.000000	0.000000	0.000000	0.312655	-1.811096	1.335555	0.050800	-0.022484	-0.861140	-0.630958	-0.783277	-0.087204	0.020764	-0.019356	0.292538	0.015299	0.137233	0.053410	-0.235010	0.194042	-0.085884	-0.087204	0.167612	2.626256	
0.000000	0.000000	1.500000	-0.134818	-0.063974	0.000000	0.000000	0.000000	0.000000	0.000000	0.000000	0.000000	0.312655	-1.811096	1.335555	0.050800	-0.022484	-0.861140	-0.630958	-0.783277	-0.087204	0.020764	-0.019356	0.292538	-1.000000	0.000000	-0.000000	-0.000000	0.194042	-0.085884	-0.087204	0.167612	2.661411	
0.000000	0.000000	1.500000	-0.134818	-0.063974	0.000000	0.000000	0.000000	0.000000	0.000000	0.000000	0.000000	0.312655	-1.811096	1.335555	0.050800	-0.022484	-0.861140	-0.630958	-0.783277	-0.087204	0.020764	-0.019356	0.292538	-1.000000	0.000000	-0.000000	-0.000000	0.194042	-0.085884	-0.087204	0.167612	2.692882	
0.000000	0.000000	1.500000	-0.134818	-0.063974	0.000000	0.000000	0.000000	0.000000	0.000000	0.000000	0.000000	0.312655	-1.811096	1.335555	0.050800	-0.022484	-0.861140	-0.630958	-0.783277	-0.087204	0.020764	-0.019356	0.292538	-1.000000	0.000000	-0.000000	-0.000000	0.194042	-0.085884	-0.087204	0.167612	2.727144	
0.000000	0.000000	1.500000	-0.134818	-0.063974	0.000000	0.000000	0.000000	0.000000	0.000000	0.000000	0.000000	0.312655	-1.811096	1.335555	0.050800	-0.022484	-0.861140	-0.630958	-0.783277	-0.087204	0.020764	-0.019356	0.292538	-1.000000	0.000000	-0.000000	-0.000000	0.194042	-0.085884	-0.087204	0.167612	2.760887	
0.000000	0.000000	1.500000	-0.134818	-0.063974	0.000000	0.000000	0.000000	0.000000	0.000000	0.000000	0.000000	0.312655	-1.811096	1.335555	0.050800	-0.022484	-0.861140	-0.630958	-0.783277	-0.087204	0.020764	-0.019356	0.292538	-1.000000	0.000000	-0.000000	-0.000000	0.194042	-0.085884	-0.087204	0.167612	2.794223	
0.000000	0.000000	1.500000	-0.134818	-0.063974	0.000000	0.000000	0.000000	0.000000	0.000000	0.000000	0.000000	0.312655	-1.811096	1.335555	0.050800	-0.022484	-0.861140	-0.630958	-0.783277	-0.087204	0.020764	-0.019356	0.292538	-1.000000	0.000000	-0.000000	-0.000000	0.194042	-0.085884	-0.087204	0.167612	2.827347	
0.000000	0.000000	1.500000	-0.134818	-0.063974	0.000000	0.000000	0.000000	0.000000	0.000000	0.000000	0.000000	0.312655	-1.811096	1.335555	0.050800	-0.022484	-0.861140	-0.630958	-0.783277	-0.087204	0.020764	-0.019356	0.292538	-1.000000	0.000000	-0.000000	-0.000000	0.194042	-0.085884	-0.087204	0.167612	2.862010	
0.000000	0.000000	1.500000	-0.134818	-0.063974	0.000000	0.000000	0.000000	0.000000	0.000000	0.000000	0.000000	0.312655	-1.811096	1.335555	0.050800	-0.022484	-0.861140	-0.630958	-0.783277	-0.087204	0.020764	-0.019356	0.292538	-1.000000	0.000000	-0.000000	-0.000000	0.194042	-0.085884	-0.087204	0.167612	2.894449	
0.000000	0.000000	1.500000	-0.134818	-0.063974	0.000000	0.000000	0.000000	0.000000	0.000000	0.000000	0.000000	0.312655	-1.811096	1.335555	0.050800	-0.022484	-0.861140	-0.630958	-0.783277	-0.087204	0.020764	-0.019356	0.292538	-1.000000	0.000000	-0.000000	-0.000000	0.194042	-0.085884	-0.087204	0.167612	2.927811	
0.000000	0.000000	1.500000	-0.134818	-0.063974	0.000000	0.000000	0.000000	0.000000	0.000000	0.000000	0.000000	0.312655	-1.811096	1.335555	0.050800	-0.022484	-0.861140	-0.630958	-0.783277	-0.087204	0.020764	-0.019356	0.292538	-1.000000	0.000000	-0.000000	-0.000000	0.194042	-0.085884	-0.087204	0.167612	2.960917	
0.000000	0.000000	1.500000	-0.134818	-0.063974	0.000000	0.000000	0.000000	0.000000	0.000000	0.000000	0.000000	0.312655	-1.811096	1.335555	0.050800	-0.022484	-0.861140	-0.630958	-0.783277	-0.087204	0.020764	-0.019356	0.292538	-1.000000	0.000000	-0.000000	-0.000000	0.194042	-0.085884	-0.087204	0.167612	2.994565	
0.000000	0.000000	1.500000	-0.134818	-0.063974	0.000000	0.000000	0.000000	0.000000	0.000000	0.000000	0.000000	0.312655	-1.811096	1.335555	0.050800	-0.022484	-0.861140	-0.630958	-0.783277	-0.087204	0.020764	-0.019356	0.292538	-1.000000	0.000000	-0.000000	-0.000000	0.194042	-0.085884	-0.087204	0.167612	3.027133	
0.000000	0.000000	1.500000	-0.134818	-0.063974	0.000000	0.000000	0.000000	0.000000	0.000000	0.000000	0.000000	0.312655	-1.811096	1.335555	0.050800	-0.022484	-0.861140	-0.630958	-0.783277	-0.087204	0.020764	-0.019356	0.292538	-1.000000	0.000000	-0.000000	-0.000000	0.194042	-0.085884	-0.087204	0.167612	3.061157	
0.000000	0.000000	1.500000	-0.134818	-0.063974	0.000000	0.000000	0.000000	0.000000	0.000000	0.000000	0.000000	0.312655	-1.811096	1.335555	0.050800	-0.022484	-0.861140	-0.630958	-0.783277	-0.087204	0.020764	-0.019356	0.292538	-1.000000	0.000000	-0.000000	-0.000000	0.194042	-0.085884	-0.087204	0.167612	3.095469	
0.000000	0.000000	1.500000	-0.134818	-0.063974	0.000000	0.000000	0.000000	0.000000	0.000000	0.000000	0.000000	0.312655	-1.811096	1.335555	0.050800	-0.022484	-0.861140	-0.630958	-0.783277	-0.087204	0.020764	-0.019356	0.292538	-1.000000	0.000000	-0.000000	-0.000000	0.194042	-0.085884	-0.087204	0.167612	3.127903	
0.000000	0.000000	1.500000	-0.134818	-0.063974	0.000000	0.000000	0.000000	0.000000	0.000000	0.000000	0.000000	0.312655	-1.811096	1.335555	0.050800	-0.022484	-0.861140	-0.630958	-0.783277	-0.087204	0.020764	-0.019356	0.292538	-1.000000	0.000000	-0.000000	-0.000000	0.194042	-0.085884	-0.087204	0.167612	3.161201	
0.000000	0.000000	1.500000	-0.134818	-0.063974	0.000000	0.000000	0.000000	0.000000	0.000000	0.000000	0.000000	0.312655	-1.811096	1.335555	0.050800	-0.022484	-0.861140	-0.630958	-0.783277	-0.087204	0.020764	-0.019356	0.292538	-1.000000	0.000000	-0.000000	-0.000000	0.194042	-0.085884	-0.087204	0.167612	3.194279	
0.000000	0.000000	1.500000	-0.134818	-0.063974	0.000000	0.000000	0.000000	0.000000	0.000000	0.000000	0.000000	0.312655	-1.811096	1.335555	0.050800	-0.022484	-0.861140	-0.630958	-0.783277	-0.087204	0.020764	-0.019356	0.292538	-1.000000	0.000000	-0.000000	-0.000000	0.194042	-0.085884	-0.087204	0.167612	3.228411	
0.000000	0.000000	1.500000	-0.134818	-0.063974	0.000000	0.000000	0.000000	0.000000	0.000000	0.000000	0.000000	0.312655	-1.811096	1.335555	0.050800	-0.022484	-0.861140	-0.630958	-0.783277	-0.087204	0.020764	-0.019356	0.292538	-1.000000	0.000000	-0.000000	-0.000000	0.194042	-0.085884	-0.087204	0.167612	3.261825	
0.000000	0.000000	1.500000	-0.134818	-0.063974	0.000000	0.000000	0.000000	0.000000	0.000000	0.000000	0.000000	0.312655	-1.811096	1.335555	0.050800	-0.022484	-0.861140	-0.630958	-0.783277	-0.087204	0.020764	-0.019356	0.292538	-1.000000	0.000000	-0.000000	-0.000000	0.194042	-0.085884	-0.087204	0.167612	3.294231	
0.000000	0.000000	1.500000	-0.134818	-0.063974	0.000000	0.000000	0.000000	0.000000	0.000000	0.000000	0.000000	0.312655	-1.811096	1.335555	0.050800	-0.022484	-0.861140	-0.630958	-0.783277	-0.087204	0.020764	-0.019356	0.292538	-1.000000	0.000000	-0.000000	-0.000000	0.194042	-0.085884	-0.087204	0.167612	3.327454	
0.000000	0.000000	1.500000	-0.134818	-0.063974	0.000000	0.000000	0.000000	0.000000	0.000000	0.000000	0.000000	0.312655	-1.811096	1.335555	0.050800	-0.022484	-0.861140	-0.630958	-0.783277	-0.087204	0.020764	-0.019356	0.292538	-1.000000	0.000000	-0.000000	-0.000000	0.194042	-0.085884	-0.087204	0.167612	3.361250	
0.000000	0.000000	1.500000	-0.134818	-0.063974	0.000000	0.000000	0.000000	0.000000	0.000000	0.000000	0.000000	0.312655	-1.811096	1.335555	0.050800	-0.022484	-0.861140	-0.630958	-0.783277	-0.087204	0.020764	-0.019356	0.292538	-1.000000	0.000000	-0.000000	-0.000000	0.194042	-0.085884	-0.087204	0.167612	3.394540	
0.000000	0.000000	1.500000	-0.134818	-0.063974	0.000000	0.000000	0.000000	0.000000	0.000000	0.000000	0.000000	0.312655	-1.811096	1.335555	0.050800	-0.022484	-0.861140	-0.630958	-0.783277	-0.087204	0.020764	-0.019356	0.292538	-1.000000	0.000000	-0.000000	-0.000000	0.194042	-0.085884	-0.087204	0.167612	3.427846	
0.000000	0.000000	1.500000	-0.134818	-0.063974	0.000000	0.000000	0.000000	0.000000	0.000000	0.000000	0.000000	0.312655	-1.811096	1.335555	0.050800	-0.022484	-0.861140	-0.630958	-0.783277	-0.087204	0.020764	-0.019356	0.292538	-1.000000	0.000000	-0.000000	-0.000000	0.194042	-0.085884	-0.087204	0.167612	3.460989	
0.000000	0.000000	1.500000	-0.134818	-0.063974	0.000000	0.000000	0.000000	0.000000	0.000000	0.000000	0.000000	0.312655	-1.811096	1.335555	0.050800	-0.022484	-0.861140	-0.630958	-0.783277	-0.087204	0.020764	-0.019356	0.292538	-1.000000	0.000000	-0.000000	-0.000000	0.194042	-0.085884	-0.087204	0.167612	3.494727	
0.000000	0.000000	1.500000	-0.134818	-0.063974	0.000000	0.000000	0.000000	0.000000	0.000000	0.000000	0.000000	0.312655	-1.811096	1.335555	0.050800	-0.022484	-0.861140	-0.630958	-0.783277	-0.087204	0.020764	-0.019356	0.292538	-1.000000	0.000000	-0.000000	-0.000000	0.194042	-0.085884	-0.087204	0.167612	3.530881	
0.000000	0.000000	1.500000	-0.134818	-0.063974	0.000000	0.000000	0.000000	0.000000	0.000000	0.000000	0.000000	0.312655	-1.811096	1.335555	0.050800	-0.022484	-0.861140	-0.630958	-0.783277	-0.087204	0.020764	-0.019356	0.292538	-1.000000	0.000000	-0.000000	-0.000000	0.194042	-0.085884	-0.087204	0.167612	3.561525	
0.000000	0.000000	1.500000	-0.134818	-0.063974	0.000000	0.000000	0.000000	0.000000	0.000000	0.000000	0.000000	0.312655	-1.811096	1.335555	0.050800	-0.022484	-0.861140	-0.630958	-0.783277	-0.087204	0.020764	-0.019356	0.292538	-1.000000	0.000000	-0.000000	-0.000000	0.194042	-0.085884	-0.087204	0.167612	3.594329	
0.000000	0.000000	1.500000	-0.134818	-0.063974	0.000000	0.000000	0.000000	0.000000	0.000000	0.000000	0.000000	0.312655	-1.811096	1.335555	0.050800	-0.022484	-0.861140	-0.630958	-0.783277	-0.087204	0.020764	-0.019356	0.292538	-1.000000	0.000000	-0.000000	-0.000000	0.194042	-0.085884	-0.087204	0.167612	3.627570	
0.000000	0.000000	1.500000	-0.134818	-0.063974	0.000000	0.000000	0.000000	0.000000	0.000000	0.000000	0.000000	0.312655	-1.811096	1.335555	0.050800	-0.022484	-0.861140	-0.630958	-0.783277	-0.087204	0.020764	-0.019356	0.292538	-1.000000	0.000000	-0.000000	-0.000000	0.194042	-0.085884	-0.087204	0.167612	3.661572	
0.000000	0.000000	1.500000	-0.134818	-0.063974	0.000000	0.000000	0.000000	0.000000	0.000000	0.000000	0.000000	0.312655	-1.811096	1.335555	0.050800	-0.022484	-0.861140	-0.630958	-0.783277	-0.087204	0.020764	-0.019356	0.292538	-1.000000	0.000000	-0.000000	-0.000000	0.194042	-0.085884	-0.087204	0.167612	3.695120	
0.000000	0.000000	1.500000	-0.134818	-0.063974	0.000000	0.000000	0.000000	0.000000	0.000000	0.000000	0.000000	0.312655	-1.811096	1.335555	0.050800	-0.022484	-0.861140	-0.630958	-0.783277	-0.087204	0.020764	-0.019356	0.292538	-1.000000	0.000000	-0.000000	-0.000000	0.194042	-0.085884	-0.087204	0.167612	3.727986	
0.000000	0.000000	1.500000	-0.134818	-0.063974	0.000000	0.000000	0.000000	0.000000	0.000000	0.000000	0.000000	0.312655	-1.811096	1.335555	0.050800	-0.022484	-0.861140	-0.630958	-0.783277	-0.087204	0.020764	-0.019356	0.292538	-1.000000	0.000000	-0.000000	-0.000000	0.194042	-0.085884	-0.087204	0.167612	3.762191	
0.000000	0.000000	1.500000	-0.134818	-0.063974	0.000000	0.000000	0.000000	0.000000	0.000000	0.000000	0.000000	0.312655	-1.811096	1.335555	0.050800	-0.022484	-0.861140	-0.630958	-0.783277	-0.087204	0.020764	-0.019356	0.292538	-1.000000	0.000000	-0.000000	-0.000000	0.194042	-0.085884	-0.087204	0.167612	3.794685	
0.000000	0.000000	1.500000	-0.134818	-0.063974	0.000000	0.000000	0.000000	0.000000	0.000000	0.000000	0.000000	0.312655	-1.811096	1.335555	0.050800	-0.022484	-0.861140	-0.630958	-0.783277	-0.087204	0.020764	-0.019356	0.292538	-1.000000	0.000000	-0.000000	-0.000000	0.194042	-0.085884	-0.087204	0.167612	3.827909	
0.000000	0.000000	1.500000	-0.134818	-0.063974	0.000000	0.000000	0.000000	0.000000	0.000000	0.000000	0.000000	0.312655	-1.811096	1.335555	0.050800	-0.022484	-0.861140	-0.630958	-0.783277	-0.087204	0.020764	-0.019356	0.292538	-1.000000	0.000000	-0.000000	-0.000000	0.194042	-0.085884	-0.087204	0.167612	3.863998	
0.000000	0.000000	1.500000	-0.134818	-0.063974	0.000000	0.000000	0.000000	0.000000	0.000000	0.000000	0.000000	0.312655	-1.811096	1.335555	0.050800	-0.022484	-0.861140	-0.630958	-0.783277	-0.087204	0.020764	-0.019356	0.292538	-1.000000	0.000000	-0.453100	-0.000000	0.194042	-0.085884	-0.087204	0.167612	3.894735	
0.000000	0.000000	1.500000	-0.134818	-0.063974	0.000000	0.000000	0.000000	0.000000	0.000000	0.000000	0.000000	0.312655	-1.811096	1.335555	0.050800	-0.022484	-0.861140	-0.630958	-0.783277	-0.087204	0.020764	-0.019356	0.292538	-1.000000	0.000000	-0.515600	-0.000000	0.194042	-0.085884	-0.087204	0.167612	3.927541	
0.000000	0.000000	1.500000	-0.134818	-0.063974	0.000000	0.000000	0.000000	0.000000	0.000000	0.000000	0.000000	0.312655	-1.811096	1.335555	0.050800	-0.022484	-0.861140	-0.630958	-0.783277	-0.087204	0.020764	-0.019356	0.292538	-1.000000	0.000000	-0.523500	-0.000000	0.194042	-0.085884	-0.087204	0.167612	3.962259	
0.000000	0.000000	1.500000	-0.134818	-0.063974	0.000000	0.000000	0.000000	0.000000	0.000000	0.000000	0.000000	0.312655	-1.811096	1.335555	0.050800	-0.022484	-0.861140	-0.630958	-0.783277	-0.087204	0.020764	-0.019356	0.292538	-1.000000	0.000000	-0.523500	-0.000000	0.194042	-0.085884	-0.087204	0.167612	3.995106	
0.000000	0.000000	1.500000	-0.134818	-0.063974	0.000000	0.000000	0.000000	0.000000	0.000000	0.000000	0.000000	0.312655	-1.811096	1.335555	0.050800	-0.022484	-0.861140	-0.630958	-0.783277	-0.087204	0.020764	-0.019356	0.292538	-1.000000	0.000000	-0.523500	-0.000000	0.194042	-0.085884	-0.087204	0.167612	4.029146	
0.000000	0.000000	1.500000	-0.134818	-0.063974	0.000000	0.000000	0.000000	0.000000	0.000000	0.000000	0.000000	0.312655	-1.811096	1.335555	0.050800	-0.022484	-0.861140	-0.630958	-0.783277	-0.087204	0.020764	-0.019356	0.292538	-1.000000	0.000000	-0.648500	-0.000000	0.194042	-0.085884	-0.087204	0.167612	4.061483	
0.000000	0.000000	1.500000	-0.134818	-0.063974	0.000000	0.000000	0.000000	0.000000	0.000000	0.000000	0.000000	0.312655	-1.811096	1.335555	0.050800	-0.022484	-0.861140	-0.630958	-0.783277	-0.087204	0.020764	-0.019356	0.292538	-1.000000	0.000000	-0.656300	-0.000000	0.194042	-0.085884	-0.087204	0.167612	4.095334	
0.000000	0.000000	1.500000	-0.134818	-0.063974	0.000000	0.000000	0.000000	0.000000	0.000000	0.000000	0.000000	0.312655	-1.811096	1.335555	0.050800	-0.022484	-0.861140	-0.630958	-0.783277	-0.087204	0.020764	-0.019356	0.292538	-1.000000	0.000000	-0.656300	-0.000000	0.194042	-0.085884	-0.087204	0.167612	4.128275	
0.000000	0.000000	1.500000	-0.134818	-0.063974	0.000000	0.000000	0.000000	0.000000	0.000000	0.000000	0.000000	0.312655	-1.811096	1.335555	0.050800	-0.022484	-0.861140	-0.630958	-0.783277	-0.087204	0.020764	-0.019356	0.292538	-1.000000	0.000000	-0.664100	-0.000000	0.194042	-0.085884	-0.087204	0.167612	4.161926	
0.000000	0.000000	1.500000	-0.134818	-0.063974	0.000000	0.000000	0.000000	0.000000	0.000000	0.000000	0.000000	0.312655	-1.811096	1.335555	0.050800	-0.022484	-0.861140	-0.630958	-0.783277	-0.087204	0.020764	-0.019356	0.292538	-1.000000	0.000000	-0.664100	-0.000000	0.194042	-0.085884	-0.087204	0.167612	4.194934	
0.000000	0.000000	1.500000	-0.134818	-0.063974	0.000000	0.000000	0.000000	0.000000	0.000000	0.000000	0.000000	0.312655	-1.811096	1.335555	0.050800	-0.022484	-0.861140	-0.630958	-0.783277	-0.087204	0.020764	-0.019356	0.292538	-1.000000	0.000000	-0.664100	-0.000000	0.194042	-0.085884	-0.087204	0.167612	4.250284	
0.000000	0.000000	1.500000	-0.111950	-0.016484	0.000000	0.000000	0.000000	0.000000	0.000000	0.000000	0.000000	0.106334	-1.844293	0.542976	0.160451	0.147705	-0.785327	-6.189627	-0.995926	-23.777356	3.289523	5.105684	2.274410	-1.000000	0.000000	-0.632800	-0.000000	0.612877	0.564192	-23.777356	1.303141	4.284876	
0.000000	0.000000	1.500000	0.023521	-0.001862	0.000000	0.000000	0.000000	0.000000	0.000000	0.000000	0.000000	0.110033	-1.829645	0.517831	0.161168	0.147960	-0.784056	0.110984	0.439457	-0.754352	0.021526	0.007636	0.038108	-1.000000	0.000000	-0.000000	-0.000000	0.615617	0.565164	-0.754352	0.021834	4.318914	
0.000000	0.000000	1.500000	0.019851	-0.006146	0.000000	0.000000	0.000000	0.000000	0.000000	0.000000	0.000000	0.113814	-1.817281	0.491534	0.149116	0.142703	-0.779834	0.113415	0.370899	-0.788902	-0.361559	-0.157700	0.126668	-1.000000	0.000000	-0.000000	-0.000000	0.569582	0.545085	-0.788902	0.072575	4.350743	
0.000000	0.000000	1.500000	0.013554	-0.009326	0.000000	0.000000	0.000000	0.000000	0.000000	0.000000	0.000000	0.116893	-1.807465	0.463366	0.136896	0.135299	-0.781036	0.092375	0.294482	-0.845041	-0.366624	-0.222124	-0.036065	-1.000000	0.000000	-0.000000	-0.000000	0.522902	0.516803	-0.845041	-0.020664	4.384900	
0.000000	0.000000	1.500000	0.011342	-0.012917	0.000000	0.000000	0.000000	0.000000	0.000000	0.000000	0.000000	0.120236	-1.799111	0.434521	0.120660	0.121628	-0.780843	0.100282	0.250633	-0.865350	-0.487060	-0.410133	0.005800	-1.000000	0.000000	-0.000000	-0.000000	0.460888	0.464584	-0.865350	0.003323	4.417135	
0.000000	0.000000	1.500000	0.007306	-0.017806	0.000000	0.000000	0.000000	0.000000	0.000000	0.000000	0.000000	0.123727	-1.792905	0.404924	0.103834	0.108250	-0.781235	0.104751	0.186163	-0.887930	-0.504777	-0.401343	-0.011758	0.000000	0.000000	-0.000000	-0.000000	0.396618	0.413483	-0.887930	-0.006737	4.452814	
0.000000	0.000000	1.500000	0.003886	-0.021270	0.000000	0.000000	0.000000	0.000000	0.000000	0.000000	0.000000	0.127182	-1.788294	0.375035	0.086302	0.092008	-0.781495	0.103642	0.138338	-0.896662	-0.525970	-0.487240	-0.007795	0.000000	0.000000	-0.000000	-0.000000	0.329649	0.351446	-0.896662	-0.004466	4.487643	
0.000000	0.000000	1.500000	0.005889	-0.023172	0.000000	0.000000	0.000000	0.000000	0.000000	0.000000	0.000000	0.131556	-1.783726	0.337256	0.064862	0.072807	-0.781539	0.131222	0.137057	-1.133364	-0.643212	-0.576030	-0.001342	0.000000	0.000000	-0.000000	-0.000000	0.247753	0.278103	-1.133364	-0.000769	4.520575	
0.000000	0.000000	1.500000	0.001596	-0.023878	0.000000	0.000000	0.000000	0.000000	0.000000	0.000000	0.000000	0.134973	-1.780241	0.306645	0.045107	0.056206	-0.782578	0.102515	0.104527	-0.918328	-0.592649	-0.498026	-0.031158	0.000000	0.000000	-0.226600	-0.000000	0.172294	0.214693	-0.918328	-0.017852	4.555978	
0.000000	0.000000	1.500000	-0.002419	-0.030904	0.000000	0.000000	0.000000	0.000000	0.000000	0.000000	0.000000	0.138994	-1.779199	0.276564	0.040846	0.044126	-0.783793	0.120628	0.031267	-0.902440	-0.127830	-0.362403	-0.036451	0.000000	0.000000	-0.343800	-0.000000	0.156019	0.168550	-0.902440	-0.020885	4.588153	
0.000000	0.000000	1.500000	-0.003180	-0.029372	0.000000	0.000000	0.000000	0.000000	0.000000	0.000000	0.000000	0.142472	-1.778000	0.245617	0.026592	0.040196	-0.782334	0.104342	0.035988	-0.928422	-0.427599	-0.117905	0.043776	0.000000	0.000000	-0.476600	-0.000000	0.101575	0.153538	-0.928422	0.025082	4.621637	
0.000000	0.000000	1.500000	-0.003180	-0.029372	0.000000	0.000000	0.000000	0.000000	0.000000	0.000000	0.000000	0.142472	-1.778000	0.245617	0.026592	0.040196	-0.782334	0.104342	0.035988	-0.928422	-0.427599	-0.117905	0.043776	0.000000	0.000000	-0.625000	-0.000000	0.101575	0.153538	-0.928422	0.025082	4.656141	
0.000000	0.000000	1.500000	-0.003180	-0.029372	0.000000	0.000000	0.000000	0.000000	0.000000	0.000000	0.000000	0.142472	-1.778000	0.245617	0.026592	0.040196	-0.782334	0.104342	0.035988	-0.928422	-0.427599	-0.117905	0.043776	0.000000	0.000000	-0.750000	-0.000000	0.101575	0.153538	-0.928422	0.025082	4.688060	
0.000000	0.000000	1.500000	0.014271	-0.043852	0.000000	0.000000	0.000000	0.000000	0.000000	0.000000	0.000000	0.154060	-1.776284	0.155559	0.026932	0.048221	-0.778121	0.347620	0.051463	-2.701713	0.010182	0.240754	0.126385	0.000000	0.000000	-1.000000	-0.000000	0.102871	0.184192	-2.701713	0.072413	4.721333	
0.000000	0.000000	1.500000	-0.004833	-0.038391	0.000000	0.000000	0.000000	0.000000	0.000000	0.000000	0.000000	0.158931	-1.777322	0.127807	0.041980	0.051037	-0.778553	0.146126	-0.031124	-0.832563	0.451462	0.084463	-0.012975	0.000000	0.000000	-1.000000	-0.000000	0.160353	0.194946	-0.832563	-0.007434	4.754629	
0.000000	0.000000	1.500000	-0.004842	-0.036446	0.000000	0.000000	0.000000	0.000000	0.000000	0.000000	0.000000	0.163350	-1.777912	0.099714	0.044693	0.053942	-0.772834	0.132569	-0.017710	-0.842802	0.081368	0.087160	0.171580	0.000000	0.000000	-1.000000	-0.000000	0.170713	0.206044	-0.842802	0.098308	4.787969	
0.000000	0.000000	1.500000	-0.010080	-0.038907	0.000000	0.000000	0.000000	0.000000	0.000000	0.000000	0.000000	0.167126	-1.780199	0.071393	0.043343	0.062170	-0.771649	0.113288	-0.068625	-0.849622	-0.040494	0.246823	0.035552	-0.000833	0.056977	-0.344813	-0.205549	0.165558	0.237470	-0.849622	0.020370	4.821604	
0.000000	0.000000	1.500000	-0.010865	-0.041471	0.000000	0.000000	0.000000	0.000000	0.000000	0.000000	0.000000	0.171217	-1.783146	0.044952	0.044898	0.066637	-0.770640	0.122742	-0.088388	-0.793245	0.046654	0.134017	0.030257	-0.013660	0.064376	-0.302066	-0.224245	0.171498	0.254534	-0.793245	0.017336	4.856083	
0.000000	0.000000	1.500000	-0.008646	-0.045361	0.000000	0.000000	0.000000	0.000000	0.000000	0.000000	0.000000	0.176186	-1.785603	0.030595	0.013822	-0.015981	-0.760748	0.149070	-0.073721	-0.430688	-0.932284	-2.478522	0.296788	0.026984	0.005344	-0.110611	-0.072910	0.052796	-0.061042	-0.430688	0.170047	4.888234	
0.000000	0.000000	1.500000	-0.009688	-0.037875	0.000000	0.000000	0.000000	0.000000	0.000000	0.000000	0.000000	0.178389	-1.785190	0.032606	0.010482	0.023943	-0.752100	0.066076	0.012403	0.060306	-0.100186	1.197699	0.259429	0.021679	0.092311	0.133657	-0.155126	0.040040	0.091454	0.060306	0.148642	4.922339	
0.000000	0.000000	1.500000	-0.009688	-0.037875	0.000000	0.000000	0.000000	0.000000	0.000000	0.000000	0.000000	0.178389	-1.785190	0.032606	0.010482	0.023943	-0.752100	0.066076	0.012403	0.060306	-0.100186	1.197699	0.259429	0.025886	0.122624	0.288555	-0.164822	0.040040	0.091454	0.060306	0.148642	4.956211	
0.000000	0.000000	1.500000	-0.009688	-0.037875	0.000000	0.000000	0.000000	0.000000	0.000000	0.000000	0.000000	0.178389	-1.785190	0.032606	0.010482	0.023943	-0.752100	0.066076	0.012403	0.060306	-0.100186	1.197699	0.259429	0.030120	0.152326	0.322554	-0.173883	0.040040	0.091454	0.060306	0.148642	4.988071	
0.000000	0.000000	1.500000	-0.009688	-0.037875	0.000000	0.000000	0.000000	0.000000	0.000000	0.000000	0.000000	0.178389	-1.785190	0.032606	0.010482	0.023943	-0.752100	0.066076	0.012403	0.060306	-0.100186	1.197699	0.259429	0.034217	0.180811	0.330287	-0.182351	0.040040	0.091454	0.060306	0.148642	5.021559	
0.000000	0.000000	1.500000	-0.009688	-0.037875	0.000000	0.000000	0.000000	0.000000	0.000000	0.000000	0.000000	0.178389	-1.785190	0.032606	0.010482	0.023943	-0.752100	0.066076	0.012403	0.060306	-0.100186	1.197699	0.259429	0.038180	0.208091	0.332065	-0.190265	0.040040	0.091454	0.060306	0.148642	5.054703	
0.000000	0.000000	1.500000	-0.009688	-0.037875	0.000000	0.000000	0.000000	0.000000	0.000000	0.000000	0.000000	0.178389	-1.785190	0.032606	0.010482	0.023943	-0.752100	0.066076	0.012403	0.060306	-0.100186	1.197699	0.259429	0.042014	0.234188	0.332475	-0.197662	0.040040	0.091454	0.060306	0.148642	5.088567	
0.000000	0.000000	1.500000	-0.009688	-0.037875	0.000000	0.000000	0.000000	0.000000	0.000000	0.000000	0.000000	0.178389	-1.785190	0.032606	0.010482	0.023943	-0.752100	0.066076	0.012403	0.060306	-0.100186	1.197699	0.259429	0.045723	0.259125	0.332570	-0.204576	0.040040	0.091454	0.060306	0.148642	5.120621	
0.000000	0.000000	1.500000	-0.009688	-0.037875	0.000000	0.000000	0.000000	0.000000	0.000000	0.000000	0.000000	0.178389	-1.785190	0.032606	0.010482	0.023943	-0.752100	0.066076	0.012403	0.060306	-0.100186	1.197699	0.259429	0.049312	0.282934	0.332592	-0.211040	0.040040	0.091454	0.060306	0.148642	5.154497	
0.000000	0.000000	1.500000	-0.009688	-0.037875	0.000000	0.000000	0.000000	0.000000	0.000000	0.000000	0.000000	0.178389	-1.785190	0.032606	0.010482	0.023943	-0.752100	0.066076	0.012403	0.060306	-0.100186	1.197699	0.259429	0.052783	0.305648	0.332597	-0.217083	0.040040	0.091454	0.060306	0.148642	5.188975	
0.000000	0.000000	1.500000	-0.009688	-0.037875	0.000000	0.000000	0.000000	0.000000	0.000000	0.000000	0.000000	0.178389	-1.785190	0.032606	0.010482	0.023943	-0.752100	0.066076	0.012403	0.060306	-0.100186	1.197699	0.259429	0.056141	0.327303	0.332598	-0.222734	0.040040	0.091454	0.060306	0.148642	5.222222	
0.000000	0.000000	1.500000	-0.009688	-0.037875	0.000000	0.000000	0.000000	0.000000	0.000000	0.000000	0.000000	0.178389	-1.785190	0.032606	0.010482	0.023943	-0.752100	0.066076	0.012403	0.060306	-0.100186	1.197699	0.259429	0.059390	0.347938	0.332598	-0.228018	0.040040	0.091454	0.060306	0.148642	5.255305	
0.000000	0.000000	1.500000	-0.009688	-0.037875	0.000000	0.000000	0.000000	0.000000	0.000000	0.000000	0.000000	0.178389	-1.785190	0.032606	0.010482	0.023943	-0.752100	0.066076	0.012403	0.060306	-0.100186	1.197699	0.259429	0.062533	0.367591	0.332598	-0.232959	0.040040	0.091454	0.060306	0.148642	5.289226	
0.000000	0.000000	1.500000	-0.009688	-0.037875	0.000000	0.000000	0.000000	0.000000	0.000000	0.000000	0.000000	0.178389	-1.785190	0.032606	0.010482	0.023943	-0.752100	0.066076	0.012403	0.060306	-0.100186	1.197699	0.259429	0.065573	0.386303	0.332598	-0.237580	0.040040	0.091454	0.060306	0.148642	5.322203	
0.000000	0.000000	1.500000	-0.009688	-0.037875	0.000000	0.000000	0.000000	0.000000	0.000000	0.000000	0.000000	0.178389	-1.785190	0.032606	0.010482	0.023943	-0.752100	0.066076	0.012403	0.060306	-0.100186	1.197699	0.259429	0.068514	0.404114	0.332598	-0.241903	0.040040	0.091454	0.060306	0.148642	5.354512	
0.000000	0.000000	1.500000	-0.009688	-0.037875	0.000000	0.000000	0.000000	0.000000	0.000000	0.000000	0.000000	0.178389	-1.785190	0.032606	0.010482	0.023943	-0.752100	0.066076	0.012403	0.060306	-0.100186	1.197699	0.259429	0.071359	0.421064	0.332598	-0.245948	0.040040	0.091454	0.060306	0.148642	5.388010	
0.000000	0.000000	1.500000	-0.009688	-0.037875	0.000000	0.000000	0.000000	0.000000	0.000000	0.000000	0.000000	0.178389	-1.785190	0.032606	0.010482	0.023943	-0.752100	0.066076	0.012403	0.060306	-0.100186	1.197699	0.259429	0.074111	0.437191	0.332598	-0.249731	0.040040	0.091454	0.060306	0.148642	5.421430	
0.000000	0.000000	1.500000	-0.009688	-0.037875	0.000000	0.000000	0.000000	0.000000	0.000000	0.000000	0.000000	0.178389	-1.785190	0.032606	0.010482	0.023943	-0.752100	0.066076	0.012403	0.060306	-0.100186	1.197699	0.259429	0.076773	0.452536	0.332598	-0.253271	0.040040	0.091454	0.060306	0.148642	5.454760	
0.000000	0.000000	1.500000	-0.009688	-0.037875	0.000000	0.000000	0.000000	0.000000	0.000000	0.000000	0.000000	0.178389	-1.785190	0.032606	0.010482	0.023943	-0.752100	0.066076	0.012403	0.060306	-0.100186	1.197699	0.259429	0.079348	0.467134	0.332598	-0.256584	0.040040	0.091454	0.060306	0.148642	5.488339	
0.000000	0.000000	1.500000	-0.009688	-0.037875	0.000000	0.000000	0.000000	0.000000	0.000000	0.000000	0.000000	0.178389	-1.785190	0.032606	0.010482	0.023943	-0.752100	0.066076	0.012403	0.060306	-0.100186	1.197699	0.259429	0.081839	0.481024	0.332598	-0.259684	0.040040	0.091454	0.060306	0.148642	5.521643	
0.000000	0.000000	1.500000	-0.009688	-0.037875	0.000000	0.000000	0.000000	0.000000	0.000000	0.000000	0.000000	0.178389	-1.785190	0.032606	0.010482	0.023943	-0.752100	0.066076	0.012403	0.060306	-0.100186	1.197699	0.259429	0.084249	0.494239	0.332598	-0.262586	0.040040	0.091454	0.060306	0.148642	5.554965	
0.000000	0.000000	1.500000	-0.009688	-0.037875	0.000000	0.000000	0.000000	0.000000	0.000000	0.000000	0.000000	0.178389	-1.785190	0.032606	0.010482	0.023943	-0.752100	0.066076	0.012403	0.060306	-0.100186	1.197699	0.259429	0.086580	0.506814	0.332598	-0.265302	0.040040	0.091454	0.060306	0.148642	5.588868	
0.000000	0.000000	1.500000	-0.009688	-0.037875	0.000000	0.000000	0.000000	0.000000	0.000000	0.000000	0.000000	0.178389	-1.785190	0.032606	0.010482	0.023943	-0.752100	0.066076	0.012403	0.060306	-0.100186	1.197699	0.259429	0.088836	0.518782	0.332598	-0.267844	0.040040	0.091454	0.060306	0.148642	5.621207	
0.000000	0.000000	1.500000	-0.009688	-0.037875	0.000000	0.000000	0.000000	0.000000	0.000000	0.000000	0.000000	0.178389	-1.785190	0.032606	0.010482	0.023943	-0.752100	0.066076	0.012403	0.060306	-0.100186	1.197699	0.259429	0.091017	0.530173	0.332598	-0.270225	0.040040	0.091454	0.060306	0.148642	5.656194	
0.000000	0.000000	1.500000	-0.009688	-0.037875	0.000000	0.000000	0.000000	0.000000	0.000000	0.000000	0.000000	0.178389	-1.785190	0.032606	0.010482	0.023943	-0.752100	0.066076	0.012403	0.060306	-0.100186	1.197699	0.259429	0.093127	0.541018	0.332598	-0.272453	0.040040	0.091454	0.060306	0.148642	5.689266	
0.000000	0.000000	1.500000	-0.009688	-0.037875	0.000000	0.000000	0.000000	0.000000	0.000000	0.000000	0.000000	0.178389	-1.785190	0.032606	0.010482	0.023943	-0.752100	0.066076	0.012403	0.060306	-0.100186	1.197699	0.259429	0.095169	0.551344	0.332598	-0.274539	0.040040	0.091454	0.060306	0.148642	5.722833	
0.000000	0.000000	1.500000	-0.009688	-0.037875	0.000000	0.000000	0.000000	0.000000	0.000000	0.000000	0.000000	0.178389	-1.785190	0.032606	0.010482	0.023943	-0.752100	0.066076	0.012403	0.060306	-0.100186	1.197699	0.259429	0.097143	0.561179	0.332598	-0.276493	0.040040	0.091454	0.060306	0.148642	5.757071	
0.000000	0.000000	1.500000	-0.009688	-0.037875	0.000000	0.000000	0.000000	0.000000	0.000000	0.000000	0.000000	0.178389	-1.785190	0.032606	0.010482	0.023943	-0.752100	0.066076	0.012403	0.060306	-0.100186	1.197699	0.259429	0.099054	0.570548	0.332598	-0.278323	0.040040	0.091454	0.060306	0.148642	5.789252	
0.000000	0.000000	1.500000	-0.009688	-0.037875	0.000000	0.000000	0.000000	0.000000	0.000000	0.000000	0.000000	0.178389	-1.785190	0.032606	0.010482	0.023943	-0.752100	0.066076	0.012403	0.060306	-0.100186	1.197699	0.259429	0.100902	0.579476	0.332598	-0.280036	0.040040	0.091454	0.060306	0.148642	5.822221	
0.000000	0.000000	1.500000	-0.009688	-0.037875	0.000000	0.000000	0.000000	0.000000	0.000000	0.000000	0.000000	0.178389	-1.785190	0.032606	0.010482	0.023943	-0.752100	0.066076	0.012403	0.060306	-0.100186	1.197699	0.259429	0.102690	0.587986	0.332598	-0.281641	0.040040	0.091454	0.060306	0.148642	5.855973	
0.000000	0.000000	1.500000	-0.009688	-0.037875	0.000000	0.000000	0.000000	0.000000	0.000000	0.000000	0.000000	0.178389	-1.785190	0.032606	0.010482	0.023943	-0.752100	0.066076	0.012403	0.060306	-0.100186	1.197699	0.259429	0.104419	0.596098	0.332598	-0.283144	0.040040	0.091454	0.060306	0.148642	5.889481	
0.000000	0.000000	1.500000	-0.009688	-0.037875	0.000000	0.000000	0.000000	0.000000	0.000000	0.000000	0.000000	0.178389	-1.785190	0.032606	0.010482	0.023943	-0.752100	0.066076	0.012403	0.060306	-0.100186	1.197699	0.259429	0.106092	0.603835	0.332598	-0.284551	0.040040	0.091454	0.060306	0.148642	5.922663	
0.000000	0.000000	1.500000	-0.009688	-0.037875	0.000000	0.000000	0.000000	0.000000	0.000000	0.000000	0.000000	0.178389	-1.785190	0.032606	0.010482	0.023943	-0.752100	0.066076	0.012403	0.060306	-0.100186	1.197699	0.259429	0.107711	0.611216	0.332598	-0.285870	0.040040	0.091454	0.060306	0.148642	5.956240	
0.000000	0.000000	1.500000	-0.009688	-0.037875	0.000000	0.000000	0.000000	0.000000	0.000000	0.000000	0.000000	0.178389	-1.785190	0.032606	0.010482	0.023943	-0.752100	0.066076	0.012403	0.060306	-0.100186	1.197699	0.259429	0.109277	0.618259	0.332598	-0.287105	0.040040	0.091454	0.060306	0.148642	5.989696	
0.000000	0.000000	1.500000	-0.009688	-0.037875	0.000000	0.000000	0.000000	0.000000	0.000000	0.000000	0.000000	0.178389	-1.785190	0.032606	0.010482	0.023943	-0.752100	0.066076	0.012403	0.060306	-0.100186	1.197699	0.259429	0.110791	0.624981	0.332598	-0.288263	0.040040	0.091454	0.060306	0.148642	6.022469	
0.000000	0.000000	1.500000	-0.009688	-0.037875	0.000000	0.000000	0.000000	0.000000	0.000000	0.000000	0.000000	0.178389	-1.785190	0.032606	0.010482	0.023943	-0.752100	0.066076	0.012403	0.060306	-0.100186	1.197699	0.259429	0.112257	0.631400	0.332598	-0.289347	0.040040	0.091454	0.060306	0.148642	6.057380	
0.000000	0.000000	1.500000	-0.009688	-0.037875	0.000000	0.000000	0.000000	0.000000	0.000000	0.000000	0.000000	0.178389	-1.785190	0.032606	0.010482	0.023943	-0.752100	0.066076	0.012403	0.060306	-0.100186	1.197699	0.259429	0.113674	0.637530	0.332598	-0.290362	0.040040	0.091454	0.060306	0.148642	6.090126	
0.000000	0.000000	1.500000	-0.009688	-0.037875	0.000000	0.000000	0.000000	0.000000	0.000000	0.000000	0.000000	0.178389	-1.785190	0.032606	0.010482	0.023943	-0.752100	0.066076	0.012403	0.060306	-0.100186	1.197699	0.259429	0.115046	0.643386	0.332598	-0.291314	0.040040	0.091454	0.060306	0.148642	6.124117	
0.000000	0.000000	1.500000	-0.009688	-0.037875	0.000000	0.000000	0.000000	0.000000	0.000000	0.000000	0.000000	0.178389	-1.785190	0.032606	0.010482	0.023943	-0.752100	0.066076	0.012403	0.060306	-0.100186	1.197699	0.259429	0.116373	0.648983	0.332598	-0.292205	0.040040	0.091454	0.060306	0.148642	6.157938	
0.000000	0.000000	1.500000	-0.009688	-0.037875	0.000000	0.000000	0.000000	0.000000	0.000000	0.000000	0.000000	0.178389	-1.785190	0.032606	0.010482	0.023943	-0.752100	0.066076	0.012403	0.060306	-0.100186	1.197699	0.259429	0.117656	0.654333	0.332598	-0.293041	0.040040	0.091454	0.060306	0.148642	6.191083	
0.000000	0.000000	1.500000	-0.009688	-0.037875	0.000000	0.000000	0.000000	0.000000	0.000000	0.000000	0.000000	0.178389	-1.785190	0.032606	0.010482	0.023943	-0.752100	0.066076	0.012403	0.060306	-0.100186	1.197699	0.259429	0.118898	0.659449	0.332598	-0.293824	0.040040	0.091454	0.060306	0.148642	6.224354	
0.000000	0.000000	1.500000	-0.009688	-0.037875	0.000000	0.000000	0.000000	0.000000	0.000000	0.000000	0.000000	0.178389	-1.785190	0.032606	0.010482	0.023943	-0.752100	0.066076	0.012403	0.060306	-0.100186	1.197699	0.259429	0.120100	0.664343	0.332598	-0.294557	0.040040	0.091454	0.060306	0.148642	6.257780	
0.000000	0.000000	1.500000	-0.009688	-0.037875	0.000000	0.000000	0.000000	0.000000	0.000000	0.000000	0.000000	0.178389	-1.785190	0.032606	0.010482	0.023943	-0.752100	0.066076	0.012403	0.060306	-0.100186	1.197699	0.259429	0.121262	0.669025	0.332598	-0.295245	0.040040	0.091454	0.060306	0.148642	6.289739	
0.000000	0.000000	1.500000	-0.009688	-0.037875	0.000000	0.000000	0.000000	0.000000	0.000000	0.000000	0.000000	0.178389	-1.785190	0.032606	0.010482	0.023943	-0.752100	0.066076	0.012403	0.060306	-0.100186	1.197699	0.259429	0.122386	0.673506	0.332598	-0.295889	0.040040	0.091454	0.060306	0.148642	6.336547	
0.000000	0.000000	1.500000	-0.009688	-0.037875	0.000000	0.000000	0.000000	0.000000	0.000000	0.000000	0.000000	0.178389	-1.785190	0.032606	0.010482	0.023943	-0.752100	0.066076	0.012403	0.060306	-0.100186	1.197699	0.259429	0.123474	0.677796	0.332598	-0.296492	0.040040	0.091454	0.060306	0.148642	6.371942	
0.000000	0.000000	1.500000	-0.009688	-0.037875	0.000000	0.000000	0.000000	0.000000	0.000000	0.000000	0.000000	0.178389	-1.785190	0.032606	0.010482	0.023943	-0.752100	0.066076	0.012403	0.060306	-0.100186	1.197699	0.259429	0.124527	0.681903	0.332598	-0.297058	0.040040	0.091454	0.060306	0.148642	6.404319	
0.000000	0.000000	1.500000	-0.009688	-0.037875	0.000000	0.000000	0.000000	0.000000	0.000000	0.000000	0.000000	0.178389	-1.785190	0.032606	0.010482	0.023943	-0.752100	0.066076	0.012403	0.060306	-0.100186	1.197699	0.259429	0.125545	0.685838	0.332598	-0.297588	0.040040	0.091454	0.060306	0.148642	6.436467	
0.000000	0.000000	1.500000	-0.009688	-0.037875	0.000000	0.000000	0.000000	0.000000	0.000000	0.000000	0.000000	0.178389	-1.785190	0.032606	0.010482	0.023943	-0.752100	0.066076	0.012403	0.060306	-0.100186	1.197699	0.259429	0.126531	0.689609	0.332598	-0.298085	0.040040	0.091454	0.060306	0.148642	6.471024	
0.000000	0.000000	1.500000	-0.009688	-0.037875	0.000000	0.000000	0.000000	0.000000	0.000000	0.000000	0.000000	0.178389	-1.785190	0.032606	0.010482	0.023943	-0.752100	0.066076	0.012403	0.060306	-0.100186	1.197699	0.259429	0.127484	0.693222	0.332598	-0.298550	0.040040	0.091454	0.060306	0.148642	6.503989	
0.000000	0.000000	1.500000	-0.009688	-0.037875	0.000000	0.000000	0.000000	0.000000	0.000000	0.000000	0.000000	0.178389	-1.785190	0.032606	0.010482	0.023943	-0.752100	0.066076	0.012403	0.060306	-0.100186	1.197699	0.259429	0.128406	0.696686	0.332598	-0.298987	0.040040	0.091454	0.060306	0.148642	6.537064	
0.000000	0.000000	1.500000	-0.009688	-0.037875	0.000000	0.000000	0.000000	0.000000	0.000000	0.000000	0.000000	0.178389	-1.785190	0.032606	0.010482	0.023943	-0.752100	0.066076	0.012403	0.060306	-0.100186	1.197699	0.259429	0.129298	0.700007	0.332598	-0.299396	0.040040	0.091454	0.060306	0.148642	6.571001	
0.000000	0.000000	1.500000	-0.009688	-0.037875	0.000000	0.000000	0.000000	0.000000	0.000000	0.000000	0.000000	0.178389	-1.785190	0.032606	0.010482	0.023943	-0.752100	0.066076	0.012403	0.060306	-0.100186	1.197699	0.259429	0.130162	0.703193	0.332598	-0.299779	0.040040	0.091454	0.060306	0.148642	6.603301	
0.000000	0.000000	1.500000	-0.009688	-0.037875	0.000000	0.000000	0.000000	0.000000	0.000000	0.000000	0.000000	0.178389	-1.785190	0.032606	0.010482	0.023943	-0.752100	0.066076	0.012403	0.060306	-0.100186	1.197699	0.259429	0.130997	0.706250	0.332598	-0.300139	0.040040	0.091454	0.060306	0.148642	6.637632	
0.000000	0.000000	1.500000	-0.009688	-0.037875	0.000000	0.000000	0.000000	0.000000	0.000000	0.000000	0.000000	0.178389	-1.785190	0.032606	0.010482	0.023943	-0.752100	0.066076	0.012403	0.060306	-0.100186	1.197699	0.259429	0.131805	0.709182	0.332598	-0.300475	0.040040	0.091454	0.060306	0.148642	6.670361	
0.000000	0.000000	1.500000	-0.009688	-0.037875	0.000000	0.000000	0.000000	0.000000	0.000000	0.000000	0.000000	0.178389	-1.785190	0.032606	0.010482	0.023943	-0.752100	0.066076	0.012403	0.060306	-0.100186	1.197699	0.259429	0.132587	0.711998	0.332598	-0.300791	0.040040	0.091454	0.060306	0.148642	6.703820	
0.000000	0.000000	1.500000	-0.009688	-0.037875	0.000000	0.000000	0.000000	0.000000	0.000000	0.000000	0.000000	0.178389	-1.785190	0.032606	0.010482	0.023943	-0.752100	0.066076	0.012403	0.060306	-0.100186	1.197699	0.259429	0.133344	0.714700	0.332598	-0.301087	0.040040	0.091454	0.060306	0.148642	6.737414	
0.000000	0.000000	1.500000	-0.009688	-0.037875	0.000000	0.000000	0.000000	0.000000	0.000000	0.000000	0.000000	0.178389	-1.785190	0.032606	0.010482	0.023943	-0.752100	0.066076	0.012403	0.060306	-0.100186	1.197699	0.259429	0.134076	0.717296	0.332598	-0.301364	0.040040	0.091454	0.060306	0.148642	6.770589	
0.000000	0.000000	1.500000	-0.009688	-0.037875	0.000000	0.000000	0.000000	0.000000	0.000000	0.000000	0.000000	0.178389	-1.785190	0.032606	0.010482	0.023943	-0.752100	0.066076	0.012403	0.060306	-0.100186	1.197699	0.259429	0.134784	0.719789	0.332598	-0.301624	0.040040	0.091454	0.060306	0.148642	6.804976	
0.000000	0.000000	1.500000	-0.009688	-0.037875	0.000000	0.000000	0.000000	0.000000	0.000000	0.000000	0.000000	0.178389	-1.785190	0.032606	0.010482	0.023943	-0.752100	0.066076	0.012403	0.060306	-0.100186	1.197699	0.259429	0.135469	0.722183	0.332598	-0.301868	0.040040	0.091454	0.060306	0.148642	6.840158	
0.000000	0.000000	1.500000	-0.009688	-0.037875	0.000000	0.000000	0.000000	0.000000	0.000000	0.000000	0.000000	0.178389	-1.785190	0.032606	0.010482	0.023943	-0.752100	0.066076	0.012403	0.060306	-0.100186	1.197699	0.259429	0.136132	0.724485	0.332598	-0.302096	0.040040	0.091454	0.060306	0.148642	6.870601	
0.000000	0.000000	1.500000	-0.009688	-0.037875	0.000000	0.000000	0.000000	0.000000	0.000000	0.000000	0.000000	0.178389	-1.785190	0.032606	0.010482	0.023943	-0.752100	0.066076	0.012403	0.060306	-0.100186	1.197699	0.259429	0.136774	0.726696	0.332598	-0.302310	0.040040	0.091454	0.060306	0.148642	6.903654	
0.000000	0.000000	1.500000	-0.009688	-0.037875	0.000000	0.000000	0.000000	0.000000	0.000000	0.000000	0.000000	0.178389	-1.785190	0.032606	0.010482	0.023943	-0.752100	0.066076	0.012403	0.060306	-0.100186	1.197699	0.259429	0.137395	0.728823	0.332598	-0.302511	0.040040	0.091454	0.060306	0.148642	6.936609	
0.000000	0.000000	1.500000	-0.009688	-0.037875	0.000000	0.000000	0.000000	0.000000	0.000000	0.000000	0.000000	0.178389	-1.785190	0.032606	0.010482	0.023943	-0.752100	0.066076	0.012403	0.060306	-0.100186	1.197699	0.259429	0.137995	0.730867	0.332598	-0.302699	0.040040	0.091454	0.060306	0.148642	6.971102	
0.000000	0.000000	1.500000	-0.009688	-0.037875	0.000000	0.000000	0.000000	0.000000	0.000000	0.000000	0.000000	0.178389	-1.785190	0.032606	0.010482	0.023943	-0.752100	0.066076	0.012403	0.060306	-0.100186	1.197699	0.259429	0.138576	0.732833	0.332598	-0.302875	0.040040	0.091454	0.060306	0.148642	7.005070	
0.000000	0.000000	1.500000	-0.009688	-0.037875	0.000000	0.000000	0.000000	0.000000	0.000000	0.000000	0.000000	0.178389	-1.785190	0.032606	0.010482	0.023943	-0.752100	0.066076	0.012403	0.060306	-0.100186	1.197699	0.259429	0.139139	0.734724	0.332598	-0.303041	0.040040	0.091454	0.060306	0.148642	7.037359	
0.000000	0.000000	1.500000	-0.009688	-0.037875	0.000000	0.000000	0.000000	0.000000	0.000000	0.000000	0.000000	0.178389	-1.785190	0.032606	0.010482	0.023943	-0.752100	0.066076	0.012403	0.060306	-0.100186	1.197699	0.259429	0.139683	0.736543	0.332598	-0.303196	0.040040	0.091454	0.060306	0.148642	7.072290	
0.000000	0.000000	1.500000	-0.009688	-0.037875	0.000000	0.000000	0.000000	0.000000	0.000000	0.000000	0.000000	0.178389	-1.785190	0.032606	0.010482	0.023943	-0.752100	0.066076	0.012403	0.060306	-0.100186	1.197699	0.259429	0.140209	0.738293	0.332598	-0.303341	0.040040	0.091454	0.060306	0.148642	7.103660	
0.000000	0.000000	1.500000	-0.009688	-0.037875	0.000000	0.000000	0.000000	0.000000	0.000000	0.000000	0.000000	0.178389	-1.785190	0.032606	0.010482	0.023943	-0.752100	0.066076	0.012403	0.060306	-0.100186	1.197699	0.259429	0.140718	0.739978	0.332598	-0.303477	0.040040	0.091454	0.060306	0.148642	7.136881	
0.000000	0.000000	1.500000	-0.009688	-0.037875	0.000000	0.000000	0.000000	0.000000	0.000000	0.000000	0.000000	0.178389	-1.785190	0.032606	0.010482	0.023943	-0.752100	0.066076	0.012403	0.060306	-0.100186	1.197699	0.259429	0.141211	0.741599	0.332598	-0.303605	0.040040	0.091454	0.060306	0.148642	7.172478	
0.000000	0.000000	1.500000	-0.009688	-0.037875	0.000000	0.000000	0.000000	0.000000	0.000000	0.000000	0.000000	0.178389	-1.785190	0.032606	0.010482	0.023943	-0.752100	0.066076	0.012403	0.060306	-0.100186	1.197699	0.259429	0.141688	0.743160	0.332598	-0.303724	0.040040	0.091454	0.060306	0.148642	7.204345	
0.000000	0.000000	1.500000	-0.009688	-0.037875	0.000000	0.000000	0.000000	0.000000	0.000000	0.000000	0.000000	0.178389	-1.785190	0.032606	0.010482	0.023943	-0.752100	0.066076	0.012403	0.060306	-0.100186	1.197699	0.259429	0.142150	0.744663	0.332598	-0.303836	0.040040	0.091454	0.060306	0.148642	7.237242	
0.000000	0.000000	1.500000	-0.009688	-0.037875	0.000000	0.000000	0.000000	0.000000	0.000000	0.000000	0.000000	0.178389	-1.785190	0.032606	0.010482	0.023943	-0.752100	0.066076	0.012403	0.060306	-0.100186	1.197699	0.259429	0.142596	0.746110	0.332598	-0.303941	0.040040	0.091454	0.060306	0.148642	7.272478	
0.000000	0.000000	1.500000	-0.009688	-0.037875	0.000000	0.000000	0.000000	0.000000	0.000000	0.000000	0.000000	0.178389	-1.785190	0.032606	0.010482	0.023943	-0.752100	0.066076	0.012403	0.060306	-0.100186	1.197699	0.259429	0.143028	0.747504	0.332598	-0.304040	0.040040	0.091454	0.060306	0.148642	7.305783	
0.000000	0.000000	1.500000	-0.009688	-0.037875	0.000000	0.000000	0.000000	0.000000	0.000000	0.000000	0.000000	0.178389	-1.785190	0.032606	0.010482	0.023943	-0.752100	0.066076	0.012403	0.060306	-0.100186	1.197699	0.259429	0.143446	0.748846	0.332598	-0.304132	0.040040	0.091454	0.060306	0.148642	7.337035	
0.000000	0.000000	1.500000	-0.009688	-0.037875	0.000000	0.000000	0.000000	0.000000	0.000000	0.000000	0.000000	0.178389	-1.785190	0.032606	0.010482	0.023943	-0.752100	0.066076	0.012403	0.060306	-0.100186	1.197699	0.259429	0.143851	0.750140	0.332598	-0.304219	0.040040	0.091454	0.060306	0.148642	7.372013	
0.000000	0.000000	1.500000	-0.009688	-0.037875	0.000000	0.000000	0.000000	0.000000	0.000000	0.000000	0.000000	0.178389	-1.785190	0.032606	0.010482	0.023943	-0.752100	0.066076	0.012403	0.060306	-0.100186	1.197699	0.259429	0.144242	0.751386	0.332598	-0.304300	0.040040	0.091454	0.060306	0.148642	7.403882	
0.000000	0.000000	1.500000	-0.009688	-0.037875	0.000000	0.000000	0.000000	0.000000	0.000000	0.000000	0.000000	0.178389	-1.785190	0.032606	0.010482	0.023943	-0.752100	0.066076	0.012403	0.060306	-0.100186	1.197699	0.259429	0.144621	0.752587	0.332598	-0.304376	0.040040	0.091454	0.060306	0.148642	7.440114	
0.000000	0.000000	1.500000	-0.009688	-0.037875	0.000000	0.000000	0.000000	0.000000	0.000000	0.000000	0.000000	0.178389	-1.785190	0.032606	0.010482	0.023943	-0.752100	0.066076	0.012403	0.060306	-0.100186	1.197699	0.259429	0.144988	0.753745	0.332598	-0.304448	0.040040	0.091454	0.060306	0.148642	7.471976	
0.000000	0.000000	1.500000	-0.009688	-0.037875	0.000000	0.000000	0.000000	0.000000	0.000000	0.000000	0.000000	0.178389	-1.785190	0.032606	0.010482	0.023943	-0.752100	0.066076	0.012403	0.060306	-0.100186	1.197699	0.259429	0.145342	0.754861	0.332598	-0.304515	0.040040	0.091454	0.060306	0.148642	7.504210	
0.000000	0.000000	1.500000	-0.009688	-0.037875	0.000000	0.000000	0.000000	0.000000	0.000000	0.000000	0.000000	0.178389	-1.785190	0.032606	0.010482	0.023943	-0.752100	0.066076	0.012403	0.060306	-0.100186	1.197699	0.259429	0.145685	0.755936	0.332598	-0.304577	0.040040	0.091454	0.060306	0.148642	7.537812	
0.000000	0.000000	1.500000	-0.009688	-0.037875	0.000000	0.000000	0.000000	0.000000	0.000000	0.000000	0.000000	0.178389	-1.785190	0.032606	0.010482	0.023943	-0.752100	0.066076	0.012403	0.060306	-0.100186	1.197699	0.259429	0.146018	0.756973	0.332598	-0.304636	0.040040	0.091454	0.060306	0.148642	7.571836	
0.000000	0.000000	1.500000	-0.009688	-0.037875	0.000000	0.000000	0.000000	0.000000	0.000000	0.000000	0.000000	0.178389	-1.785190	0.032606	0.010482	0.023943	-0.752100	0.066076	0.012403	0.060306	-0.100186	1.197699	0.259429	0.146339	0.757973	0.332598	-0.304691	0.040040	0.091454	0.060306	0.148642	7.604169	
0.000000	0.000000	1.500000	-0.009688	-0.037875	0.000000	0.000000	0.000000	0.000000	0.000000	0.000000	0.000000	0.178389	-1.785190	0.032606	0.010482	0.023943	-0.752100	0.066076	0.012403	0.060306	-0.100186	1.197699	0.259429	0.146650	0.758938	0.332598	-0.304743	0.040040	0.091454	0.060306	0.148642	7.639581	
0.000000	0.000000	1.500000	-0.009688	-0.037875	0.000000	0.000000	0.000000	0.000000	0.000000	0.000000	0.000000	0.178389	-1.785190	0.032606	0.010482	0.023943	-0.752100	0.066076	0.012403	0.060306	-0.100186	1.197699	0.259429	0.146951	0.759868	0.332598	-0.304791	0.040040	0.091454	0.060306	0.148642	7.671053	
0.000000	0.000000	1.500000	-0.009688	-0.037875	0.000000	0.000000	0.000000	0.000000	0.000000	0.000000	0.000000	0.178389	-1.785190	0.032606	0.010482	0.023943	-0.752100	0.066076	0.012403	0.060306	-0.100186	1.197699	0.259429	0.147242	0.760765	0.332598	-0.304837	0.040040	0.091454	0.060306	0.148642	7.704087	
0.000000	0.000000	1.500000	-0.009688	-0.037875	0.000000	0.000000	0.000000	0.000000	0.000000	0.000000	0.000000	0.178389	-1.785190	0.032606	0.010482	0.023943	-0.752100	0.066076	0.012403	0.060306	-0.100186	1.197699	0.259429	0.147524	0.761630	0.332598	-0.304879	0.040040	0.091454	0.060306	0.148642	7.738745	
0.000000	0.000000	1.500000	-0.009688	-0.037875	0.000000	0.000000	0.000000	0.000000	0.000000	0.000000	0.000000	0.178389	-1.785190	0.032606	0.010482	0.023943	-0.752100	0.066076	0.012403	0.060306	-0.100186	1.197699	0.259429	0.147796	0.762465	0.332598	-0.304919	0.040040	0.091454	0.060306	0.148642	7.770571	
0.000000	0.000000	1.500000	-0.009688	-0.037875	0.000000	0.000000	0.000000	0.000000	0.000000	0.000000	0.000000	0.178389	-1.785190	0.032606	0.010482	0.023943	-0.752100	0.066076	0.012403	0.060306	-0.100186	1.197699	0.259429	0.148060	0.763271	0.332598	-0.304957	0.040040	0.091454	0.060306	0.148642	7.805540	
0.000000	0.000000	1.500000	-0.009688	-0.037875	0.000000	0.000000	0.000000	0.000000	0.000000	0.000000	0.000000	0.178389	-1.785190	0.032606	0.010482	0.023943	-0.752100	0.066076	0.012403	0.060306	-0.100186	1.197699	0.259429	0.148315	0.764048	0.332598	-0.304992	0.040040	0.091454	0.060306	0.148642	7.837065	
0.000000	0.000000	1.500000	-0.009688	-0.037875	0.000000	0.000000	0.000000	0.000000	0.000000	0.000000	0.000000	0.178389	-1.785190	0.032606	0.010482	0.023943	-0.752100	0.066076	0.012403	0.060306	-0.100186	1.197699	0.259429	0.148562	0.764798	0.332598	-0.305025	0.040040	0.091454	0.060306	0.148642	7.871430	
0.000000	0.000000	1.500000	-0.009688	-0.037875	0.000000	0.000000	0.000000	0.000000	0.000000	0.000000	0.000000	0.178389	-1.785190	0.032606	0.010482	0.023943	-0.752100	0.066076	0.012403	0.060306	-0.100186	1.197699	0.259429	0.148801	0.765523	0.332598	-0.305055	0.040040	0.091454	0.060306	0.148642	7.904319	
0.000000	0.000000	1.500000	-0.009688	-0.037875	0.000000	0.000000	0.000000	0.000000	0.000000	0.000000	0.000000	0.178389	-1.785190	0.032606	0.010482	0.023943	-0.752100	0.066076	0.012403	0.060306	-0.100186	1.197699	0.259429	0.149033	0.766221	0.332598	-0.305084	0.040040	0.091454	0.060306	0.148642	7.937842	
0.000000	0.000000	1.500000	-0.009688	-0.037875	0.000000	0.000000	0.000000	0.000000	0.000000	0.000000	0.000000	0.178389	-1.785190	0.032606	0.010482	0.023943	-0.752100	0.066076	0.012403	0.060306	-0.100186	1.197699	0.259429	0.149256	0.766896	0.332598	-0.305111	0.040040	0.091454	0.060306	0.148642	7.972555	
0.000000	0.000000	1.500000	-0.009688	-0.037875	0.000000	0.000000	0.000000	0.000000	0.000000	0.000000	0.000000	0.178389	-1.785190	0.032606	0.010482	0.023943	-0.752100	0.066076	0.012403	0.060306	-0.100186	1.197699	0.259429	0.149473	0.767547	0.332598	-0.305137	0.040040	0.091454	0.060306	0.148642	8.006037	
0.000000	0.000000	1.500000	-0.009688	-0.037875	0.000000	0.000000	0.000000	0.000000	0.000000	0.000000	0.000000	0.178389	-1.785190	0.032606	0.010482	0.023943	-0.752100	0.066076	0.012403	0.060306	-0.100186	1.197699	0.259429	0.149683	0.768176	0.332598	-0.305161	0.040040	0.091454	0.060306	0.148642	8.038312	
0.000000	0.000000	1.500000	-0.009688	-0.037875	0.000000	0.000000	0.000000	0.000000	0.000000	0.000000	0.000000	0.178389	-1.785190	0.032606	0.010482	0.023943	-0.752100	0.066076	0.012403	0.060306	-0.100186	1.197699	0.259429	0.149885	0.768783	0.332598	-0.305183	0.040040	0.091454	0.060306	0.148642	8.072714	
0.000000	0.000000	1.500000	-0.009688	-0.037875	0.000000	0.000000	0.000000	0.000000	0.000000	0.000000	0.000000	0.178389	-1.785190	0.032606	0.010482	0.023943	-0.752100	0.066076	0.012403	0.060306	-0.100186	1.197699	0.259429	0.150082	0.769369	0.332598	-0.305204	0.040040	0.091454	0.060306	0.148642	8.104399	
0.000000	0.000000	1.500000	-0.009688	-0.037875	0.000000	0.000000	0.000000	0.000000	0.000000	0.000000	0.000000	0.178389	-1.785190	0.032606	0.010482	0.023943	-0.752100	0.066076	0.012403	0.060306	-0.100186	1.197699	0.259429	0.150272	0.769935	0.332598	-0.305223	0.040040	0.091454	0.060306	0.148642	8.138705	
0.000000	0.000000	1.500000	-0.009688	-0.037875	0.000000	0.000000	0.000000	0.000000	0.000000	0.000000	0.000000	0.178389	-1.785190	0.032606	0.010482	0.023943	-0.752100	0.066076	0.012403	0.060306	-0.100186	1.197699	0.259429	0.150455	0.770481	0.332598	-0.305242	0.040040	0.091454	0.060306	0.148642	8.172363	
0.000000	0.000000	1.500000	-0.009688	-0.037875	0.000000	0.000000	0.000000	0.000000	0.000000	0.000000	0.000000	0.178389	-1.785190	0.032606	0.010482	0.023943	-0.752100	0.066076	0.012403	0.060306	-0.100186	1.197699	0.259429	0.150633	0.771009	0.332598	-0.305259	0.040040	0.091454	0.060306	0.148642	8.205795	
0.000000	0.000000	1.500000	-0.009688	-0.037875	0.000000	0.000000	0.000000	0.000000	0.000000	0.000000	0.000000	0.178389	-1.785190	0.032606	0.010482	0.023943	-0.752100	0.066076	0.012403	0.060306	-0.100186	1.197699	0.259429	0.150805	0.771519	0.332598	-0.305275	0.040040	0.091454	0.060306	0.148642	8.239338	
0.000000	0.000000	1.500000	-0.009688	-0.037875	0.000000	0.000000	0.000000	0.000000	0.000000	0.000000	0.000000	0.178389	-1.785190	0.032606	0.010482	0.023943	-0.752100	0.066076	0.012403	0.060306	-0.100186	1.197699	0.259429	0.150972	0.772011	0.332598	-0.305290	0.040040	0.091454	0.060306	0.148642	8.271562	
0.000000	0.000000	1.500000	-0.009688	-0.037875	0.000000	0.000000	0.000000	0.000000	0.000000	0.000000	0.000000	0.178389	-1.785190	0.032606	0.010482	0.023943	-0.752100	0.066076	0.012403	0.060306	-0.100186	1.197699	0.259429	0.151133	0.772487	0.332598	-0.305305	0.040040	0.091454	0.060306	0.148642	8.304854	
0.000000	0.000000	1.500000	-0.009688	-0.037875	0.000000	0.000000	0.000000	0.000000	0.000000	0.000000	0.000000	0.178389	-1.785190	0.032606	0.010482	0.023943	-0.752100	0.066076	0.012403	0.060306	-0.100186	1.197699	0.259429	0.151289	0.772946	0.332598	-0.305318	0.040040	0.091454	0.060306	0.148642	8.341442	
0.000000	0.000000	1.500000	-0.009688	-0.037875	0.000000	0.000000	0.000000	0.000000	0.000000	0.000000	0.000000	0.178389	-1.785190	0.032606	0.010482	0.023943	-0.752100	0.066076	0.012403	0.060306	-0.100186	1.197699	0.259429	0.151440	0.773390	0.332598	-0.305330	0.040040	0.091454	0.060306	0.148642	8.372816	
0.000000	0.000000	1.500000	-0.009688	-0.037875	0.000000	0.000000	0.000000	0.000000	0.000000	0.000000	0.000000	0.178389	-1.785190	0.032606	0.010482	0.023943	-0.752100	0.066076	0.012403	0.060306	-0.100186	1.197699	0.259429	0.151586	0.773819	0.332598	-0.305342	0.040040	0.091454	0.060306	0.148642	8.405543	
0.000000	0.000000	1.500000	-0.009688	-0.037875	0.000000	0.000000	0.000000	0.000000	0.000000	0.000000	0.000000	0.178389	-1.785190	0.032606	0.010482	0.023943	-0.752100	0.066076	0.012403	0.060306	-0.100186	1.197699	0.259429	0.151727	0.774234	0.332598	-0.305353	0.040040	0.091454	0.060306	0.148642	8.438630	
0.000000	0.000000	1.500000	-0.009688	-0.037875	0.000000	0.000000	0.000000	0.000000	0.000000	0.000000	0.000000	0.178389	-1.785190	0.032606	0.010482	0.023943	-0.752100	0.066076	0.012403	0.060306	-0.100186	1.197699	0.259429	0.151864	0.774634	0.332598	-0.305363	0.040040	0.091454	0.060306	0.148642	8.473908	
0.000000	0.000000	1.500000	-0.009688	-0.037875	0.000000	0.000000	0.000000	0.000000	0.000000	0.000000	0.000000	0.178389	-1.785190	0.032606	0.010482	0.023943	-0.752100	0.066076	0.012403	0.060306	-0.100186	1.197699	0.259429	0.151996	0.775021	0.332598	-0.305373	0.040040	0.091454	0.060306	0.148642	8.506312	
0.000000	0.000000	1.500000	-0.009688	-0.037875	0.000000	0.000000	0.000000	0.000000	0.000000	0.000000	0.000000	0.178389	-1.785190	0.032606	0.010482	0.023943	-0.752100	0.066076	0.012403	0.060306	-0.100186	1.197699	0.259429	0.152124	0.775395	0.332598	-0.305382	0.040040	0.091454	0.060306	0.148642	8.539440	
0.000000	0.000000	1.500000	-0.009688	-0.037875	0.000000	0.000000	0.000000	0.000000	0.000000	0.000000	0.000000	0.178389	-1.785190	0.032606	0.010482	0.023943	-0.752100	0.066076	0.012403	0.060306	-0.100186	1.197699	0.259429	0.152248	0.775756	0.332598	-0.305391	0.040040	0.091454	0.060306	0.148642	8.572997	
0.000000	0.000000	1.500000	-0.009688	-0.037875	0.000000	0.000000	0.000000	0.000000	0.000000	0.000000	0.000000	0.178389	-1.785190	0.032606	0.010482	0.023943	-0.752100	0.066076	0.012403	0.060306	-0.100186	1.197699	0.259429	0.152368	0.776105	0.332598	-0.305399	0.040040	0.091454	0.060306	0.148642	8.605230	
0.000000	0.000000	1.500000	-0.009688	-0.037875	0.000000	0.000000	0.000000	0.000000	0.000000	0.000000	0.000000	0.178389	-1.785190	0.032606	0.010482	0.023943	-0.752100	0.066076	0.012403	0.060306	-0.100186	1.197699	0.259429	0.152484	0.776442	0.332598	-0.305406	0.040040	0.091454	0.060306	0.148642	8.638869	
0.000000	0.000000	1.500000	-0.009688	-0.037875	0.000000	0.000000	0.000000	0.000000	0.000000	0.000000	0.000000	0.178389	-1.785190	0.032606	0.010482	0.023943	-0.752100	0.066076	0.012403	0.060306	-0.100186	1.197699	0.259429	0.152597	0.776768	0.332598	-0.305413	0.040040	0.091454	0.060306	0.148642	8.672937	
0.000000	0.000000	1.500000	-0.009688	-0.037875	0.000000	0.000000	0.000000	0.000000	0.000000	0.000000	0.000000	0.178389	-1.785190	0.032606	0.010482	0.023943	-0.752100	0.066076	0.012403	0.060306	-0.100186	1.197699	0.259429	0.152705	0.777084	0.332598	-0.305420	0.040040	0.091454	0.060306	0.148642	8.706752	
0.000000	0.000000	1.500000	-0.009688	-0.037875	0.000000	0.000000	0.000000	0.000000	0.000000	0.000000	0.000000	0.178389	-1.785190	0.032606	0.010482	0.023943	-0.752100	0.066076	0.012403	0.060306	-0.100186	1.197699	0.259429	0.152811	0.777388	0.332598	-0.305426	0.040040	0.091454	0.060306	0.148642	8.739035	
0.000000	0.000000	1.500000	-0.009688	-0.037875	0.000000	0.000000	0.000000	0.000000	0.000000	0.000000	0.000000	0.178389	-1.785190	0.032606	0.010482	0.023943	-0.752100	0.066076	0.012403	0.060306	-0.100186	1.197699	0.259429	0.152912	0.777683	0.332598	-0.305431	0.040040	0.091454	0.060306	0.148642	8.773364	
0.000000	0.000000	1.500000	-0.009688	-0.037875	0.000000	0.000000	0.000000	0.000000	0.000000	0.000000	0.000000	0.178389	-1.785190	0.032606	0.010482	0.023943	-0.752100	0.066076	0.012403	0.060306	-0.100186	1.197699	0.259429	0.153011	0.777967	0.332598	-0.305437	0.040040	0.091454	0.060306	0.148642	8.806281	
0.000000	0.000000	1.500000	-0.009688	-0.037875	0.000000	0.000000	0.000000	0.000000	0.000000	0.000000	0.000000	0.178389	-1.785190	0.032606	0.010482	0.023943	-0.752100	0.066076	0.012403	0.060306	-0.100186	1.197699	0.259429	0.153106	0.778242	0.332598	-0.305442	0.040040	0.091454	0.060306	0.148642	8.839042	
0.000000	0.000000	1.500000	-0.009688	-0.037875	0.000000	0.000000	0.000000	0.000000	0.000000	0.000000	0.000000	0.178389	-1.785190	0.032606	0.010482	0.023943	-0.752100	0.066076	0.012403	0.060306	-0.100186	1.197699	0.259429	0.153198	0.778508	0.332598	-0.305447	0.040040	0.091454	0.060306	0.148642	8.872119	
0.000000	0.000000	1.500000	-0.009688	-0.037875	0.000000	0.000000	0.000000	0.000000	0.000000	0.000000	0.000000	0.178389	-1.785190	0.032606	0.010482	0.023943	-0.752100	0.066076	0.012403	0.060306	-0.100186	1.197699	0.259429	0.153288	0.778765	0.332598	-0.305451	0.040040	0.091454	0.060306	0.148642	8.905119	
0.000000	0.000000	1.500000	-0.009688	-0.037875	0.000000	0.000000	0.000000	0.000000	0.000000	0.000000	0.000000	0.178389	-1.785190	0.032606	0.010482	0.023943	-0.752100	0.066076	0.012403	0.060306	-0.100186	1.197699	0.259429	0.153374	0.779014	0.332598	-0.305455	0.040040	0.091454	0.060306	0.148642	8.940105	
0.000000	0.000000	1.500000	-0.009688	-0.037875	0.000000	0.000000	0.000000	0.000000	0.000000	0.000000	0.000000	0.178389	-1.785190	0.032606	0.010482	0.023943	-0.752100	0.066076	0.012403	0.060306	-0.100186	1.197699	0.259429	0.153458	0.779254	0.332598	-0.305459	0.040040	0.091454	0.060306	0.148642	8.973434	
0.000000	0.000000	1.500000	-0.009688	-0.037875	0.000000	0.000000	0.000000	0.000000	0.000000	0.000000	0.000000	0.178389	-1.785190	0.032606	0.010482	0.023943	-0.752100	0.066076	0.012403	0.060306	-0.100186	1.197699	0.259429	0.153538	0.779487	0.332598	-0.305463	0.040040	0.091454	0.060306	0.148642	9.006356	
0.000000	0.000000	1.500000	-0.009688	-0.037875	0.000000	0.000000	0.000000	0.000000	0.000000	0.000000	0.000000	0.178389	-1.785190	0.032606	0.010482	0.023943	-0.752100	0.066076	0.012403	0.060306	-0.100186	1.197699	0.259429	0.153617	0.779711	0.332598	-0.305466	0.040040	0.091454	0.060306	0.148642	9.038277	
0.000000	0.000000	1.500000	-0.009688	-0.037875	0.000000	0.000000	0.000000	0.000000	0.000000	0.000000	0.000000	0.178389	-1.785190	0.032606	0.010482	0.023943	-0.752100	0.066076	0.012403	0.060306	-0.100186	1.197699	0.259429	0.153692	0.779929	0.332598	-0.305469	0.040040	0.091454	0.060306	0.148642	9.073303	
0.000000	0.000000	1.500000	-0.009688	-0.037875	0.000000	0.000000	0.000000	0.000000	0.000000	0.000000	0.000000	0.178389	-1.785190	0.032606	0.010482	0.023943	-0.752100	0.066076	0.012403	0.060306	-0.100186	1.197699	0.259429	0.153766	0.780139	0.332598	-0.305472	0.040040	0.091454	0.060306	0.148642	9.106603	
0.000000	0.000000	1.500000	-0.009688	-0.037875	0.000000	0.000000	0.000000	0.000000	0.000000	0.000000	0.000000	0.178389	-1.785190	0.032606	0.010482	0.023943	-0.752100	0.066076	0.012403	0.060306	-0.100186	1.197699	0.259429	0.153837	0.780342	0.332598	-0.305475	0.040040	0.091454	0.060306	0.148642	9.140062	
0.000000	0.000000	1.500000	-0.009688	-0.037875	0.000000	0.000000	0.000000	0.000000	0.000000	0.000000	0.000000	0.178389	-1.785190	0.032606	0.010482	0.023943	-0.752100	0.066076	0.012403	0.060306	-0.100186	1.197699	0.259429	0.153905	0.780538	0.332598	-0.305478	0.040040	0.091454	0.060306	0.148642	9.173846	
0.000000	0.000000	1.500000	-0.009688	-0.037875	0.000000	0.000000	0.000000	0.000000	0.000000	0.000000	0.000000	0.178389	-1.785190	0.032606	0.010482	0.023943	-0.752100	0.066076	0.012403	0.060306	-0.100186	1.197699	0.259429	0.153972	0.780728	0.332598	-0.305480	0.040040	0.091454	0.060306	0.148642	9.207116	
0.000000	0.000000	1.500000	-0.009688	-0.037875	0.000000	0.000000	0.000000	0.000000	0.000000	0.000000	0.000000	0.178389	-1.785190	0.032606	0.010482	0.023943	-0.752100	0.066076	0.012403	0.060306	-0.100186	1.197699	0.259429	0.154036	0.780912	0.332598	-0.305483	0.040040	0.091454	0.060306	0.148642	9.240808	
0.000000	0.000000	1.500000	-0.009688	-0.037875	0.000000	0.000000	0.000000	0.000000	0.000000	0.000000	0.000000	0.178389	-1.785190	0.032606	0.010482	0.023943	-0.752100	0.066076	0.012403	0.060306	-0.100186	1.197699	0.259429	0.154098	0.781089	0.332598	-0.305485	0.040040	0.091454	0.060306	0.148642	9.273780	
0.000000	0.000000	1.500000	-0.009688	-0.037875	0.000000	0.000000	0.000000	0.000000	0.000000	0.000000	0.000000	0.178389	-1.785190	0.032606	0.010482	0.023943	-0.752100	0.066076	0.012403	0.060306	-0.100186	1.197699	0.259429	0.154158	0.781261	0.332598	-0.305487	0.040040	0.091454	0.060306	0.148642	9.307214	
0.000000	0.000000	1.500000	-0.009688	-0.037875	0.000000	0.000000	0.000000	0.000000	0.000000	0.000000	0.000000	0.178389	-1.785190	0.032606	0.010482	0.023943	-0.752100	0.066076	0.012403	0.060306	-0.100186	1.197699	0.259429	0.154217	0.781427	0.332598	-0.305489	0.040040	0.091454	0.060306	0.148642	9.338760	
0.000000	0.000000	1.500000	-0.009688	-0.037875	0.000000	0.000000	0.000000	0.000000	0.000000	0.000000	0.000000	0.178389	-1.785190	0.032606	0.010482	0.023943	-0.752100	0.066076	0.012403	0.060306	-0.100186	1.197699	0.259429	0.154273	0.781588	0.332598	-0.305491	0.040040	0.091454	0.060306	0.148642	9.373705	
0.000000	0.000000	1.500000	-0.009688	-0.037875	0.000000	0.000000	0.000000	0.000000	0.000000	0.000000	0.000000	0.178389	-1.785190	0.032606	0.010482	0.023943	-0.752100	0.066076	0.012403	0.060306	-0.100186	1.197699	0.259429	0.154328	0.781743	0.332598	-0.305492	0.040040	0.091454	0.060306	0.148642	9.407363	
0.000000	0.000000	1.500000	-0.009688	-0.037875	0.000000	0.000000	0.000000	0.000000	0.000000	0.000000	0.000000	0.178389	-1.785190	0.032606	0.010482	0.023943	-0.752100	0.066076	0.012403	0.060306	-0.100186	1.197699	0.259429	0.154380	0.781893	0.332598	-0.305494	0.040040	0.091454	0.060306	0.148642	9.440520	
0.000000	0.000000	1.500000	-0.009688	-0.037875	0.000000	0.000000	0.000000	0.000000	0.000000	0.000000	0.000000	0.178389	-1.785190	0.032606	0.010482	0.023943	-0.752100	0.066076	0.012403	0.060306	-0.100186	1.197699	0.259429	0.154432	0.782039	0.332598	-0.305495	0.040040	0.091454	0.060306	0.148642	9.473471	
0.000000	0.000000	1.500000	-0.009688	-0.037875	0.000000	0.000000	0.000000	0.000000	0.000000	0.000000	0.000000	0.178389	-1.785190	0.032606	0.010482	0.023943	-0.752100	0.066076	0.012403	0.060306	-0.100186	1.197699	0.259429	0.154481	0.782179	0.332598	-0.305497	0.040040	0.091454	0.060306	0.148642	9.510692	
0.000000	0.000000	1.500000	-0.009688	-0.037875	0.000000	0.000000	0.000000	0.000000	0.000000	0.000000	0.000000	0.178389	-1.785190	0.032606	0.010482	0.023943	-0.752100	0.066076	0.012403	0.060306	-0.100186	1.197699	0.259429	0.154529	0.782315	0.332598	-0.305498	0.040040	0.091454	0.060306	0.148642	9.539306	
0.000000	0.000000	1.500000	-0.009688	-0.037875	0.000000	0.000000	0.000000	0.000000	0.000000	0.000000	0.000000	0.178389	-1.785190	0.032606	0.010482	0.023943	-0.752100	0.066076	0.012403	0.060306	-0.100186	1.197699	0.259429	0.154575	0.782447	0.332598	-0.305499	0.040040	0.091454	0.060306	0.148642	9.573289	
0.000000	0.000000	1.500000	-0.009688	-0.037875	0.000000	0.000000	0.000000	0.000000	0.000000	0.000000	0.000000	0.178389	-1.785190	0.032606	0.010482	0.023943	-0.752100	0.066076	0.012403	0.060306	-0.100186	1.197699	0.259429	0.154620	0.782574	0.332598	-0.305501	0.040040	0.091454	0.060306	0.148642	9.608229	
0.000000	0.000000	1.500000	-0.009688	-0.037875	0.000000	0.000000	0.000000	0.000000	0.000000	0.000000	0.000000	0.178389	-1.785190	0.032606	0.010482	0.023943	-0.752100	0.066076	0.012403	0.060306	-0.100186	1.197699	0.259429	0.154663	0.782697	0.332598	-0.305502	0.040040	0.091454	0.060306	0.148642	9.639668	
0.000000	0.000000	1.500000	-0.009688	-0.037875	0.000000	0.000000	0.000000	0.000000	0.000000	0.000000	0.000000	0.178389	-1.785190	0.032606	0.010482	0.023943	-0.752100	0.066076	0.012403	0.060306	-0.100186	1.197699	0.259429	0.154705	0.782816	0.332598	-0.305503	0.040040	0.091454	0.060306	0.148642	9.676084	
0.000000	0.000000	1.500000	-0.009688	-0.037875	0.000000	0.000000	0.000000	0.000000	0.000000	0.000000	0.000000	0.178389	-1.785190	0.032606	0.010482	0.023943	-0.752100	0.066076	0.012403	0.060306	-0.100186	1.197699	0.259429	0.154746	0.782931	0.332598	-0.305504	0.040040	0.091454	0.060306	0.148642	9.707590	
0.000000	0.000000	1.500000	-0.009688	-0.037875	0.000000	0.000000	0.000000	0.000000	0.000000	0.000000	0.000000	0.178389	-1.785190	0.032606	0.010482	0.023943	-0.752100	0.066076	0.012403	0.060306	-0.100186	1.197699	0.259429	0.154785	0.783042	0.332598	-0.305504	0.040040	0.091454	0.060306	0.148642	9.740626	
0.000000	0.000000	1.500000	-0.009688	-0.037875	0.000000	0.000000	0.000000	0.000000	0.000000	0.000000	0.000000	0.178389	-1.785190	0.032606	0.010482	0.023943	-0.752100	0.066076	0.012403	0.060306	-0.100186	1.197699	0.259429	0.154823	0.783150	0.332598	-0.305505	0.040040	0.091454	0.060306	0.148642	9.773003	
0.000000	0.000000	1.500000	-0.009688	-0.037875	0.000000	0.000000	0.000000	0.000000	0.000000	0.000000	0.000000	0.178389	-1.785190	0.032606	0.010482	0.023943	-0.752100	0.066076	0.012403	0.060306	-0.100186	1.197699	0.259429	0.154860	0.783254	0.332598	-0.305506	0.040040	0.091454	0.060306	0.148642	9.805961	
0.000000	0.000000	1.500000	-0.009688	-0.037875	0.000000	0.000000	0.000000	0.000000	0.000000	0.000000	0.000000	0.178389	-1.785190	0.032606	0.010482	0.023943	-0.752100	0.066076	0.012403	0.060306	-0.100186	1.197699	0.259429	0.154896	0.783355	0.332598	-0.305507	0.040040	0.091454	0.060306	0.148642	9.840925	
0.000000	0.000000	1.500000	-0.009688	-0.037875	0.000000	0.000000	0.000000	0.000000	0.000000	0.000000	0.000000	0.178389	-1.785190	0.032606	0.010482	0.023943	-0.752100	0.066076	0.012403	0.060306	-0.100186	1.197699	0.259429	0.154930	0.783452	0.332598	-0.305507	0.040040	0.091454	0.060306	0.148642	9.872862	
0.000000	0.000000	1.500000	-0.009688	-0.037875	0.000000	0.000000	0.000000	0.000000	0.000000	0.000000	0.000000	0.178389	-1.785190	0.032606	0.010482	0.023943	-0.752100	0.066076	0.012403	0.060306	-0.100186	1.197699	0.259429	0.154964	0.783547	0.332598	-0.305508	0.040040	0.091454	0.060306	0.148642	9.908224	
0.000000	0.000000	1.500000	-0.009688	-0.037875	0.000000	0.000000	0.000000	0.000000	0.000000	0.000000	0.000000	0.178389	-1.785190	0.032606	0.010482	0.023943	-0.752100	0.066076	0.012403	0.060306	-0.100186	1.197699	0.259429	0.154996	0.783638	0.332598	-0.305509	0.040040	0.091454	0.060306	0.148642	9.939819	
0.000000	0.000000	1.500000	-0.009688	-0.037875	0.000000	0.000000	0.000000	0.000000	0.000000	0.000000	0.000000	0.178389	-1.785190	0.032606	0.010482	0.023943	-0.752100	0.066076	0.012403	0.060306	-0.100186	1.197699	0.259429	0.155027	0.783726	0.332598	-0.305509	0.040040	0.091454	0.060306	0.148642	9.974321	
0.000000	0.000000	1.500000	-0.009688	-0.037875	0.000000	0.000000	0.000000	0.000000	0.000000	0.000000	0.000000	0.178389	-1.785190	0.032606	0.010482	0.023943	-0.752100	0.066076	0.012403	0.060306	-0.100186	1.197699	0.259429	0.155057	0.783812	0.332598	-0.305510	0.040040	0.091454	0.060306	0.148642	10.008261	
0.000000	0.000000	1.500000	-0.009688	-0.037875	0.000000	0.000000	0.000000	0.000000	0.000000	0.000000	0.000000	0.178389	-1.785190	0.032606	0.010482	0.023943	-0.752100	0.066076	0.012403	0.060306	-0.100186	1.197699	0.259429	0.155087	0.783894	0.332598	-0.305510	0.040040	0.091454	0.060306	0.148642	10.039648	
0.000000	0.000000	1.500000	-0.009688	-0.037875	0.000000	0.000000	0.000000	0.000000	0.000000	0.000000	0.000000	0.178389	-1.785190	0.032606	0.010482	0.023943	-0.752100	0.066076	0.012403	0.060306	-0.100186	1.197699	0.259429	0.155115	0.783974	0.332598	-0.305511	0.040040	0.091454	0.060306	0.148642	10.073094	
0.000000	0.000000	1.500000	-0.009688	-0.037875	0.000000	0.000000	0.000000	0.000000	0.000000	0.000000	0.000000	0.178389	-1.785190	0.032606	0.010482	0.023943	-0.752100	0.066076	0.012403	0.060306	-0.100186	1.197699	0.259429	0.155142	0.784051	0.332598	-0.305511	0.040040	0.091454	0.060306	0.148642	10.107586	
0.000000	0.000000	1.500000	-0.009688	-0.037875	0.000000	0.000000	0.000000	0.000000	0.000000	0.000000	0.000000	0.178389	-1.785190	0.032606	0.010482	0.023943	-0.752100	0.066076	0.012403	0.060306	-0.100186	1.197699	0.259429	0.155169	0.784126	0.332598	-0.305512	0.040040	0.091454	0.060306	0.148642	10.144188	
0.000000	0.000000	1.500000	-0.009688	-0.037875	0.000000	0.000000	0.000000	0.000000	0.000000	0.000000	0.000000	0.178389	-1.785190	0.032606	0.010482	0.023943	-0.752100	0.066076	0.012403	0.060306	-0.100186	1.197699	0.259429	0.155194	0.784198	0.332598	-0.305512	0.040040	0.091454	0.060306	0.148642	10.175025	
0.000000	0.000000	1.500000	-0.009688	-0.037875	0.000000	0.000000	0.000000	0.000000	0.000000	0.000000	0.000000	0.178389	-1.785190	0.032606	0.010482	0.023943	-0.752100	0.066076	0.012403	0.060306	-0.100186	1.197699	0.259429	0.155219	0.784268	0.332598	-0.305512	0.040040	0.091454	0.060306	0.148642	10.208487	
0.000000	0.000000	1.500000	-0.009688	-0.037875	0.000000	0.000000	0.000000	0.000000	0.000000	0.000000	0.000000	0.178389	-1.785190	0.032606	0.010482	0.023943	-0.752100	0.066076	0.012403	0.060306	-0.100186	1.197699	0.259429	0.155243	0.784336	0.332598	-0.305513	0.040040	0.091454	0.060306	0.148642	10.240654	
0.000000	0.000000	1.500000	-0.009688	-0.037875	0.000000	0.000000	0.000000	0.000000	0.000000	0.000000	0.000000	0.178389	-1.785190	0.032606	0.010482	0.023943	-0.752100	0.066076	0.012403	0.060306	-0.100186	1.197699	0.259429	0.155267	0.784402	0.332598	-0.305513	0.040040	0.091454	0.060306	0.148642	10.273454	
0.000000	0.000000	1.500000	-0.009688	-0.037875	0.000000	0.000000	0.000000	0.000000	0.000000	0.000000	0.000000	0.178389	-1.785190	0.032606	0.010482	0.023943	-0.752100	0.066076	0.012403	0.060306	-0.100186	1.197699	0.259429	0.155289	0.784465	0.332598	-0.305513	0.040040	0.091454	0.060306	0.148642	10.306741	
0.000000	0.000000	1.500000	-0.009688	-0.037875	0.000000	0.000000	0.000000	0.000000	0.000000	0.000000	0.000000	0.178389	-1.785190	0.032606	0.010482	0.023943	-0.752100	0.066076	0.012403	0.060306	-0.100186	1.197699	0.259429	0.155311	0.784526	0.332598	-0.305514	0.040040	0.091454	0.060306	0.148642	10.342400	
0.000000	0.000000	1.500000	-0.009688	-0.037875	0.000000	0.000000	0.000000	0.000000	0.000000	0.000000	0.000000	0.178389	-1.785190	0.032606	0.010482	0.023943	-0.752100	0.066076	0.012403	0.060306	-0.100186	1.197699	0.259429	0.155332	0.784586	0.332598	-0.305514	0.040040	0.091454	0.060306	0.148642	10.376298	
0.000000	0.000000	1.500000	-0.009688	-0.037875	0.000000	0.000000	0.000000	0.000000	0.000000	0.000000	0.000000	0.178389	-1.785190	0.032606	0.010482	0.023943	-0.752100	0.066076	0.012403	0.060306	-0.100186	1.197699	0.259429	0.155352	0.784643	0.332598	-0.305514	0.040040	0.091454	0.060306	0.148642	10.408064	
0.000000	0.000000	1.500000	-0.009688	-0.037875	0.000000	0.000000	0.000000	0.000000	0.000000	0.000000	0.000000	0.178389	-1.785190	0.032606	0.010482	0.023943	-0.752100	0.066076	0.012403	0.060306	-0.100186	1.197699	0.259429	0.155372	0.784699	0.332598	-0.305514	0.040040	0.091454	0.060306	0.148642	10.444025	
0.000000	0.000000	1.500000	-0.009688	-0.037875	0.000000	0.000000	0.000000	0.000000	0.000000	0.000000	0.000000	0.178389	-1.785190	0.032606	0.010482	0.023943	-0.752100	0.066076	0.012403	0.060306	-0.100186	1.197699	0.259429	0.155391	0.784752	0.332598	-0.305515	0.040040	0.091454	0.060306	0.148642	10.473935	
0.000000	0.000000	1.500000	-0.009688	-0.037875	0.000000	0.000000	0.000000	0.000000	0.000000	0.000000	0.000000	0.178389	-1.785190	0.032606	0.010482	0.023943	-0.752100	0.066076	0.012403	0.060306	-0.100186	1.197699	0.259429	0.155410	0.784804	0.332598	-0.305515	0.040040	0.091454	0.060306	0.148642	10.508028	
0.000000	0.000000	1.500000	-0.009688	-0.037875	0.000000	0.000000	0.000000	0.000000	0.000000	0.000000	0.000000	0.178389	-1.785190	0.032606	0.010482	0.023943	-0.752100	0.066076	0.012403	0.060306	-0.100186	1.197699	0.259429	0.155427	0.784855	0.332598	-0.305515	0.040040	0.091454	0.060306	0.148642	10.544417	
0.000000	0.000000	1.500000	-0.009688	-0.037875	0.000000	0.000000	0.000000	0.000000	0.000000	0.000000	0.000000	0.178389	-1.785190	0.032606	0.010482	0.023943	-0.752100	0.066076	0.012403	0.060306	-0.100186	1.197699	0.259429	0.155445	0.784903	0.332598	-0.305515	0.040040	0.091454	0.060306	0.148642	10.576855	
0.000000	0.000000	1.500000	-0.009688	-0.037875	0.000000	0.000000	0.000000	0.000000	0.000000	0.000000	0.000000	0.178389	-1.785190	0.032606	0.010482	0.023943	-0.752100	0.066076	0.012403	0.060306	-0.100186	1.197699	0.259429	0.155462	0.784950	0.332598	-0.305515	0.040040	0.091454	0.060306	0.148642	10.611037	
0.000000	0.000000	1.500000	-0.009688	-0.037875	0.000000	0.000000	0.000000	0.000000	0.000000	0.000000	0.000000	0.178389	-1.785190	0.032606	0.010482	0.023943	-0.752100	0.066076	0.012403	0.060306	-0.100186	1.197699	0.259429	0.155478	0.784996	0.332598	-0.305515	0.040040	0.091454	0.060306	0.148642	10.644680	
0.000000	0.000000	1.500000	-0.009688	-0.037875	0.000000	0.000000	0.000000	0.000000	0.000000	0.000000	0.000000	0.178389	-1.785190	0.032606	0.010482	0.023943	-0.752100	0.066076	0.012403	0.060306	-0.100186	1.197699	0.259429	0.155493	0.785040	0.332598	-0.305516	0.040040	0.091454	0.060306	0.148642	10.679075	
